85
65
59
40
77
75
73
102
168
79
54
50
48
55
76
64
69
73
163
137
60
84
84
78
79
91
83
76
65
70
77
70
60
73
84
92
84
79
73
58
87
80
96
117
179
205
220
220
222
211
93
111
214
84
35
111
92
65
54
55
116
79
115
103
90
86
113
92
80
77
87
96
78
69
53
78
61
71
76
110
133
106
84
45
61
60
58
88
217
120
148
234
224
240
161
65
151
83
80
75
90
126
202
237
123
173
131
88
121
221
98
64
155
94
30
75
129
69
101
222
208
154
234
95
163
174
130
59
188
194
72
82
149
53
159
62
118
102
39
49
61
80
59
81
101
82
74
60
64
69
78
81
58
90
58
48
53
57
184
149
71
68
68
122
107
82
87
98
64
61
119
114
48
67
35
46
38
71
57
66
78
78
74
59
57
53
62
69
56
89
118
142
226
112
146
54
126
193
242
143
201
232
230
232
232
237
241
241
243
244
245
246
246
250
249
249
247
247
246
242
239
239
239
237
237
237
236
236
236
236
235
235
235
234
233
233
233
232
232
231
230
230
230
231
230
230
230
231
233
234
235
236
235
234
234
234
234
235
234
234
232
232
237
227
150
176
163
68
87
86
178
240
136
123
121
97
120
245
141
179
240
158
209
219
222
193
105
89
199
232
129
93
78
85
164
143
129
91
94
66
85
87
47
145
129
78
85
129
121
85
75
66
71
72
41
26
134
234
122
114
199
202
237
220
220
228
233
239
214
164
84
87
79
74
83
73
80
80
90
58
42
38
43
49
48
46
58
50
85
224
133
41
105
47
74
72
125
172
68
55
42
72
50
24
114
109
95
47
55
39
46
73
77
65
147
208
200
237
183
202
227
222
214
207
58
46
42
195
200
108
98
74
45
87
77
195
135
135
185
185
75
206
231
165
137
91
141
96
65
67
79
80
53
62
193
217
77
61
99
146
65
75
131
110
122
59
49
57
52
53
65
120
101
147
122
116
101
83
75
97
70
85
68
61
66
81
67
67
76
69
67
72
77
100
119
104
79
63
78
81
77
131
113
127
158
130
86
78
86
115
79
61
77
84
75
132
124
196
186
178
165
85
101
90
89
82
95
82
81
72
127
74
41
54
79
78
94
79
81
68
60
80
73
176
246
150
194
227
224
230
197
123
210
109
74
105
194
178
197
126
199
128
127
184
122
106
53
79
169
114
82
87
156
83
190
172
197
171
225
109
162
193
195
94
163
115
128
132
117
82
82
49
91
129
38
60
64
69
69
67
61
86
75
81
98
80
76
56
52
69
68
88
48
56
210
204
80
89
88
85
55
83
94
89
85
50
42
36
52
45
25
44
34
109
70
58
69
70
64
83
69
63
64
54
85
62
173
124
143
225
223
171
148
228
226
166
234
231
233
232
234
237
240
241
243
244
245
247
247
249
248
248
247
247
246
243
239
238
238
235
236
236
236
235
235
235
234
234
234
233
232
232
232
231
231
231
231
230
231
231
231
231
230
231
233
233
234
235
235
235
235
235
235
236
235
233
237
237
241
209
196
217
180
123
111
77
130
225
124
126
116
88
195
212
164
191
186
178
244
220
156
156
90
120
140
184
165
90
64
181
178
163
98
61
58
62
81
97
116
121
73
67
129
78
58
66
68
177
45
69
60
47
52
231
150
67
188
101
214
231
232
224
222
222
225
232
173
106
90
58
147
119
56
82
78
62
53
75
63
63
52
60
77
78
114
241
129
62
97
88
82
115
73
152
25
15
29
51
44
50
190
120
80
57
34
40
48
78
76
114
213
206
236
200
188
229
237
228
234
187
140
157
199
141
74
54
48
44
93
157
181
221
139
198
184
231
197
157
197
174
102
110
50
72
65
60
59
70
59
160
188
148
79
65
75
155
155
102
93
67
100
113
86
72
57
81
114
95
106
138
65
68
84
79
71
88
71
83
78
72
63
61
68
74
67
58
73
73
101
147
120
124
102
58
72
79
73
172
124
88
91
99
99
143
161
211
171
97
151
131
187
148
93
228
231
185
190
157
104
94
71
52
77
78
68
69
110
64
42
63
78
64
95
87
72
81
90
57
76
185
148
158
205
230
224
223
233
178
199
136
79
129
102
86
138
162
225
174
121
103
112
144
105
92
90
103
151
121
124
89
117
221
194
141
210
120
112
142
215
110
133
101
142
73
85
63
52
70
55
83
47
72
91
65
58
53
46
71
71
66
85
72
86
60
67
71
78
73
63
64
159
202
95
112
96
80
51
81
70
60
71
43
34
40
48
30
27
44
63
64
71
63
56
72
72
65
55
42
45
41
59
74
205
177
171
246
220
194
120
153
123
195
237
229
233
234
236
239
241
241
243
244
245
247
248
247
246
246
245
245
245
242
239
237
237
234
235
235
235
234
233
233
233
232
232
232
231
231
231
230
230
230
230
230
231
231
231
231
231
231
233
233
233
235
235
235
235
235
235
236
236
236
236
235
241
231
170
156
122
110
94
75
103
103
77
90
96
134
158
90
224
221
221
223
175
184
170
109
77
121
143
151
176
109
76
164
106
135
109
195
119
74
82
70
63
82
61
84
88
55
76
100
65
83
46
73
68
53
92
150
196
158
157
102
99
133
164
220
219
230
228
234
164
96
90
67
143
120
45
87
60
56
52
71
87
76
51
86
72
160
80
112
101
183
85
82
81
68
64
114
23
29
39
44
58
154
191
83
41
64
39
53
58
47
178
217
219
203
229
167
222
227
173
200
209
99
97
201
197
192
138
57
48
69
192
225
234
192
185
184
208
223
183
97
192
224
152
83
60
58
63
58
40
70
109
167
90
108
74
80
71
94
112
132
77
54
104
178
92
74
62
129
132
80
97
90
69
92
99
70
65
78
71
87
99
80
59
63
70
66
52
55
74
87
123
113
95
113
93
90
81
78
109
178
119
90
73
124
123
127
187
240
190
143
151
116
187
67
114
227
230
201
178
117
78
131
101
45
70
75
58
61
70
48
45
53
62
70
104
98
63
70
86
66
64
104
158
206
198
233
223
224
226
193
181
202
82
79
69
74
118
120
144
209
141
119
156
164
190
132
74
128
188
93
68
70
142
183
181
106
177
122
80
129
158
80
114
173
126
50
148
74
66
101
83
68
66
71
87
58
50
62
47
58
59
71
61
52
73
82
72
65
58
59
54
44
105
143
86
90
102
81
71
65
48
61
63
45
51
48
45
86
53
45
79
120
77
81
76
71
61
77
55
42
45
50
74
144
229
232
219
242
180
119
118
115
111
168
236
230
233
236
237
242
242
242
244
245
246
246
247
245
245
244
243
243
243
241
239
238
237
234
234
234
235
234
233
232
233
231
231
231
230
231
230
230
230
230
230
229
230
230
230
230
231
231
233
233
234
235
236
234
235
235
236
236
237
238
236
237
243
216
174
205
149
94
93
102
86
122
88
78
89
98
89
89
176
237
203
187
141
198
174
100
112
88
103
98
97
73
60
85
80
92
105
200
164
87
74
63
53
87
89
92
69
68
96
107
54
45
70
86
85
63
98
96
192
168
115
97
67
113
97
205
222
213
215
209
98
110
131
74
94
87
81
76
72
75
68
77
85
56
57
67
40
132
45
49
72
137
66
133
73
61
69
72
33
46
52
42
71
162
93
79
52
70
59
91
82
100
223
232
204
203
171
212
238
229
100
92
115
66
61
138
155
229
218
183
124
154
240
237
172
203
204
168
234
224
152
96
217
191
124
155
180
73
56
56
88
146
188
133
61
81
58
69
63
50
59
110
67
64
86
135
71
90
53
100
83
123
99
61
67
83
80
63
58
70
68
88
102
89
60
52
74
61
49
68
90
79
101
96
101
103
101
105
98
115
132
144
130
109
91
109
94
76
131
227
174
177
181
164
177
57
104
214
225
215
205
108
80
132
98
65
71
66
51
64
58
42
46
36
57
85
83
77
62
61
60
55
54
46
168
236
211
229
222
224
214
202
180
199
61
57
81
78
117
98
69
174
194
122
125
184
198
95
89
95
130
96
94
66
205
168
119
72
120
84
73
111
121
79
104
206
106
69
146
80
75
79
76
65
72
85
77
57
55
75
56
46
53
71
54
44
52
85
85
56
71
72
55
63
86
95
89
66
85
76
64
59
51
65
49
49
61
56
137
105
70
54
79
187
81
97
87
73
64
56
55
54
61
65
77
172
238
236
230
231
136
82
111
109
122
127
229
234
234
234
240
242
242
243
244
246
246
245
246
244
243
242
242
242
242
241
240
238
237
234
233
233
233
232
231
231
231
231
230
231
230
230
230
230
230
230
230
229
230
230
230
230
230
231
233
232
233
234
235
234
234
235
235
235
237
237
236
236
244
219
213
228
124
111
171
124
60
160
103
101
85
75
73
104
109
222
212
171
180
202
194
138
121
81
74
68
64
64
46
54
84
70
79
124
125
79
61
69
80
96
83
79
65
71
98
90
49
41
81
83
78
67
98
80
123
104
83
75
66
104
115
215
237
128
121
152
80
75
97
61
71
73
89
67
102
112
108
82
85
60
60
72
146
127
100
65
53
85
108
154
62
91
72
76
44
48
56
83
77
98
66
82
139
56
52
80
95
175
223
220
220
145
167
214
210
169
57
65
68
52
44
79
96
129
179
237
202
219
218
162
105
220
173
201
202
195
100
79
142
94
103
161
160
68
74
87
158
158
228
123
47
88
48
61
61
45
51
72
61
73
68
70
74
102
56
81
73
177
97
54
66
78
70
65
53
64
59
69
81
91
73
54
76
69
65
88
101
64
82
102
106
96
98
98
92
105
103
98
130
113
100
91
75
68
140
204
133
167
219
218
159
106
81
189
224
223
229
111
119
108
71
70
67
57
49
69
53
40
40
23
62
94
68
72
71
59
60
57
53
41
114
159
196
229
230
226
220
179
178
169
53
62
146
121
118
94
69
103
155
110
90
205
167
97
110
57
54
115
127
68
233
134
125
85
68
46
75
88
98
79
123
199
85
105
121
69
80
54
52
66
83
77
64
52
56
66
49
46
51
51
60
46
44
62
70
51
83
65
56
71
90
99
90
56
58
58
55
71
66
59
48
52
73
75
174
73
130
77
105
137
98
102
86
86
73
40
46
81
131
62
75
152
234
223
228
217
122
81
76
92
104
99
204
235
234
234
240
240
242
244
245
246
245
245
245
243
241
242
241
241
241
240
239
237
236
234
233
232
232
231
230
230
230
230
230
230
230
230
230
229
230
230
230
229
230
230
230
230
230
231
233
232
233
234
234
234
234
234
235
234
236
237
236
235
241
237
237
213
153
186
240
150
60
164
128
81
74
81
102
109
94
218
237
211
214
219
231
164
101
105
88
71
70
64
64
64
80
86
106
73
86
66
58
71
99
86
74
69
62
71
101
72
72
74
71
88
76
109
117
107
122
81
77
70
74
79
157
231
240
89
59
100
72
103
116
95
69
91
99
71
93
103
97
99
87
71
57
118
231
101
175
121
38
126
149
149
63
153
112
63
44
48
60
104
74
104
133
105
205
44
45
46
87
204
216
221
187
116
202
202
211
173
93
54
59
76
76
67
50
49
111
204
218
225
200
105
131
179
88
217
136
126
54
66
87
51
70
82
78
58
124
164
122
123
229
153
103
167
49
67
68
61
65
67
59
69
67
54
91
117
65
92
119
194
82
59
74
88
86
73
58
62
58
57
79
89
96
93
75
75
76
93
92
62
93
100
86
87
80
82
76
63
62
81
101
101
93
98
88
93
183
160
95
118
197
182
104
109
82
145
207
229
219
100
161
122
65
66
61
52
51
61
56
51
47
31
65
93
74
85
75
52
62
73
52
50
56
53
125
198
202
195
194
112
156
164
76
77
217
168
99
78
138
89
66
117
91
180
145
135
107
61
30
91
104
64
170
93
198
124
52
41
79
94
88
52
149
159
72
121
114
65
79
55
49
60
74
52
60
55
59
54
40
53
51
44
61
52
44
40
39
53
67
45
51
57
104
112
65
55
50
41
58
70
61
50
60
55
78
74
99
49
149
92
142
54
105
89
73
78
64
56
49
92
139
46
89
169
230
224
232
183
110
73
52
74
91
90
188
237
233
239
239
239
243
244
245
246
245
243
243
242
241
241
241
241
240
240
239
237
236
234
233
231
231
231
230
230
230
230
229
229
229
229
229
229
230
230
230
229
230
230
230
230
230
230
232
232
232
234
234
234
233
234
235
234
235
237
236
237
238
241
233
221
239
253
216
137
81
158
122
46
69
80
123
121
121
216
236
241
222
245
219
159
92
114
88
85
122
85
86
88
65
135
172
90
93
61
55
78
100
79
83
70
61
72
88
59
87
107
60
102
98
139
116
175
160
110
100
74
82
96
188
209
190
130
116
104
99
177
183
134
104
84
105
75
67
81
62
109
85
65
64
132
159
40
145
135
30
197
128
148
69
192
179
87
81
58
66
81
75
160
167
144
176
37
60
57
78
196
221
209
134
172
219
218
222
188
152
82
111
157
151
102
90
56
113
139
202
213
212
136
181
141
52
200
114
69
53
72
100
68
71
88
46
56
154
205
34
111
226
203
197
234
52
71
71
73
77
77
53
60
62
52
86
146
66
65
122
174
85
74
68
68
78
72
61
60
68
82
107
89
103
123
71
62
66
78
86
66
100
84
68
77
81
66
74
68
80
125
78
86
87
88
85
103
141
98
93
81
118
97
60
64
80
98
166
228
216
133
160
162
80
75
63
56
54
48
77
84
80
70
77
83
76
77
56
38
33
56
52
54
53
37
60
126
123
128
116
61
117
158
107
88
185
127
61
85
173
120
64
106
77
115
118
89
66
65
38
52
78
64
63
139
189
116
61
57
80
111
100
39
153
104
75
109
77
71
62
50
52
48
53
59
72
79
77
61
48
54
56
63
48
55
50
47
48
60
56
58
57
65
104
77
38
59
55
37
55
55
40
43
55
59
62
51
59
61
60
80
126
64
77
62
47
43
52
65
60
64
30
41
110
216
226
220
221
114
73
72
76
68
105
130
213
240
235
241
241
240
243
244
245
245
244
242
242
241
239
241
241
240
240
239
238
236
236
234
232
230
230
229
229
229
229
229
228
228
228
228
229
229
229
230
229
229
229
229
229
229
229
230
231
231
232
233
234
234
232
234
235
234
234
234
235
236
234
235
232
243
243
248
174
90
95
133
93
63
79
75
112
110
122
175
223
230
240
234
158
177
103
95
87
124
219
170
110
121
58
169
151
118
96
73
47
95
98
86
80
67
61
62
54
58
71
93
61
109
108
89
72
196
117
149
148
108
110
176
220
141
96
130
163
134
169
134
140
100
161
41
63
76
91
103
71
86
80
60
82
77
48
29
46
76
35
189
89
149
59
166
206
201
157
100
76
69
87
173
139
178
112
58
99
122
112
198
228
160
161
230
218
224
197
126
175
205
219
231
200
140
200
57
131
88
204
218
185
155
136
176
149
204
127
69
75
61
94
94
171
190
23
53
123
150
71
112
225
233
221
218
61
86
76
57
58
60
69
78
63
61
82
118
86
58
72
128
114
77
76
77
61
53
43
57
61
100
90
79
70
90
74
55
69
75
82
68
81
44
61
58
70
68
64
55
129
175
75
65
66
66
80
84
90
58
78
74
41
55
67
63
59
83
116
220
203
185
110
139
94
80
68
68
55
52
61
94
95
96
108
65
85
82
36
36
33
36
66
65
85
49
72
106
100
124
70
78
83
138
147
48
82
56
71
107
73
72
87
73
93
82
87
53
48
56
54
62
85
65
85
173
89
73
58
71
73
84
84
66
166
116
79
123
59
61
53
49
61
61
115
88
70
90
86
63
45
58
62
64
54
46
75
77
75
64
52
68
68
68
54
40
43
61
51
43
53
70
54
48
48
62
59
67
97
66
64
67
72
70
53
40
38
44
57
55
43
60
55
49
123
156
184
185
172
56
71
89
97
39
127
232
243
237
242
238
241
242
244
244
245
245
243
242
242
240
238
240
240
239
239
238
238
236
237
234
232
230
229
228
228
228
228
228
227
228
228
228
228
229
229
230
229
228
229
228
228
228
228
229
230
231
232
232
232
233
232
233
234
233
233
234
233
233
235
238
238
238
233
239
227
147
124
84
183
65
81
83
91
89
66
126
212
233
231
216
151
221
115
123
204
202
202
237
196
137
71
110
35
64
73
96
72
96
100
77
68
65
55
63
58
70
84
102
58
136
84
64
58
96
79
218
188
209
226
234
193
74
42
49
64
97
115
23
54
81
120
61
30
96
129
101
63
67
64
63
77
40
32
44
50
51
41
87
93
166
53
152
180
231
152
182
100
81
91
206
190
224
94
166
157
170
190
213
191
102
201
215
213
213
214
204
228
225
219
221
191
124
216
89
90
130
177
174
89
50
50
204
231
184
84
92
82
52
107
155
198
133
24
66
87
116
206
100
215
217
218
220
58
71
64
42
65
63
118
123
86
66
62
47
60
63
63
44
51
78
93
89
62
70
56
61
58
89
72
69
67
78
102
78
76
76
66
71
53
54
69
96
42
54
63
72
111
93
77
72
53
82
85
39
22
35
17
78
110
78
86
95
56
75
89
191
77
195
177
84
79
89
67
58
61
59
21
50
63
89
108
79
101
85
56
57
54
62
68
70
98
57
104
112
126
153
83
106
71
109
146
72
84
73
82
89
77
127
164
91
75
71
77
55
53
54
60
61
43
47
74
56
64
85
78
67
79
77
87
80
130
42
92
151
94
61
59
58
81
69
109
133
81
36
52
62
65
73
48
84
167
95
118
75
67
71
56
45
53
57
61
59
60
49
44
55
39
41
60
62
54
59
54
64
56
50
88
89
80
55
53
48
38
44
37
42
35
68
150
44
33
63
67
107
91
93
60
69
85
55
193
246
236
241
241
242
244
243
243
244
244
243
243
242
239
240
240
239
239
239
238
238
238
236
236
235
232
230
230
229
228
227
227
228
227
227
227
228
228
228
229
229
229
229
228
227
227
229
228
228
229
230
230
231
231
230
230
231
232
233
234
234
233
234
234
237
235
237
237
229
232
145
110
66
176
72
67
75
58
151
150
95
156
180
138
211
149
143
131
246
202
100
108
165
205
86
97
35
66
72
59
43
107
88
82
83
80
81
59
60
56
46
69
77
72
108
102
90
153
149
94
198
133
166
224
181
101
53
60
59
93
87
85
56
62
65
64
68
23
69
81
75
80
57
58
66
56
53
43
49
55
66
49
24
69
164
70
181
153
220
139
183
120
134
61
211
232
204
39
196
114
78
178
159
107
93
220
217
225
226
228
232
219
218
225
233
209
230
158
225
202
173
102
40
85
76
90
212
115
57
56
53
154
118
120
107
50
49
77
75
119
226
194
98
231
219
216
218
63
57
58
58
41
39
63
54
55
52
58
92
79
76
94
81
69
88
75
80
66
85
73
52
78
90
93
79
77
74
74
70
90
80
55
51
52
84
86
59
85
55
37
49
59
95
114
91
66
106
189
116
58
97
169
176
115
59
91
90
80
85
153
152
105
176
144
101
79
86
55
49
67
49
25
84
80
95
76
90
62
67
79
59
78
90
71
63
77
85
83
114
196
225
101
103
109
108
82
89
95
81
105
85
39
92
91
86
84
77
87
71
75
72
69
73
65
74
79
79
76
57
69
76
70
71
65
45
44
65
97
144
75
89
87
96
80
74
72
79
70
67
57
69
71
67
69
125
206
95
143
139
81
37
53
47
44
53
47
58
62
38
45
46
40
42
70
73
53
64
58
64
48
73
89
72
41
57
49
32
48
55
41
40
39
110
205
70
40
91
89
78
89
53
58
116
132
102
243
246
242
243
239
244
241
244
243
243
243
242
242
241
239
239
239
238
238
238
238
238
237
236
236
236
233
231
229
229
229
228
227
228
227
227
227
227
228
228
229
228
229
228
228
227
227
228
228
228
229
229
230
230
230
229
229
230
232
232
232
234
234
234
234
237
237
232
225
227
212
139
98
76
37
73
76
66
58
189
230
125
66
132
86
215
164
194
233
221
157
134
84
99
158
86
135
68
56
81
76
57
87
74
71
85
89
75
44
54
75
65
68
61
58
143
145
69
116
120
68
66
96
52
134
91
41
162
232
59
68
65
86
67
86
77
65
60
33
54
71
62
51
38
56
55
57
66
70
51
45
60
37
85
125
149
51
99
92
229
129
186
247
230
173
232
232
135
21
74
52
20
7
23
76
109
213
215
218
221
219
219
220
240
203
184
236
204
192
239
229
206
238
233
131
78
65
107
46
77
63
50
148
91
73
137
201
90
60
59
84
201
207
226
225
218
219
216
61
59
43
56
37
36
63
67
98
77
85
99
84
75
62
101
95
88
87
85
68
68
67
63
81
81
81
78
65
63
67
63
70
70
56
43
64
77
70
40
64
68
51
78
115
108
114
138
80
140
114
76
69
100
166
160
102
81
62
99
125
125
179
130
99
97
87
95
69
82
81
76
75
52
51
72
65
61
67
44
58
51
51
50
99
69
59
51
63
68
77
111
140
227
212
120
110
117
109
48
69
71
104
94
110
87
111
72
76
101
68
53
56
42
56
56
65
72
60
75
62
48
77
55
48
49
52
67
88
158
55
85
45
75
62
81
69
67
109
176
121
57
49
99
52
73
49
168
178
86
135
183
116
54
33
51
44
53
88
75
45
50
40
53
60
45
60
69
59
45
43
47
69
83
56
30
49
133
128
95
48
65
50
32
35
89
75
37
50
45
65
65
60
96
38
162
195
208
247
235
241
242
243
245
243
241
242
243
242
241
241
241
240
240
239
238
238
238
238
237
237
236
236
236
234
233
230
230
230
228
227
226
226
225
226
227
227
227
227
227
228
228
228
227
226
226
227
227
227
228
228
228
228
228
229
229
229
229
229
229
233
234
232
236
233
237
242
240
202
194
178
83
97
90
97
90
105
131
182
221
95
171
204
173
124
123
108
84
75
109
105
129
110
131
56
61
58
51
32
61
94
83
94
80
67
61
63
58
75
94
96
61
57
88
82
63
80
81
88
84
54
57
85
106
94
150
123
87
71
56
47
55
58
83
107
87
87
68
88
124
118
90
64
46
54
55
46
46
50
49
32
68
97
166
50
28
113
213
123
210
231
222
231
232
215
61
73
41
43
40
37
86
69
112
227
214
219
216
222
233
176
80
145
157
224
213
224
220
227
207
208
192
99
64
65
106
42
54
65
59
68
25
40
146
180
71
81
65
151
213
233
179
205
218
217
218
46
46
44
43
53
62
101
113
112
108
57
63
59
60
63
118
74
67
73
79
95
89
80
67
78
99
90
85
69
57
66
65
69
63
69
57
67
74
32
18
40
67
88
95
100
96
92
132
91
106
73
75
69
44
132
96
123
116
98
81
66
106
124
178
95
68
96
73
60
70
67
69
69
72
72
79
57
47
58
27
48
39
48
65
54
46
48
47
58
56
70
125
71
113
163
81
162
110
114
98
86
86
78
62
139
113
188
129
82
63
71
65
53
41
63
59
44
58
71
52
70
69
58
48
51
54
52
52
84
119
37
88
91
116
77
48
60
72
82
127
119
52
51
72
44
72
72
84
92
118
139
143
111
56
94
42
59
86
108
62
45
51
40
52
58
52
60
99
49
66
87
85
80
57
46
62
40
56
75
69
69
79
45
59
34
51
42
26
70
50
59
53
75
193
122
223
202
152
246
232
242
244
242
243
243
245
243
243
242
241
240
240
240
241
239
239
239
239
239
238
238
237
236
235
234
233
231
230
230
228
227
225
225
225
226
227
227
227
227
227
228
228
227
227
226
226
226
226
227
227
227
227
227
228
228
229
229
229
229
230
232
233
233
236
235
228
181
197
191
103
167
128
108
120
95
67
73
88
89
184
97
120
236
94
86
102
108
80
66
111
75
104
148
205
89
71
42
66
61
53
74
72
83
81
73
75
64
63
80
77
85
104
78
68
93
78
82
66
97
83
88
73
114
139
79
64
45
46
60
62
34
23
48
97
96
73
87
85
110
86
82
96
63
55
55
55
51
56
51
44
44
53
90
126
35
60
125
84
135
201
190
235
221
228
149
64
73
51
41
47
56
96
80
181
216
224
220
220
220
224
225
190
214
215
218
215
219
216
221
229
184
54
100
118
86
55
42
33
33
43
51
35
63
82
63
81
77
65
138
226
166
81
208
224
217
218
59
56
55
74
89
69
104
106
93
80
96
109
88
75
80
96
64
62
71
94
92
106
77
84
118
96
96
88
69
59
68
54
75
90
89
86
86
61
37
30
54
72
93
89
97
86
92
119
67
50
45
57
72
92
139
109
130
143
105
100
131
128
110
108
136
100
90
71
74
68
84
82
62
68
64
66
46
49
47
39
49
45
67
65
55
44
63
45
46
78
74
85
91
62
153
84
166
87
80
119
97
95
72
64
99
85
155
166
90
54
75
60
62
43
60
65
48
64
74
49
67
66
44
55
50
58
52
45
64
67
54
82
106
84
77
121
68
54
70
66
71
57
50
60
68
61
82
76
30
96
129
118
159
110
148
84
94
110
88
58
75
76
51
40
63
60
58
106
128
95
109
77
51
57
48
106
65
47
45
61
83
65
49
57
121
66
44
56
88
79
53
59
149
207
141
181
147
201
244
237
240
241
243
241
242
243
242
242
242
241
240
240
240
241
240
239
239
239
239
239
238
238
237
235
233
233
231
231
229
228
228
227
226
225
224
225
225
226
226
226
227
226
226
225
225
225
225
224
225
225
226
226
226
227
227
227
228
228
229
230
230
232
233
235
237
221
124
100
126
70
119
125
134
106
99
115
102
95
73
97
96
93
227
139
96
112
105
115
84
84
124
121
110
180
148
170
111
48
61
43
69
71
98
106
74
62
55
72
64
71
59
62
60
61
84
66
84
79
85
89
119
66
104
114
62
58
39
57
60
53
97
94
119
96
92
82
62
82
103
68
76
83
56
61
57
66
46
59
46
38
51
46
59
61
40
46
72
58
164
182
113
155
226
171
73
65
60
54
42
42
56
134
91
125
90
132
229
217
220
227
178
179
219
212
217
215
212
215
228
202
115
160
128
101
78
51
49
42
39
46
58
61
79
63
40
58
93
149
149
228
200
136
185
214
217
218
65
61
59
82
85
87
92
83
65
53
108
103
86
66
73
69
67
57
80
106
73
84
74
102
116
84
77
77
63
65
71
67
82
83
73
65
91
71
81
72
56
53
72
71
92
80
91
87
59
39
36
52
80
110
115
110
114
136
92
113
133
124
107
78
117
105
90
76
86
77
86
78
58
58
65
58
53
50
40
42
52
66
87
71
61
55
72
61
66
101
88
78
123
71
120
107
171
72
53
81
70
65
55
61
60
66
113
140
80
54
44
43
59
40
60
76
53
77
70
70
73
67
61
44
84
64
63
46
57
47
56
80
106
70
53
131
66
38
70
60
63
67
59
63
67
58
67
64
46
101
123
144
205
145
151
144
131
96
123
82
59
74
62
59
68
45
74
127
119
70
77
57
52
84
43
85
69
96
44
54
58
59
55
57
106
73
78
78
87
83
65
39
107
138
143
134
156
240
236
237
241
244
241
243
245
241
242
242
242
242
241
241
240
240
240
239
239
238
238
238
238
238
236
234
234
233
231
230
228
228
228
227
225
225
224
224
224
224
225
226
227
225
224
224
224
224
223
223
224
224
224
224
224
226
226
226
227
228
229
229
229
231
230
232
232
186
110
155
136
112
150
146
142
113
114
156
153
85
82
102
169
138
170
196
100
111
142
116
94
76
127
114
98
146
168
177
126
88
58
49
58
72
136
105
71
57
47
77
81
68
46
49
63
57
58
75
86
67
69
68
83
62
76
101
77
63
66
128
59
50
135
151
95
78
94
104
61
103
112
92
98
82
62
55
70
62
77
54
43
58
102
41
36
48
35
71
56
64
167
135
60
57
162
122
56
74
52
41
32
35
54
91
119
129
105
136
206
151
222
231
136
94
98
126
196
198
220
231
207
114
142
244
172
62
51
51
51
54
53
54
56
75
64
62
80
124
118
155
118
159
218
189
119
171
219
214
60
54
58
72
90
87
81
81
59
47
74
71
69
59
66
66
85
67
73
94
73
66
74
95
87
73
59
63
56
56
66
58
69
72
75
57
83
81
93
85
47
26
65
68
90
73
76
65
53
41
47
54
88
81
73
80
87
98
85
106
85
105
89
86
93
97
88
64
74
86
69
57
56
65
67
49
59
53
45
67
78
79
89
76
65
60
67
91
106
139
105
72
97
65
64
128
149
65
56
71
50
38
42
56
50
58
75
81
76
98
63
65
46
47
58
57
58
78
61
76
68
82
87
40
93
61
76
42
77
83
45
75
89
68
65
79
60
43
70
70
68
67
63
70
66
69
74
67
90
127
165
147
168
109
103
140
140
81
129
93
30
61
59
65
64
65
137
115
67
82
62
49
54
63
68
60
56
88
57
54
43
59
59
61
62
81
93
82
69
66
82
39
30
106
152
166
192
235
239
244
240
241
246
245
239
243
242
243
243
242
241
241
240
240
240
240
239
238
238
238
237
237
236
234
234
233
231
230
229
228
227
227
225
225
224
224
223
224
225
225
226
224
223
223
223
223
223
222
223
224
224
223
223
225
225
226
227
227
228
229
228
230
229
230
228
144
107
238
192
176
147
140
85
105
102
102
136
73
71
115
146
155
101
203
80
120
172
86
90
66
86
70
133
127
148
108
112
178
70
67
50
72
125
113
76
62
49
66
89
73
53
68
71
53
49
86
80
53
66
58
62
61
62
87
84
66
71
124
77
80
97
110
67
87
115
148
87
85
101
87
95
73
57
64
78
57
133
109
46
84
169
37
37
53
64
110
65
45
95
67
52
30
70
79
70
58
46
48
45
45
57
34
111
122
165
203
201
98
225
228
140
98
64
111
168
172
215
202
150
131
199
209
157
64
48
45
50
55
59
54
55
82
59
82
105
129
98
152
83
93
213
211
150
153
214
214
48
55
59
80
94
74
85
96
66
50
58
66
72
64
72
91
99
82
65
72
70
66
76
85
68
60
55
61
61
50
49
41
59
73
87
73
82
81
68
78
43
23
74
73
81
88
64
58
50
37
52
46
71
61
59
57
76
76
133
118
67
82
93
105
102
92
81
49
60
81
62
46
53
76
57
45
63
50
55
95
89
80
78
75
81
65
77
126
125
157
114
66
77
66
42
101
88
57
67
83
48
37
44
53
53
50
49
41
67
173
113
96
56
49
59
39
55
55
54
65
64
77
79
46
56
49
72
45
96
112
56
75
73
88
141
59
57
50
62
63
55
67
65
81
76
68
105
107
95
132
155
103
92
88
76
100
119
82
80
78
41
59
51
61
54
127
193
86
65
131
88
61
43
23
90
62
56
78
75
55
64
62
64
62
74
94
80
78
58
53
76
61
42
104
142
204
171
229
224
229
242
206
236
236
217
245
241
242
242
241
240
241
241
240
240
241
240
239
239
237
236
237
236
235
234
232
230
229
230
228
227
227
226
225
225
224
223
223
223
224
224
223
223
223
223
222
221
221
223
223
223
223
223
224
225
226
227
227
227
228
228
228
229
229
231
155
136
248
218
202
118
133
89
65
70
46
96
72
50
90
103
136
117
165
84
123
130
61
77
52
61
70
127
98
106
76
146
173
85
90
89
88
74
105
84
70
64
57
73
77
69
78
69
55
59
85
76
55
61
60
80
52
65
69
70
62
53
79
88
94
57
50
68
84
137
157
79
55
74
59
66
58
57
78
64
58
142
130
71
92
151
35
40
47
87
86
51
42
37
72
110
42
39
48
61
35
31
72
77
55
57
37
70
63
117
222
222
108
226
182
107
178
161
175
182
190
147
130
158
217
222
189
143
71
51
49
56
58
66
60
59
74
68
125
152
103
120
167
83
80
198
224
223
182
210
216
45
70
66
88
71
87
99
105
60
49
76
69
76
55
66
105
88
69
68
59
47
56
75
90
54
58
58
63
77
62
41
59
64
56
67
71
86
89
47
70
51
48
71
70
69
124
78
55
63
48
50
40
44
55
63
49
76
75
187
164
74
58
112
117
100
81
80
54
64
64
65
51
49
71
55
57
64
46
58
82
58
77
66
73
92
73
102
146
117
129
118
90
100
93
59
40
43
51
57
58
52
44
40
42
46
52
58
44
44
172
117
96
105
34
68
54
44
31
50
62
69
45
52
41
35
47
62
65
89
87
74
83
98
141
182
84
52
52
59
63
57
77
83
98
78
68
142
125
79
145
75
70
71
119
94
82
88
84
46
66
77
80
54
67
54
155
157
87
80
115
98
83
55
41
62
54
60
106
72
43
74
68
70
63
93
93
75
70
65
52
50
55
99
85
102
163
130
214
192
171
236
166
177
211
206
244
239
240
240
239
240
240
240
240
240
240
240
239
238
236
236
237
235
234
233
230
229
228
229
227
226
225
225
225
224
223
223
223
223
223
223
223
223
223
222
222
221
221
223
223
223
223
223
224
224
225
226
226
226
226
226
227
228
228
234
216
209
244
208
156
156
192
167
42
57
67
117
84
34
90
175
161
214
124
140
128
59
61
66
58
69
130
86
97
103
93
192
106
88
107
139
105
62
67
85
76
79
66
65
68
79
71
63
67
69
92
91
79
49
47
79
47
69
71
68
48
45
83
74
70
65
58
49
44
109
94
42
70
62
52
47
59
67
66
42
61
81
78
127
112
70
36
35
54
68
30
52
91
64
136
178
38
58
46
45
74
45
66
71
40
47
63
54
44
44
174
233
163
226
110
76
222
200
201
217
184
82
97
232
227
228
234
198
77
61
83
61
75
79
74
73
84
71
163
232
185
222
149
91
78
170
224
213
214
218
216
73
73
73
63
85
100
87
92
45
32
60
65
61
46
57
74
69
49
56
58
55
41
60
79
53
74
63
58
82
57
67
74
46
37
62
73
79
94
38
24
72
71
56
74
94
124
107
78
70
73
68
61
62
47
44
38
49
51
116
175
88
73
79
62
84
79
83
59
65
62
57
55
52
63
82
57
41
60
60
53
46
64
62
63
70
62
92
123
101
115
128
89
67
68
71
50
49
49
43
46
73
49
40
37
30
52
59
63
62
60
118
94
133
32
57
55
47
44
46
63
45
43
61
47
55
69
79
84
83
74
59
76
153
159
84
93
56
83
101
101
92
90
109
118
90
118
186
86
106
194
113
79
90
77
72
58
76
79
61
91
97
110
62
38
84
113
56
76
51
53
79
86
74
67
43
41
41
33
34
39
44
65
73
72
97
78
73
67
65
63
55
48
97
114
62
97
151
158
212
139
188
171
95
188
231
241
240
241
239
239
240
240
241
240
239
238
238
238
237
236
235
235
232
232
229
228
228
226
227
225
225
224
223
224
223
224
223
223
222
221
221
222
222
222
222
222
221
222
222
222
222
222
223
223
224
223
223
224
224
223
224
225
225
225
227
234
234
234
189
89
188
227
82
65
58
64
141
143
33
130
166
216
246
125
187
194
58
75
64
56
96
133
112
161
174
94
167
187
100
100
105
83
91
92
86
70
74
72
59
64
87
56
52
61
70
98
110
131
67
49
60
58
67
69
75
82
58
59
84
79
62
76
77
59
43
67
97
73
40
40
48
59
42
36
42
66
40
136
169
184
88
44
40
75
96
55
97
119
69
89
136
50
38
44
67
143
122
31
29
36
40
61
64
68
78
108
240
222
204
103
183
200
122
179
157
30
142
122
210
219
215
220
217
173
138
151
51
88
88
69
108
166
85
179
226
238
233
170
84
68
183
226
214
220
220
220
55
36
55
77
88
63
60
57
44
36
48
51
58
53
80
81
44
48
51
59
61
49
51
67
60
60
64
73
87
41
81
82
67
98
87
64
63
69
68
19
73
59
62
114
132
99
98
80
101
89
52
76
85
87
43
41
44
92
79
63
91
77
70
90
95
82
89
50
77
68
59
54
54
53
87
62
47
65
63
45
37
59
94
72
68
64
68
123
75
83
98
49
66
78
97
77
52
46
62
57
60
63
90
82
51
49
37
53
82
76
105
61
79
57
31
58
62
54
75
64
53
66
63
72
75
87
79
71
60
71
94
79
135
148
48
90
93
140
148
118
103
94
114
115
111
95
117
89
98
134
87
82
68
53
53
78
89
53
190
199
113
38
75
21
164
69
53
80
47
83
89
66
42
56
53
47
42
50
53
66
63
63
57
110
87
51
66
65
45
124
138
122
152
135
55
65
134
148
198
183
135
159
88
180
237
247
243
240
241
240
239
239
240
239
239
238
237
237
236
236
236
234
231
231
229
227
226
225
224
225
225
225
225
224
223
223
223
222
222
222
222
222
222
222
222
222
221
221
222
222
222
222
222
223
224
223
223
223
223
221
224
227
224
222
224
224
224
224
209
159
230
175
45
115
91
95
94
176
111
187
128
208
240
125
151
174
57
75
72
53
102
77
77
89
100
113
166
134
159
86
82
75
82
85
96
68
75
74
75
83
90
73
56
52
58
70
116
116
66
52
54
63
57
54
38
170
94
49
68
59
76
86
83
77
65
100
220
94
39
45
57
58
44
49
51
37
116
137
99
162
85
20
59
62
92
138
42
93
59
72
118
26
35
28
78
54
112
87
54
128
96
44
68
59
60
125
240
176
105
66
81
51
109
149
38
36
106
88
216
207
216
218
230
251
163
157
85
57
64
68
96
188
121
218
217
212
223
224
125
149
233
215
221
219
219
219
71
70
79
57
51
65
68
43
37
65
53
56
81
55
49
67
48
42
44
55
59
47
39
61
55
64
54
61
64
61
44
84
101
100
71
85
58
67
97
80
77
83
99
115
84
68
71
88
135
89
60
57
68
66
38
42
86
108
127
127
85
90
59
72
82
76
51
39
74
88
77
53
51
76
52
39
49
58
44
37
67
56
60
66
52
82
83
95
54
45
64
42
65
86
71
79
96
77
67
124
78
104
109
150
102
92
74
68
131
100
36
61
104
76
67
70
66
50
64
67
63
64
63
107
71
65
70
55
48
63
52
68
49
62
68
95
127
151
80
75
70
81
81
27
121
142
76
64
81
59
58
61
62
64
64
81
115
141
249
242
144
27
32
107
187
81
78
66
45
53
59
68
74
30
46
39
42
41
53
69
70
61
75
110
74
45
31
24
74
181
46
156
181
38
100
174
217
108
151
83
99
141
60
70
98
195
243
240
240
242
239
239
238
238
239
238
236
235
235
235
233
233
231
230
227
227
226
225
224
223
223
224
224
222
222
222
222
222
222
223
222
222
222
222
222
222
221
221
221
221
221
221
221
223
223
223
223
223
223
225
224
222
224
230
220
201
240
249
207
218
239
226
197
110
177
193
104
138
170
120
202
130
172
153
92
84
63
136
102
91
80
82
77
50
38
45
58
109
167
94
81
76
50
79
90
115
86
110
73
110
152
92
68
41
46
60
66
48
69
62
51
43
95
66
56
90
73
33
53
71
101
98
69
73
62
86
86
80
65
45
58
29
148
93
56
61
226
238
186
49
95
48
126
29
98
156
236
204
44
48
84
51
153
45
117
78
32
91
86
189
148
139
38
45
179
240
232
169
72
108
116
72
67
51
55
56
56
80
170
179
208
222
223
224
127
53
136
30
60
113
61
137
235
218
213
218
221
227
241
243
225
219
221
220
218
218
63
49
43
56
41
105
88
76
49
27
37
66
76
67
57
68
50
44
50
68
49
37
37
51
60
56
48
76
70
69
53
60
75
68
63
69
69
82
70
72
95
93
99
103
87
73
48
75
95
79
86
77
55
57
49
53
71
76
61
92
66
78
77
63
63
82
86
56
70
64
45
54
55
66
55
72
90
72
72
68
49
57
58
48
47
71
71
84
73
64
59
37
47
65
49
68
85
68
75
72
91
118
140
63
92
62
73
115
114
93
58
58
65
61
69
83
80
68
74
73
77
106
132
95
76
79
76
47
32
64
47
52
63
69
61
65
80
107
80
100
99
89
98
148
122
139
144
86
110
96
69
67
56
55
67
116
175
227
246
201
136
63
50
158
108
79
58
30
62
77
97
54
164
138
34
54
49
52
90
122
66
118
116
76
68
20
112
183
130
73
38
146
230
80
91
178
174
111
62
44
92
198
195
229
199
200
240
240
238
241
239
240
238
238
239
237
236
235
235
234
232
231
230
230
228
227
226
226
224
223
222
222
222
222
222
222
222
221
222
223
221
221
221
221
221
221
221
221
221
221
221
221
221
222
222
222
223
223
223
222
224
223
228
222
219
215
184
186
244
238
164
82
112
69
122
101
120
227
72
52
150
202
209
193
136
119
136
118
85
59
89
117
64
55
47
61
69
90
52
53
67
65
89
120
92
149
83
106
81
145
140
70
60
46
53
45
69
102
72
66
59
54
48
56
71
57
53
47
50
70
85
77
78
88
84
88
124
116
71
101
97
85
73
59
37
116
203
187
167
130
116
87
154
32
67
53
223
132
39
137
109
50
102
172
78
61
182
184
135
145
32
96
85
179
190
212
220
196
223
233
213
195
57
34
43
49
36
134
190
171
153
156
239
244
202
80
75
86
138
159
152
81
220
215
212
217
217
220
221
219
218
225
222
220
219
219
49
53
58
56
52
95
63
70
48
51
58
62
69
61
62
74
64
66
87
94
84
52
50
60
67
59
46
53
57
55
58
67
59
60
47
56
52
64
59
48
75
78
79
93
95
79
82
75
63
71
78
82
82
87
74
70
60
74
76
76
101
89
85
78
56
61
82
68
84
53
59
53
49
64
64
45
83
76
69
87
46
53
62
54
53
56
59
82
62
56
53
47
37
35
55
47
54
48
70
77
103
100
110
84
64
168
90
91
69
57
71
83
71
60
45
54
65
58
68
72
70
94
101
69
60
69
97
54
29
61
63
62
67
60
76
71
66
67
94
92
98
94
71
113
60
83
75
55
83
73
80
54
61
65
90
121
89
133
238
201
121
52
60
60
37
40
34
66
60
62
73
19
126
156
34
70
55
59
114
135
63
106
128
74
68
131
197
224
99
62
124
140
153
87
113
127
149
144
138
110
103
161
234
245
241
238
244
239
237
240
239
241
239
239
237
236
235
235
233
232
231
230
228
229
228
227
225
223
223
223
223
223
223
221
221
222
221
221
222
222
221
221
221
221
221
221
221
221
221
221
221
221
221
222
222
221
221
221
223
223
225
222
227
222
190
195
209
188
204
146
129
112
82
68
96
59
149
242
86
60
155
222
228
224
156
136
178
53
90
70
58
74
71
57
52
72
83
53
61
68
75
77
113
71
72
55
63
70
112
124
70
65
61
53
52
52
73
57
52
68
71
74
44
51
86
107
42
58
59
85
128
66
60
76
85
77
95
109
52
105
95
182
61
47
34
68
200
205
74
61
37
43
75
47
90
44
72
45
99
153
53
37
180
130
74
185
199
79
57
74
43
45
80
113
58
99
177
49
99
164
174
148
51
33
32
51
67
174
179
109
105
187
169
185
179
83
58
73
105
103
210
130
199
228
216
214
221
222
221
221
216
225
223
218
217
217
57
58
60
49
54
80
73
65
58
86
68
65
71
55
71
65
54
55
89
104
107
79
57
43
58
63
43
48
53
63
66
44
53
71
66
73
46
63
80
70
57
62
54
74
66
87
97
80
89
96
67
62
105
95
90
91
72
98
111
78
100
86
68
74
73
88
91
77
74
71
63
66
60
61
53
35
68
66
58
70
68
67
67
71
40
63
77
76
50
65
54
41
39
29
56
50
56
56
53
79
89
60
85
85
62
147
117
81
72
55
71
71
66
50
44
55
55
51
54
47
45
59
65
79
77
66
96
60
48
63
63
62
68
66
70
79
63
68
85
79
96
85
67
56
55
67
54
73
71
70
82
82
120
118
113
125
147
169
116
80
78
70
65
33
24
36
27
65
46
39
60
18
85
94
99
116
69
121
200
114
72
132
89
52
117
142
123
122
191
164
138
113
68
69
122
147
112
205
189
127
97
117
166
248
240
241
240
237
238
240
238
240
239
238
236
234
234
234
231
230
230
230
228
228
227
225
223
222
223
223
223
222
223
222
221
221
221
221
221
222
221
221
221
221
221
221
221
221
221
221
221
221
221
222
222
221
221
221
222
222
223
226
218
220
188
150
166
182
171
114
98
126
78
117
113
73
200
210
95
86
84
214
234
241
173
119
112
73
87
67
54
71
76
68
57
55
71
67
75
70
79
91
121
100
59
37
80
50
121
126
78
80
60
78
129
109
66
69
68
63
67
72
57
65
74
90
59
42
57
74
97
64
71
77
91
104
90
86
70
74
69
96
58
75
37
97
185
180
148
65
34
21
33
84
146
58
177
142
93
72
41
52
157
107
46
101
210
23
37
39
37
29
51
67
61
54
82
42
47
60
70
61
49
51
83
47
158
178
129
102
123
96
198
146
98
105
146
56
69
90
218
124
189
172
197
219
218
221
220
222
221
223
219
221
220
220
78
78
59
48
43
80
72
62
56
69
50
66
69
59
66
51
56
62
79
93
84
75
79
62
46
46
48
66
59
63
69
49
63
76
76
76
63
78
97
80
61
59
48
49
44
92
90
99
86
89
75
71
95
100
118
84
92
129
132
74
84
74
64
66
82
93
87
71
68
84
72
66
63
61
54
38
63
68
59
61
67
61
68
80
44
64
75
71
53
70
57
39
50
47
49
65
73
63
48
78
72
74
97
100
63
88
112
80
71
64
70
69
68
65
62
72
53
50
45
42
62
71
72
110
65
73
91
88
90
77
61
63
76
61
46
61
51
52
74
91
85
65
66
65
73
64
79
92
58
68
76
85
101
101
127
157
200
156
64
59
68
82
54
45
51
42
74
74
49
77
96
79
81
92
117
98
61
104
154
128
109
128
56
38
93
103
94
54
188
168
131
96
56
66
93
97
131
200
150
114
102
101
103
248
234
239
237
237
239
239
238
239
238
237
235
234
233
232
230
230
229
229
227
226
225
224
222
223
223
223
222
221
222
221
220
220
220
220
220
221
221
221
221
221
221
221
221
221
221
221
221
221
221
221
221
221
221
221
221
222
222
224
217
221
155
167
198
199
142
151
124
89
106
165
112
102
151
127
83
112
130
213
202
209
186
120
85
89
129
104
60
81
70
65
61
71
83
76
74
62
87
76
128
123
87
62
111
155
175
147
100
99
80
58
111
117
67
92
69
67
69
69
54
66
60
61
64
41
58
63
72
90
86
71
82
96
94
79
70
60
57
63
87
77
44
77
130
121
116
79
68
11
39
55
81
75
222
134
55
57
83
112
160
180
147
88
120
29
43
38
43
84
53
62
92
56
48
55
57
31
77
67
55
64
81
70
206
137
106
149
132
74
196
145
71
92
192
71
60
81
209
137
111
107
202
215
220
222
220
221
221
221
221
220
219
219
79
83
58
52
48
75
56
50
46
53
37
72
78
70
61
46
62
79
75
78
76
72
84
69
39
33
50
63
61
56
74
62
64
70
60
66
78
76
83
76
75
49
56
68
67
107
79
92
59
65
93
86
79
81
103
80
99
110
112
78
76
74
73
81
101
101
79
72
76
80
78
61
61
66
61
46
62
82
67
56
71
54
75
76
47
43
66
67
60
57
49
60
67
59
53
60
57
51
49
85
63
89
114
88
61
63
83
74
65
76
78
72
66
74
86
72
52
53
46
50
74
87
76
111
45
76
96
104
109
107
87
93
72
51
40
46
45
47
80
90
72
47
56
65
94
56
74
82
60
77
75
73
79
100
121
145
150
102
79
85
81
89
42
58
135
48
89
101
44
108
109
97
97
81
79
64
55
64
69
116
97
78
57
51
60
77
84
43
107
103
99
71
60
65
65
77
132
112
88
95
103
94
139
198
226
240
238
239
239
237
239
238
237
236
235
234
231
230
230
229
228
228
227
226
224
224
222
223
223
223
222
221
222
221
220
220
220
220
220
220
220
221
221
221
221
220
221
221
221
221
221
221
222
221
221
221
221
221
221
222
223
223
221
222
173
213
234
173
105
198
193
104
107
123
116
128
100
136
55
112
171
153
122
138
151
114
113
94
107
110
70
87
66
61
81
92
85
69
63
49
81
61
132
93
141
110
111
231
215
132
118
83
122
72
74
73
64
79
56
59
63
69
44
60
54
52
59
55
62
64
70
95
75
65
71
73
77
75
63
71
58
53
74
54
47
42
77
63
41
64
74
40
47
27
43
73
141
110
82
104
175
195
210
231
233
98
83
93
39
33
83
117
49
65
106
67
74
59
64
102
175
61
67
96
71
156
122
62
75
140
104
102
128
143
103
70
117
92
90
58
163
193
125
137
221
218
221
223
219
221
221
221
222
219
218
218
59
65
50
54
61
67
55
47
49
64
52
71
80
75
61
58
63
79
78
68
71
74
64
45
48
44
52
47
52
59
74
65
61
63
41
61
78
70
72
65
73
48
76
105
108
108
81
85
63
70
95
87
68
64
74
84
97
81
93
90
78
80
84
89
102
104
79
80
81
77
76
62
58
65
60
58
52
82
75
49
78
49
68
63
50
44
71
64
61
39
60
78
63
53
60
49
35
48
61
87
65
75
104
76
74
63
68
66
75
81
77
72
63
56
96
56
56
54
58
59
73
90
75
84
41
80
96
104
108
122
106
116
71
63
56
53
47
52
84
71
62
49
51
37
77
60
85
87
68
105
90
87
97
115
110
108
91
83
93
85
93
101
48
64
177
69
63
87
37
92
96
80
101
57
60
53
60
60
45
83
62
51
67
68
62
72
65
54
67
69
56
56
50
61
65
89
82
48
64
79
95
106
210
174
224
243
240
241
237
237
238
237
236
236
234
233
231
230
229
229
228
227
226
225
224
224
222
222
223
223
222
222
222
221
220
220
220
220
220
220
220
221
220
220
221
220
221
221
221
221
221
222
222
220
220
220
220
220
221
221
222
223
223
225
223
231
236
153
104
220
230
121
114
79
127
130
85
142
39
117
169
124
97
91
118
87
165
127
56
79
73
77
61
53
89
112
87
62
49
38
67
69
110
81
172
124
91
181
170
108
144
80
121
98
75
60
67
58
72
47
43
89
41
54
50
49
52
64
64
65
73
77
61
69
66
60
62
67
64
82
94
70
75
70
46
39
46
33
31
54
50
61
38
64
127
99
105
157
121
143
207
221
214
203
230
77
88
100
32
27
78
77
56
59
86
70
95
73
64
163
211
22
84
148
128
225
82
56
88
111
63
88
79
109
101
58
33
90
104
57
79
170
189
177
176
222
218
219
217
220
221
221
222
220
219
217
48
48
44
52
60
70
68
56
60
71
72
57
72
76
57
68
64
67
78
62
49
66
48
34
62
58
61
54
44
71
68
70
67
61
50
75
81
85
85
59
58
77
105
99
111
95
89
93
93
86
68
74
62
79
81
80
99
89
99
91
77
72
79
75
69
86
91
87
76
81
80
66
57
53
53
69
49
72
82
53
64
38
56
53
62
71
73
62
58
40
88
72
44
48
62
56
44
58
75
64
65
72
77
89
87
69
73
61
80
66
63
72
66
39
76
48
67
54
70
69
87
91
85
65
50
78
81
102
113
97
81
93
83
95
80
69
52
53
66
68
68
66
55
31
34
69
117
110
72
120
106
110
98
90
100
99
96
99
91
81
89
104
66
59
98
83
46
53
48
72
99
91
82
61
93
67
58
76
67
92
102
71
78
60
62
63
66
70
74
61
55
71
49
68
82
64
47
60
67
75
90
151
229
226
236
244
241
240
237
239
236
236
235
235
233
232
231
230
228
227
228
226
224
224
224
223
222
222
223
222
221
221
221
222
221
220
219
219
220
221
221
221
220
220
221
221
221
221
221
221
221
221
221
219
219
220
220
219
221
221
222
222
222
227
229
223
240
201
140
203
212
84
140
121
147
120
74
58
59
162
192
175
156
91
126
62
194
149
66
76
69
61
58
47
81
128
101
86
52
40
52
91
100
100
154
117
86
129
91
117
183
100
62
80
77
101
86
81
100
66
43
124
51
55
65
59
42
64
62
65
72
72
61
71
61
52
75
69
56
71
121
126
123
146
53
38
47
47
50
58
28
43
39
116
224
180
150
175
98
176
155
166
142
167
204
71
49
32
35
36
24
54
110
43
57
98
67
74
64
117
172
34
74
157
203
223
186
141
159
118
49
60
81
65
59
53
36
77
76
79
30
63
169
155
126
223
215
217
218
220
220
222
223
221
222
218
53
48
52
55
51
81
62
45
52
61
65
59
91
83
51
55
61
65
70
61
68
69
44
45
53
50
56
66
52
61
65
67
59
61
74
93
93
97
88
89
80
107
108
63
73
101
84
72
79
63
42
44
70
81
83
83
96
82
86
89
68
55
52
78
61
104
117
95
71
68
79
64
65
47
51
69
69
83
67
66
62
43
72
51
59
65
59
59
57
61
78
65
56
64
73
67
48
48
55
35
53
92
64
61
66
86
68
46
45
49
66
66
68
51
45
56
69
63
68
73
96
83
81
55
57
54
72
83
105
68
62
65
76
99
95
78
70
86
53
78
92
68
50
46
42
49
66
81
90
95
104
102
75
77
77
83
90
108
85
65
65
89
75
46
37
61
36
90
61
70
93
83
61
39
122
108
52
101
125
123
162
61
98
49
55
47
55
73
58
42
111
85
52
88
91
67
56
64
64
74
95
196
233
249
240
240
241
236
239
238
235
236
234
233
233
232
231
230
229
228
228
226
224
224
225
223
222
222
223
222
221
221
221
221
221
220
219
219
219
220
221
220
220
220
221
221
220
221
220
220
220
220
220
219
220
220
220
220
221
220
221
223
222
224
224
222
232
221
145
164
180
90
99
128
183
124
79
65
94
176
188
171
156
90
103
51
146
93
78
109
75
71
65
88
105
96
80
153
79
51
35
106
142
56
133
180
99
198
101
135
209
62
38
76
81
114
85
134
86
100
79
129
85
70
101
93
42
63
59
67
70
72
52
64
62
52
81
77
45
47
55
93
88
198
69
28
83
85
51
54
29
52
64
116
219
236
153
116
90
223
176
145
107
164
164
83
59
43
41
48
42
105
134
27
85
176
8
51
52
37
174
79
25
93
185
183
203
165
144
82
64
80
69
59
67
55
57
72
61
61
59
51
148
183
204
232
213
218
218
219
221
222
221
224
223
221
54
55
56
72
57
88
69
48
44
57
43
68
93
84
47
48
60
62
56
65
87
74
39
35
36
48
36
44
39
26
42
63
63
51
62
82
83
80
98
135
146
118
62
57
60
68
79
95
37
39
70
54
50
48
74
92
78
97
95
111
81
59
64
81
98
159
117
81
63
53
56
42
55
61
68
69
74
67
36
47
74
42
40
50
46
72
67
65
46
44
74
73
79
72
58
62
53
43
31
54
100
85
60
41
57
64
45
29
48
45
56
64
89
88
61
70
49
56
57
81
97
96
86
42
36
47
68
68
90
96
89
86
73
71
74
70
87
96
94
54
59
60
52
49
50
55
97
67
66
91
114
125
62
61
57
73
69
82
89
40
72
71
64
50
122
128
56
78
64
60
70
45
43
44
93
89
70
111
185
111
55
30
52
99
68
58
60
74
55
98
174
76
58
105
66
69
76
72
79
74
133
231
240
231
238
239
235
243
240
234
234
235
234
233
232
231
230
230
229
228
227
225
224
224
224
222
222
222
222
221
220
221
221
221
220
220
220
219
219
220
219
219
219
220
220
220
220
219
219
219
219
219
219
220
220
220
219
219
220
219
220
222
222
221
221
222
229
189
175
217
118
79
80
58
108
64
52
106
122
61
165
219
105
85
65
59
73
64
116
166
83
95
49
122
106
63
64
157
71
51
66
79
60
46
135
188
94
231
193
167
163
47
58
81
77
109
63
134
86
68
70
72
127
84
56
72
55
45
65
67
71
59
54
70
65
63
73
80
54
61
58
55
36
148
67
37
38
45
48
66
70
59
61
91
151
218
241
71
137
205
200
236
193
130
121
195
52
47
55
86
50
46
27
41
91
160
17
92
70
50
74
64
36
87
109
16
108
107
61
38
47
34
39
55
48
37
90
45
32
35
41
83
166
190
158
211
222
216
214
218
221
221
220
223
221
222
36
51
41
62
59
63
75
73
53
42
57
48
65
71
34
52
59
50
56
61
57
40
44
37
35
42
34
39
18
41
55
59
65
83
92
75
77
72
120
106
129
123
71
59
48
52
5
18
17
14
59
43
25
52
70
76
77
81
107
128
84
82
80
92
124
89
78
81
61
66
59
72
74
41
63
88
77
45
52
79
61
70
74
80
78
72
77
76
55
39
81
74
85
57
38
52
39
41
47
59
70
55
52
70
67
46
57
38
53
33
52
74
63
51
69
74
59
54
61
55
75
63
64
61
54
75
79
98
155
101
89
94
90
74
77
79
92
71
73
61
62
82
78
43
49
73
88
98
81
70
109
79
49
48
42
46
49
54
49
96
84
72
64
81
85
127
90
49
80
72
66
55
52
58
54
51
72
73
44
69
130
162
133
238
86
58
41
76
46
130
71
31
102
76
63
67
193
181
97
172
243
244
226
239
244
234
235
231
237
236
237
234
236
232
231
230
229
229
228
228
226
224
223
223
223
222
222
222
222
221
220
221
221
221
220
221
221
220
220
220
219
219
220
220
220
220
220
219
219
220
219
219
220
219
219
219
219
219
219
220
220
221
221
222
222
223
230
216
230
224
136
63
45
86
65
78
168
187
185
192
158
160
58
73
66
63
89
57
145
157
52
186
146
62
71
98
69
61
67
80
111
87
25
61
52
56
63
153
205
228
117
86
75
53
68
182
164
170
32
90
52
149
51
64
74
78
61
50
69
89
72
72
64
96
54
98
189
65
63
64
63
61
45
32
32
29
45
66
47
62
64
64
71
62
36
164
243
30
190
183
61
184
204
166
71
70
82
106
33
35
36
53
60
54
66
34
32
127
70
37
7
2
5
23
34
42
67
37
51
67
63
100
78
41
31
42
69
75
76
63
40
115
177
97
74
223
217
219
219
220
222
220
219
219
216
224
83
97
91
81
55
79
66
71
65
47
62
83
74
94
85
72
84
62
63
83
68
97
83
42
36
45
38
49
51
63
72
63
59
63
60
66
69
87
99
111
67
68
86
75
49
63
30
26
46
33
64
43
43
77
55
69
62
76
100
79
73
93
94
81
71
78
80
86
72
53
55
59
56
63
58
86
55
56
61
52
49
75
77
66
69
55
54
54
53
34
70
75
70
63
67
70
64
64
64
59
55
51
42
89
45
41
63
54
56
28
30
38
41
64
43
57
55
51
56
65
64
42
41
49
70
71
102
119
92
72
64
76
95
104
51
66
58
37
57
60
48
92
76
28
59
54
36
97
66
68
116
127
86
39
81
89
140
97
109
128
61
60
50
46
109
87
134
134
81
76
50
55
56
59
49
47
68
70
56
68
124
170
124
234
80
68
89
65
71
104
213
114
99
50
35
45
189
143
121
138
155
136
175
197
131
205
240
241
235
235
237
236
234
232
231
230
229
228
227
226
225
224
224
224
223
222
222
222
222
221
221
221
221
221
220
221
221
220
220
220
219
219
220
221
219
219
220
218
219
220
219
218
219
219
219
219
219
219
219
219
219
218
219
220
221
222
224
229
226
210
95
80
97
64
45
132
196
170
208
93
57
55
63
54
46
49
44
45
66
88
99
128
67
74
106
93
88
64
86
47
45
71
54
50
69
109
111
186
228
212
114
82
63
60
55
81
137
158
89
206
85
225
105
44
86
73
54
83
73
55
56
62
42
62
35
128
112
45
65
55
50
54
52
65
59
40
47
77
64
46
44
65
72
101
93
148
217
19
97
72
56
44
37
77
52
36
91
186
46
38
175
85
47
63
54
35
90
169
61
46
37
56
118
96
97
54
15
25
56
57
82
69
89
77
31
59
64
73
79
32
34
186
172
151
190
229
218
220
221
220
222
220
217
220
231
221
85
98
90
88
90
82
71
75
70
69
74
78
73
85
95
77
89
89
75
89
52
75
70
47
29
38
39
45
51
50
51
54
56
61
54
60
54
74
91
71
52
81
80
69
103
98
64
58
80
95
84
73
72
97
63
78
71
87
93
57
60
67
75
71
68
74
88
98
53
59
45
57
64
58
61
69
57
68
56
66
64
43
34
49
61
53
52
49
66
63
72
51
63
58
64
61
61
122
54
38
73
59
53
70
37
36
44
47
59
53
45
56
68
55
51
61
53
55
73
88
46
57
53
65
59
60
76
69
80
65
48
52
39
81
57
66
54
68
92
64
40
79
187
175
111
109
149
67
40
117
192
217
63
99
80
68
99
107
147
85
57
43
53
52
66
47
59
72
46
53
35
40
66
41
46
30
79
125
36
79
121
68
62
209
61
98
94
82
100
89
94
67
85
140
144
97
126
76
82
110
82
67
112
108
125
172
223
217
235
237
233
237
234
233
231
230
229
228
227
226
225
224
224
224
222
222
222
222
222
222
222
221
221
220
220
220
220
219
219
220
220
219
220
220
219
218
219
218
219
219
218
218
219
219
219
219
219
220
219
219
219
219
220
219
219
221
221
224
218
219
80
152
114
83
125
90
79
67
160
193
124
62
70
51
67
58
109
121
64
121
125
113
99
63
86
78
80
80
58
43
23
51
59
120
169
170
187
194
238
216
106
84
71
52
58
59
62
38
105
194
117
240
170
70
80
59
68
123
73
60
63
68
51
45
36
69
39
41
74
72
78
84
73
44
39
45
66
63
55
54
46
62
72
75
61
77
70
36
133
119
68
88
81
57
73
56
75
87
44
68
141
49
54
41
50
48
81
77
84
57
62
107
155
103
120
91
80
57
62
75
59
25
37
71
92
74
37
36
55
85
179
161
113
158
215
198
223
215
217
220
221
220
219
223
210
224
74
80
87
74
119
71
43
63
57
52
72
69
78
82
89
87
91
79
81
88
75
90
70
72
33
26
27
32
31
47
62
58
57
53
55
55
58
79
86
41
38
55
72
118
115
92
78
75
85
115
87
73
87
102
74
78
77
79
70
71
60
48
55
63
70
71
87
101
49
69
52
50
61
58
50
58
52
58
72
77
59
46
54
48
40
59
62
59
75
65
76
62
68
73
71
72
61
106
81
25
83
66
60
83
63
45
47
54
56
37
44
54
56
38
56
53
48
52
66
72
47
60
53
47
43
58
82
107
110
82
85
87
65
57
53
57
48
86
111
64
38
47
183
235
111
143
186
159
40
111
236
206
68
118
62
65
65
69
82
102
121
133
71
85
56
44
120
86
91
40
43
37
52
47
40
56
93
83
25
60
119
88
74
100
63
131
86
80
191
116
91
115
154
220
187
93
65
80
93
82
68
80
92
108
155
127
121
185
242
236
236
235
233
233
230
230
229
228
227
227
226
224
224
224
222
222
222
222
222
222
222
221
221
220
220
220
220
220
220
220
218
217
218
218
217
217
218
217
218
218
217
217
217
219
219
219
219
218
217
217
218
218
218
218
219
220
220
237
234
236
132
164
109
79
104
136
130
96
125
181
165
67
68
68
71
55
108
143
60
101
120
180
120
71
77
91
72
87
78
54
42
63
47
104
123
194
131
173
228
164
90
65
84
46
42
36
49
33
80
128
179
206
156
55
69
104
88
88
66
74
57
54
64
48
52
52
49
43
117
80
117
74
57
33
35
40
58
54
57
60
57
57
71
71
53
57
31
23
100
108
61
63
62
49
80
154
59
122
71
88
55
60
46
36
44
51
42
82
131
53
45
45
76
53
66
67
153
123
54
53
49
118
71
130
93
58
137
100
60
85
112
73
79
145
166
177
218
213
218
220
221
222
221
228
140
163
83
91
99
69
92
69
25
47
57
69
86
86
91
85
78
70
89
73
69
82
88
82
73
85
59
32
39
47
45
62
67
60
53
53
59
46
55
66
62
25
52
65
93
136
101
98
82
77
83
110
80
61
72
70
68
64
73
71
73
68
62
52
54
74
87
87
84
70
60
70
57
48
53
67
63
54
52
41
59
49
43
42
66
62
52
57
66
62
71
65
78
70
60
83
75
79
77
81
71
15
60
60
64
80
65
55
50
46
45
30
44
57
40
28
44
47
44
47
62
58
45
49
40
42
52
68
111
131
84
71
84
80
62
52
48
54
57
61
96
75
45
84
189
207
81
141
157
208
107
84
240
168
55
69
60
62
71
54
64
178
189
205
138
188
113
49
103
64
89
51
97
58
45
54
80
102
101
95
73
47
80
71
50
68
120
104
73
94
228
158
68
128
186
197
124
66
53
90
78
52
67
96
85
105
123
101
149
218
238
234
236
231
233
230
229
229
228
228
226
226
226
224
223
225
223
223
223
222
223
222
222
222
221
222
221
221
221
220
221
220
218
217
217
219
216
216
216
217
218
217
217
217
216
218
218
219
218
217
216
216
217
217
216
219
219
218
227
165
163
202
179
129
168
165
104
183
216
199
191
172
191
142
84
91
75
87
74
101
84
88
82
166
81
63
66
64
63
80
94
87
61
70
58
63
87
201
129
122
151
113
83
84
81
47
85
88
58
80
159
105
130
216
170
71
75
126
72
68
67
82
89
76
144
52
64
39
56
37
77
51
66
90
83
42
38
38
48
62
63
67
68
74
57
72
80
59
21
58
63
59
27
44
65
71
80
148
132
103
60
71
33
49
49
36
28
35
32
66
71
37
35
28
39
34
38
62
81
95
52
33
49
88
85
119
59
108
209
183
76
55
48
60
83
138
92
105
222
213
217
221
224
224
222
223
171
112
71
87
91
56
48
68
34
41
61
83
84
68
84
80
81
56
76
62
42
66
67
60
69
74
65
41
50
56
60
62
58
67
50
56
58
37
42
37
47
45
72
86
104
109
113
110
82
78
92
97
69
69
69
49
59
57
69
77
70
52
64
57
73
101
98
96
92
59
72
70
64
56
54
71
77
58
51
33
40
36
31
31
57
68
71
67
60
67
73
63
68
74
62
80
71
86
78
71
49
28
59
62
61
64
65
58
42
32
25
35
43
60
57
37
48
57
48
42
66
59
50
49
36
37
75
80
112
100
71
77
83
81
45
50
52
52
59
48
63
58
106
122
167
111
80
87
94
170
136
57
156
108
70
84
69
77
90
83
81
199
223
232
162
160
177
38
52
50
42
52
90
56
37
71
119
104
96
125
106
81
63
51
41
87
134
83
71
97
178
129
85
106
204
143
80
72
51
68
61
31
56
79
73
68
84
91
196
230
234
233
232
230
232
229
229
229
228
228
227
227
226
226
225
227
225
225
225
223
225
224
224
223
222
223
222
222
222
221
222
221
219
219
218
219
218
218
217
218
219
218
218
217
217
217
217
217
217
217
216
217
217
217
216
217
218
218
225
165
104
127
186
78
150
217
116
206
232
231
230
196
219
208
118
85
78
91
55
81
97
104
66
107
80
74
74
41
37
82
92
83
65
78
70
65
84
177
186
105
90
82
82
114
100
82
108
98
55
101
212
105
58
189
194
95
66
82
67
52
59
79
132
59
124
45
88
67
54
52
67
68
31
71
80
56
45
43
72
71
66
71
71
81
51
58
78
48
49
133
45
92
108
52
59
83
89
110
208
68
56
57
43
54
52
70
90
49
39
42
66
56
42
36
42
43
44
109
45
47
47
43
48
96
55
62
75
180
200
188
82
88
82
68
71
110
133
101
223
214
218
222
224
223
222
210
196
95
51
60
74
50
31
58
42
41
63
72
61
45
64
68
78
62
77
54
32
58
44
54
61
53
46
36
37
43
57
58
48
77
64
65
44
38
40
22
43
65
74
83
110
103
133
106
83
82
90
88
60
72
71
60
60
71
80
88
67
50
72
65
90
104
98
88
93
81
82
88
77
79
76
70
66
63
53
36
38
45
29
33
52
62
77
74
58
74
63
47
55
75
68
72
73
74
68
74
56
62
73
61
52
50
76
64
38
31
19
38
47
50
66
56
47
66
53
45
70
56
51
53
47
35
78
96
105
77
81
70
76
93
48
44
53
63
63
61
45
41
134
104
112
82
97
61
82
152
100
38
67
63
112
176
80
130
150
155
96
177
229
233
146
113
164
27
66
59
44
80
62
55
37
86
106
71
78
110
88
99
70
56
70
87
101
97
79
77
82
107
133
101
169
132
85
95
48
45
49
33
49
57
58
59
72
96
203
196
236
230
230
231
230
229
229
229
228
228
228
228
227
228
228
228
227
227
227
225
226
225
225
224
224
223
223
223
223
222
223
222
221
221
220
220
220
219
219
219
219
219
219
218
218
216
216
216
218
218
218
219
217
218
215
217
217
216
226
208
100
135
204
118
79
177
138
192
218
216
220
214
202
162
174
95
74
75
63
95
93
121
82
62
109
85
78
51
37
84
77
68
96
77
110
136
107
121
154
97
99
69
78
125
114
106
93
86
67
77
134
85
44
96
158
111
93
82
112
82
73
125
162
32
54
40
85
81
47
69
97
91
36
36
58
60
48
49
86
71
71
67
68
72
53
51
54
48
75
124
38
106
178
74
88
89
92
113
157
49
64
57
43
55
71
133
138
113
94
60
129
89
46
38
41
67
66
106
55
37
36
56
72
169
51
49
107
217
167
123
87
115
117
72
73
96
209
180
219
218
220
223
222
222
221
213
199
93
53
46
71
60
51
47
40
51
69
66
57
62
54
56
60
72
95
67
67
78
46
52
57
46
34
35
28
39
50
70
62
87
84
75
54
45
41
24
41
62
67
78
122
118
113
83
84
79
71
82
63
67
69
74
71
91
91
83
77
67
82
83
92
83
91
81
70
94
97
100
91
93
91
75
55
57
56
38
50
55
32
44
57
54
70
64
67
72
43
41
54
72
65
66
67
49
64
75
74
76
66
53
51
50
75
62
44
41
32
42
62
49
54
69
35
55
49
53
66
43
37
42
57
43
86
120
113
86
70
32
44
66
51
37
48
72
70
65
52
52
76
90
130
147
98
113
131
174
77
36
54
63
113
208
81
171
223
190
128
148
167
206
154
149
77
55
98
42
129
120
69
67
44
84
73
53
62
76
63
68
61
59
87
81
79
103
76
52
33
149
111
96
80
111
83
91
57
42
50
67
55
52
73
125
68
124
223
188
232
230
231
231
230
229
229
229
229
230
229
229
228
229
229
228
228
229
227
227
227
226
226
226
225
223
223
223
223
223
223
222
221
222
221
220
220
219
219
219
219
219
219
218
218
217
217
217
219
219
219
219
217
218
216
218
217
217
216
178
140
197
209
220
106
114
148
150
228
219
225
214
133
104
231
160
99
73
86
106
92
105
84
58
123
75
67
76
70
69
77
79
139
83
179
221
168
113
47
103
112
83
84
110
86
80
97
118
108
65
43
66
56
28
96
136
167
165
129
136
124
196
144
45
49
45
44
45
36
56
82
57
34
49
63
57
46
48
66
76
83
63
71
72
52
58
55
61
58
45
42
44
99
84
121
83
67
103
49
34
58
50
53
38
139
194
142
171
135
69
115
80
38
36
34
94
82
38
33
36
29
45
86
139
66
67
97
179
139
67
85
72
80
78
85
93
186
230
216
219
221
223
222
221
220
227
226
139
56
55
58
53
81
51
51
73
73
79
86
72
50
55
59
71
87
73
99
101
61
43
55
62
45
53
54
59
58
79
94
93
80
70
97
43
26
28
57
71
70
95
104
88
71
62
78
65
61
65
75
86
90
75
81
86
78
68
71
86
87
94
88
77
81
82
50
89
101
72
95
74
67
88
70
49
48
34
71
77
45
57
56
48
57
62
75
61
51
67
66
70
70
68
39
55
56
57
68
49
64
66
63
62
56
34
43
48
42
45
70
74
68
64
55
39
40
54
54
42
36
37
64
66
143
132
97
69
52
31
33
31
38
39
48
42
51
54
58
51
52
147
238
150
110
170
165
158
102
47
64
64
72
116
62
131
187
139
171
96
44
135
137
84
20
104
65
9
176
77
54
45
42
81
66
53
60
60
66
66
53
62
76
95
62
79
54
32
68
135
45
67
63
57
86
59
68
42
91
107
78
55
119
186
70
157
243
227
225
234
232
228
231
230
228
229
231
232
231
229
229
231
230
228
228
228
227
227
227
227
226
225
224
224
223
223
223
223
223
222
222
222
222
221
221
221
219
219
219
219
219
219
219
219
219
219
219
219
219
218
217
218
217
215
216
228
177
152
201
145
139
193
195
109
105
120
231
182
224
198
112
196
243
222
170
68
115
113
99
73
60
111
135
82
76
98
73
49
114
80
108
124
210
220
204
161
46
186
78
108
99
74
53
54
112
115
119
102
74
80
58
48
82
156
177
164
52
94
158
158
50
43
42
40
37
43
38
37
42
32
38
103
57
61
53
43
65
92
85
67
81
85
54
54
68
44
46
55
54
53
28
55
40
30
39
48
54
59
53
68
121
95
225
227
224
162
44
37
60
41
27
25
33
76
57
35
40
32
32
25
34
22
29
50
90
76
81
67
61
59
50
54
57
64
137
219
215
218
223
219
224
220
220
216
227
235
73
74
41
56
72
59
61
66
65
85
85
68
57
74
62
51
51
57
46
66
62
63
61
69
66
76
73
59
82
74
71
67
56
62
69
38
52
63
68
61
85
108
76
89
65
63
67
58
51
55
54
60
83
71
72
69
88
86
91
81
95
94
72
75
104
59
62
94
54
57
89
67
79
76
61
65
52
52
83
69
85
77
61
54
59
64
65
66
66
76
69
63
77
92
57
54
50
55
68
63
83
79
52
56
48
35
37
47
49
42
52
57
48
40
70
50
43
60
52
39
41
65
96
144
143
103
80
48
33
31
37
39
39
45
46
35
59
49
57
46
92
195
236
151
176
199
244
237
129
50
68
58
87
57
55
96
78
206
155
142
105
34
20
69
40
59
50
52
43
49
69
54
74
85
47
42
42
44
63
87
71
68
79
81
41
60
61
35
45
70
74
72
86
153
150
34
69
72
90
75
136
76
95
80
85
167
227
228
234
229
231
232
231
229
229
229
231
233
232
230
230
230
230
229
228
228
227
227
227
227
227
225
225
224
223
223
223
223
223
222
222
222
222
222
222
221
221
221
221
220
219
219
219
219
219
219
219
218
218
219
219
217
220
218
216
224
201
189
121
111
142
108
142
230
136
85
212
86
164
132
198
235
215
228
197
117
161
107
136
91
73
144
67
92
99
93
64
52
114
81
42
126
217
120
86
34
85
188
103
63
67
68
59
67
86
81
69
82
75
77
74
72
41
151
118
27
65
77
142
47
40
62
51
29
33
51
47
48
49
52
40
160
50
74
55
39
58
63
62
74
86
70
40
34
45
37
49
46
43
64
66
42
32
43
81
54
57
60
40
174
229
236
221
214
193
116
8
110
172
45
34
27
27
28
28
45
37
43
44
31
26
31
35
72
114
56
36
96
68
88
120
39
125
154
165
210
228
218
220
218
221
219
222
209
209
185
90
100
71
41
46
67
63
56
76
77
75
65
55
63
56
57
82
66
67
90
46
74
85
86
69
93
96
49
54
61
66
62
65
46
60
78
69
68
57
54
92
83
87
74
73
70
63
102
102
70
44
52
56
102
79
118
118
127
125
82
78
78
83
84
92
48
80
72
36
51
54
44
70
81
95
77
75
80
60
72
70
77
54
47
52
62
55
78
62
33
68
57
82
70
55
57
58
58
87
72
53
67
56
79
61
85
49
51
38
48
48
44
28
36
49
39
45
46
41
44
47
46
95
95
107
111
86
83
58
37
38
43
40
55
64
35
48
41
52
36
126
194
203
196
235
179
212
240
157
40
61
112
66
56
73
103
83
183
58
139
144
101
90
59
36
39
24
128
120
83
44
71
64
63
85
41
37
27
49
71
94
87
91
81
60
70
65
53
141
102
83
38
63
91
81
69
64
62
51
50
165
85
208
79
82
224
231
229
230
229
228
227
227
229
229
230
230
230
230
229
229
228
228
229
229
227
227
227
225
225
225
225
225
224
224
224
223
223
223
223
224
222
222
222
222
222
223
223
223
222
220
220
220
221
221
221
221
221
219
219
220
219
219
220
220
217
232
194
134
77
87
219
137
225
168
118
173
98
94
95
205
216
224
219
229
246
189
119
80
90
82
124
84
51
107
134
67
76
39
50
69
99
77
55
63
109
166
137
70
78
114
102
83
59
100
98
73
96
87
154
82
59
55
92
39
74
230
220
85
178
167
139
74
34
42
39
51
53
38
56
30
34
91
60
43
25
27
22
148
158
91
55
46
34
32
48
80
63
42
57
68
62
54
48
111
66
79
31
58
174
104
178
228
232
97
16
49
48
141
89
25
25
33
37
42
48
29
69
76
57
38
92
46
46
64
63
74
184
75
58
149
80
134
242
123
176
231
219
217
219
217
220
224
227
142
54
68
55
72
69
71
50
35
41
57
67
71
46
51
65
58
84
62
61
66
65
40
62
66
51
73
91
72
56
53
53
60
59
48
45
63
56
40
48
45
57
99
81
64
73
68
69
74
107
88
79
96
62
30
43
40
95
136
134
98
74
64
82
75
86
71
76
76
82
59
76
63
45
55
69
73
65
74
80
80
43
45
65
55
74
46
53
46
57
56
81
78
73
89
76
59
64
73
86
87
67
36
83
88
44
54
47
42
43
23
34
36
33
39
48
51
51
47
33
77
28
55
52
61
20
56
91
84
80
74
65
35
29
37
65
42
53
60
33
58
97
175
193
177
244
234
169
210
219
226
147
26
161
172
61
50
119
153
123
29
135
183
50
66
215
33
64
48
160
102
64
30
42
27
63
32
23
42
39
61
67
50
45
48
88
84
48
31
53
79
80
71
57
34
32
44
57
61
62
54
79
193
213
155
77
202
237
229
229
230
226
226
228
227
226
229
229
228
228
228
228
228
228
228
228
228
227
227
227
225
225
225
225
225
224
224
224
224
224
224
224
225
223
223
222
221
222
222
222
222
222
221
221
221
221
221
222
222
222
221
220
219
219
218
218
219
222
220
237
209
178
163
90
103
147
204
123
73
127
100
94
140
198
227
212
222
228
228
206
105
93
171
117
73
63
91
153
73
103
74
98
70
97
90
79
107
134
119
58
66
63
70
73
86
77
84
64
139
130
111
105
85
64
52
47
54
71
221
234
168
121
162
44
37
48
36
36
56
52
49
38
30
84
62
44
52
26
164
127
205
239
221
118
35
53
35
54
82
53
42
32
47
50
58
48
30
37
57
56
83
48
43
22
138
84
41
43
41
104
212
105
44
39
41
22
30
38
49
47
73
96
26
77
62
39
42
43
140
98
89
73
31
55
154
207
195
177
231
216
220
218
218
223
225
203
89
73
66
73
79
75
52
51
50
47
74
69
44
50
56
36
47
62
48
63
56
39
47
64
61
68
66
56
72
53
39
31
51
52
47
35
39
39
38
47
53
59
69
56
59
64
64
71
68
82
87
71
94
56
38
56
74
77
111
109
77
99
97
101
115
71
75
76
57
67
79
81
60
61
82
72
55
83
55
55
75
41
56
51
49
65
51
48
54
49
35
69
73
64
68
74
50
67
58
50
62
65
39
57
63
42
39
35
29
41
41
43
44
51
35
40
32
35
39
47
57
76
89
46
72
79
99
101
80
61
56
48
37
30
42
33
124
69
54
40
76
145
221
197
202
174
213
225
213
203
77
126
41
134
156
86
138
181
194
223
175
89
171
78
61
140
60
54
61
87
51
39
44
52
36
42
26
35
48
37
64
60
74
103
67
70
57
53
62
55
50
54
56
32
25
43
51
48
49
64
61
53
121
211
166
186
224
208
226
226
227
224
224
224
222
226
226
226
227
227
227
227
228
228
228
225
225
225
225
225
225
225
225
225
225
224
224
224
224
224
224
224
224
223
224
223
222
222
221
221
222
222
222
222
222
221
221
222
222
222
222
222
222
220
222
223
220
220
222
216
216
160
122
96
148
108
195
118
72
77
62
145
109
157
243
227
220
220
220
233
204
109
103
72
64
104
126
98
90
94
69
94
72
91
98
70
84
95
61
90
67
56
50
45
48
46
66
80
86
98
70
71
91
47
44
53
74
57
104
224
214
98
52
60
56
49
45
35
51
25
39
51
52
121
99
44
50
13
170
116
208
245
210
45
35
40
26
82
80
47
23
50
53
36
51
53
63
19
32
93
71
50
50
26
25
41
66
103
22
189
180
64
53
42
42
33
38
43
46
69
92
46
9
122
67
32
48
43
54
69
70
66
104
188
198
102
95
112
227
216
217
221
222
223
225
191
163
212
57
78
77
74
60
65
67
74
82
82
61
63
43
39
51
44
54
57
52
35
48
63
55
58
46
46
61
45
39
57
56
49
52
48
44
54
54
48
40
58
58
65
67
55
67
42
47
70
77
47
73
55
61
68
68
76
97
102
79
108
122
93
104
56
47
39
42
50
42
58
39
63
89
65
59
82
60
63
63
47
73
50
40
55
62
53
54
37
38
36
68
73
67
60
57
63
53
50
57
63
30
44
54
37
25
32
35
39
52
51
34
49
33
21
40
39
73
103
59
71
67
81
116
134
111
75
71
73
57
38
40
35
43
34
137
118
30
118
161
101
159
170
199
190
234
227
216
198
127
78
76
146
147
203
199
155
201
159
84
68
137
167
92
71
83
54
49
64
64
39
38
55
71
38
46
53
62
51
47
41
45
116
172
53
52
79
71
39
45
60
54
26
37
46
46
41
46
55
44
72
152
183
129
188
150
154
230
225
226
226
225
224
226
226
226
225
226
227
227
227
227
228
229
225
224
225
225
225
225
225
225
225
225
224
224
224
224
224
224
224
223
222
224
223
222
223
222
222
222
222
222
222
222
222
222
222
222
222
222
221
221
222
220
222
221
220
220
220
213
123
128
168
171
105
153
109
89
85
95
125
137
207
171
198
226
216
221
223
226
175
84
81
60
129
96
75
68
66
65
60
73
49
68
82
78
92
68
56
63
59
43
44
54
80
60
71
43
60
57
68
117
61
70
47
65
53
55
146
190
131
44
67
91
73
41
39
37
96
71
47
121
42
124
46
52
26
175
56
208
234
170
34
39
26
94
157
41
75
90
100
114
33
48
49
54
32
70
79
68
45
46
49
69
97
157
96
15
94
71
45
43
45
40
48
40
45
30
141
126
11
62
132
62
69
51
59
56
66
83
59
146
174
136
116
186
134
183
227
214
220
223
223
228
213
216
160
60
71
73
64
82
86
72
78
59
65
64
54
29
35
46
47
61
58
48
36
47
57
58
59
44
64
62
48
56
71
64
52
48
117
67
53
59
41
36
65
112
83
64
67
57
33
42
56
55
51
67
66
78
67
85
85
98
95
82
95
111
81
91
67
40
38
49
55
40
48
43
58
74
59
43
63
66
65
49
63
68
47
62
55
53
53
57
57
48
47
72
76
57
57
63
62
52
50
54
67
33
48
69
51
25
42
48
39
45
58
39
45
95
48
19
39
75
74
52
54
62
101
101
115
68
58
72
67
50
32
41
63
59
55
72
75
27
175
148
86
154
174
215
183
203
226
220
205
208
104
77
153
96
231
167
154
197
132
45
73
198
161
68
60
56
89
70
56
39
46
54
47
91
51
47
56
64
48
54
47
50
115
149
67
44
61
56
35
53
59
66
50
51
50
52
54
47
56
57
116
183
121
133
186
144
178
233
225
227
227
227
226
227
226
226
226
226
226
225
226
227
226
226
224
224
224
225
225
225
225
225
225
224
223
223
223
223
223
223
223
223
223
224
223
222
222
222
223
223
223
222
222
222
221
225
222
222
222
222
222
220
222
219
223
221
221
219
225
211
166
175
209
139
81
81
72
78
75
99
97
167
223
114
122
228
224
217
232
200
114
108
176
157
119
58
73
63
91
60
57
66
47
86
76
82
76
66
50
61
58
50
53
65
77
39
48
65
42
79
84
80
148
77
46
54
51
34
74
106
82
53
35
62
56
45
42
24
120
77
38
78
20
79
49
48
42
103
23
167
182
86
47
40
36
105
113
42
104
111
151
187
40
51
45
30
43
71
39
37
26
38
73
134
196
223
181
57
118
62
52
47
48
51
72
56
48
34
83
79
68
125
72
94
114
52
59
71
52
73
89
151
102
150
153
132
105
206
223
215
220
224
221
219
122
96
73
66
62
65
72
114
106
86
62
54
62
48
30
30
48
59
56
55
47
47
52
45
46
45
43
42
59
58
42
52
56
57
47
50
113
63
46
60
57
64
121
147
95
86
88
58
42
51
69
69
61
62
66
72
71
93
90
101
82
74
80
82
72
84
68
50
43
52
62
54
47
57
58
68
53
39
51
63
53
47
64
56
63
74
57
53
52
58
60
52
68
67
63
50
54
61
59
51
47
47
60
43
42
59
58
41
47
51
47
32
54
50
41
84
67
21
51
66
49
48
58
77
85
69
90
48
50
81
72
42
26
39
70
63
59
53
46
38
150
93
96
157
216
239
140
186
224
225
215
217
87
63
173
94
129
121
144
120
97
35
96
208
105
54
47
48
109
77
46
37
50
69
46
64
60
43
44
54
100
50
47
69
99
69
65
39
39
44
49
55
58
63
61
50
56
61
82
111
84
68
183
215
165
192
215
159
220
228
225
226
228
228
229
227
225
226
225
226
226
225
226
226
226
225
225
225
225
225
225
225
224
225
225
224
224
223
223
223
223
223
223
223
223
223
223
223
222
222
222
223
222
222
222
222
223
223
222
222
224
220
222
220
222
222
220
222
222
220
222
216
216
200
145
98
59
108
73
65
91
114
82
192
212
167
112
211
220
174
149
141
101
126
180
175
89
52
82
116
98
61
68
64
56
80
54
68
60
65
58
46
52
58
60
59
48
24
41
63
47
80
77
72
142
62
64
52
44
40
48
49
45
60
77
41
55
58
42
30
75
70
47
40
21
86
75
32
45
41
22
100
99
53
50
39
46
81
66
43
124
113
152
168
58
61
45
31
43
38
57
70
71
35
63
98
163
181
140
155
143
57
49
47
51
56
75
72
57
51
30
67
117
83
43
103
85
58
57
69
41
49
128
149
150
167
136
70
101
181
227
218
220
222
227
230
121
45
91
67
63
57
92
127
103
88
54
59
72
42
38
53
71
73
68
53
39
45
56
42
43
34
39
49
44
51
35
40
57
58
48
58
70
63
64
65
62
89
141
110
100
106
85
65
64
58
92
90
59
77
64
73
87
80
88
97
74
70
71
62
63
71
65
59
38
46
68
66
49
69
63
65
52
62
48
52
45
53
70
70
67
67
67
54
63
60
53
59
70
53
51
51
51
58
58
50
46
31
45
47
42
51
53
55
57
66
90
36
40
54
45
37
50
44
61
71
41
47
63
70
68
75
68
50
41
68
67
40
30
32
53
50
115
84
56
49
96
106
91
142
216
207
133
197
221
220
223
210
54
66
180
125
70
85
145
73
61
73
94
156
121
55
72
62
118
60
41
52
58
59
51
34
48
50
39
47
127
57
59
61
69
40
54
48
52
54
56
52
59
49
60
57
56
64
92
146
102
100
162
198
219
220
234
189
231
228
227
230
232
227
227
226
224
225
225
225
226
225
226
226
226
225
225
225
224
224
224
224
224
225
225
224
223
223
223
223
223
223
223
223
223
223
223
223
222
222
222
222
222
222
222
222
224
222
224
221
224
220
223
220
222
222
221
222
222
222
222
223
226
201
93
89
113
192
92
75
169
147
105
216
221
232
180
215
207
149
55
85
103
95
103
96
69
68
115
142
73
67
68
53
51
48
40
49
57
76
51
46
56
56
51
48
41
28
36
48
125
104
64
95
108
49
65
73
55
78
49
67
54
63
124
43
52
55
44
43
34
48
47
42
30
81
73
53
43
28
78
75
49
61
46
39
49
70
64
50
135
101
117
99
60
56
51
41
40
23
97
143
137
50
59
108
79
146
117
154
93
43
49
51
54
57
67
72
68
63
43
95
116
24
42
105
59
52
57
57
47
43
98
102
148
120
113
119
126
97
194
217
220
223
222
168
148
92
102
69
71
55
97
97
79
76
64
58
70
60
74
77
70
63
72
61
46
51
49
42
51
51
79
75
52
47
42
52
69
64
54
61
61
77
84
68
50
73
75
64
98
98
76
70
79
59
84
73
53
98
75
90
103
77
81
92
77
63
64
65
55
58
76
64
38
51
67
70
63
72
66
59
54
77
39
45
51
55
85
93
49
76
83
61
88
66
60
73
61
39
48
54
51
63
69
61
60
40
33
45
49
63
51
50
79
102
132
75
56
63
50
42
36
49
62
72
27
47
50
37
65
84
36
37
35
47
45
40
37
25
42
45
154
80
56
73
128
121
107
126
131
118
181
160
224
212
207
219
64
69
129
110
86
89
170
84
57
180
79
110
150
44
162
67
99
41
40
48
59
50
58
33
36
51
45
56
72
80
74
44
50
61
67
65
78
66
68
58
54
50
68
66
88
72
92
105
84
181
119
123
176
210
224
230
227
225
226
227
209
229
230
225
224
225
225
225
226
225
225
226
225
225
225
225
224
224
224
224
224
225
224
223
223
223
223
223
223
223
223
222
222
223
223
223
223
221
222
222
222
222
222
222
224
224
224
220
223
224
221
221
220
218
223
221
222
222
222
224
217
184
144
147
212
227
117
129
238
143
130
194
189
210
211
214
211
166
65
76
52
56
68
50
65
80
125
86
68
68
62
45
41
42
43
48
61
70
37
74
75
51
40
46
57
38
29
75
197
148
62
84
108
39
49
118
74
95
53
98
76
70
85
48
36
40
41
37
28
29
34
37
45
30
46
102
43
36
124
75
51
53
50
33
59
70
74
125
116
96
97
52
42
35
48
47
36
58
105
127
126
68
112
211
116
197
182
103
77
51
60
67
58
63
75
71
76
67
59
83
109
89
78
104
76
38
51
54
59
52
42
43
42
63
92
168
125
36
128
215
218
226
212
116
115
99
59
71
66
59
86
60
70
80
77
69
62
74
78
69
53
54
54
59
48
65
57
53
61
66
106
94
67
42
55
70
50
47
49
57
49
63
68
64
61
44
26
78
92
93
97
81
68
64
61
55
57
75
75
85
104
82
80
88
79
44
61
70
55
62
87
66
46
64
53
56
77
62
64
65
47
62
25
47
59
53
79
82
64
99
94
104
101
72
66
79
55
35
50
53
44
74
79
78
86
88
35
46
35
54
56
46
94
111
106
120
117
88
52
63
54
48
67
56
44
54
39
24
48
49
33
25
38
54
46
39
30
28
50
59
41
42
54
125
214
48
189
118
56
58
182
83
232
209
159
209
76
40
61
69
54
173
148
46
39
204
107
61
64
44
194
69
36
24
33
40
37
61
61
39
54
38
43
59
35
62
48
56
53
70
82
68
82
87
106
58
49
63
81
46
166
115
140
114
72
212
215
112
141
236
219
225
210
185
220
181
151
208
215
228
223
226
225
225
226
225
224
225
225
225
225
225
224
224
224
224
224
224
224
223
223
223
223
223
223
223
223
223
223
223
223
223
223
222
222
223
222
222
222
222
225
221
222
222
221
222
219
221
221
220
221
222
220
225
208
193
214
168
209
238
229
224
188
214
221
91
97
99
71
139
140
165
207
164
97
94
57
73
77
63
61
79
73
36
77
66
64
65
39
48
44
56
66
39
35
85
84
70
53
49
57
46
44
95
119
117
56
51
45
28
58
144
67
60
57
62
108
88
39
55
51
45
35
35
34
48
38
39
34
44
59
91
44
47
76
59
62
61
55
23
71
64
94
206
64
123
97
21
35
32
40
59
36
111
100
25
57
58
182
213
184
204
112
164
110
43
59
65
57
73
91
81
79
68
51
46
98
190
199
85
58
46
41
67
56
53
61
60
52
47
33
131
128
68
137
222
218
220
225
234
157
76
75
61
53
57
78
64
83
76
69
60
48
56
52
51
59
64
43
63
52
55
53
63
64
46
64
72
66
42
55
54
57
51
58
61
62
63
61
61
58
55
66
102
83
83
96
59
58
71
70
83
69
68
53
75
80
66
89
82
58
44
56
48
65
78
82
81
63
57
63
56
53
67
63
57
43
44
37
48
46
53
83
73
89
78
116
129
87
87
86
68
57
57
55
53
47
86
66
61
65
73
53
57
44
63
60
89
109
68
91
94
120
112
82
93
70
68
54
62
60
45
51
38
36
44
50
42
49
51
39
43
45
35
63
69
31
56
55
146
132
105
216
171
114
62
60
99
237
188
150
215
110
18
66
58
90
196
85
101
57
71
113
34
25
45
83
54
46
37
40
27
25
46
53
52
56
59
50
44
38
40
60
67
46
49
60
54
85
207
111
47
55
63
93
61
153
216
228
192
111
77
217
197
133
212
228
225
149
138
223
90
135
106
135
235
221
224
224
224
227
226
225
225
225
225
225
225
224
224
224
223
223
223
224
223
223
223
223
223
223
223
223
223
223
223
222
222
222
223
223
223
223
222
222
222
224
223
221
221
227
204
219
221
222
218
224
226
224
231
190
122
199
234
238
194
153
211
237
241
199
65
73
61
65
39
95
183
120
169
58
58
73
76
60
59
66
70
94
59
33
80
64
63
60
55
47
51
44
27
45
51
60
102
63
53
54
57
57
35
46
68
66
51
38
48
65
87
58
77
51
24
113
90
44
49
46
45
56
113
71
40
45
48
35
46
50
32
44
28
88
153
75
112
44
40
51
56
86
89
43
61
65
34
23
57
65
68
70
101
89
44
52
38
172
123
35
98
106
41
31
50
61
46
57
86
93
67
74
66
45
48
31
95
236
170
52
60
53
65
49
64
53
52
48
42
79
139
167
228
205
224
219
214
213
223
219
139
65
54
48
64
63
49
62
64
56
61
67
69
73
62
57
43
73
90
50
56
42
57
72
61
61
44
59
60
42
41
46
49
62
72
77
45
52
65
50
63
88
106
78
71
62
59
76
76
86
61
46
76
68
75
78
35
105
71
58
41
49
78
91
81
54
69
58
60
63
56
40
48
50
44
44
60
63
49
75
94
74
85
65
62
83
74
77
78
112
71
68
70
62
69
77
105
82
76
99
45
54
70
63
57
31
80
105
88
85
39
36
102
93
133
84
67
51
59
33
29
40
41
41
35
15
42
41
39
40
36
42
56
54
61
78
105
46
72
64
226
119
156
96
32
41
53
191
170
180
118
69
21
44
32
53
39
54
188
204
133
103
38
121
83
40
24
36
43
34
20
31
32
46
30
19
46
115
114
46
98
78
70
40
52
55
125
213
229
99
126
80
122
114
144
49
239
233
245
183
48
142
95
53
91
158
231
207
214
118
138
122
120
155
229
222
224
224
225
226
225
225
225
225
225
226
225
224
224
224
223
223
223
224
223
223
223
223
223
223
223
223
223
223
223
223
223
223
223
223
223
223
222
222
222
223
224
223
222
233
174
162
190
220
227
213
209
222
155
98
153
118
166
239
135
137
213
223
231
173
55
93
120
87
63
126
127
69
101
83
74
62
47
83
88
74
84
92
57
17
142
77
63
54
101
110
33
46
31
42
32
27
19
44
59
59
50
34
101
90
47
64
53
33
33
54
52
67
75
39
16
23
36
39
178
129
29
30
119
164
43
38
35
34
49
39
44
58
30
190
239
118
55
35
47
46
64
65
62
70
56
54
48
69
82
63
67
60
62
81
51
42
36
74
21
27
138
106
50
64
41
44
43
43
33
57
84
63
94
42
41
53
67
180
200
47
39
36
20
100
131
69
45
60
88
193
169
191
131
87
222
237
237
232
214
236
209
52
40
41
78
72
53
61
64
55
65
59
73
54
54
53
58
104
89
65
48
44
47
66
62
51
65
74
65
66
36
36
39
38
40
35
35
44
41
49
56
65
70
79
72
60
61
73
91
76
43
101
98
62
60
53
72
71
55
56
54
73
81
81
61
41
47
60
74
61
51
51
43
43
57
82
76
67
60
76
58
69
64
71
90
94
43
48
61
80
61
64
72
54
77
85
79
75
78
67
54
31
51
58
53
72
89
60
69
70
85
87
79
88
63
73
90
65
34
52
52
46
48
37
27
41
35
27
34
47
41
46
52
41
45
70
75
29
42
52
50
95
113
139
159
156
198
85
177
103
95
53
54
90
28
68
72
69
192
170
98
43
53
77
93
141
118
110
23
25
16
33
44
38
60
154
109
84
78
89
163
29
114
142
186
172
211
237
218
173
47
64
80
76
93
128
234
224
224
230
231
174
143
119
106
48
191
224
118
62
220
162
222
236
226
224
225
225
226
224
223
224
225
225
225
225
225
224
223
224
223
223
223
224
223
223
223
223
223
223
223
223
224
223
223
223
223
223
223
223
223
223
222
222
222
224
221
223
224
214
201
230
221
227
222
155
203
206
100
94
163
155
83
169
138
168
210
212
178
56
82
95
100
98
35
166
117
71
95
77
72
69
76
114
58
61
65
49
38
16
98
69
72
59
144
114
31
42
36
45
41
44
45
42
59
67
55
31
127
91
86
62
50
49
38
123
43
48
36
90
129
99
49
63
84
69
50
52
11
32
52
51
34
51
37
36
49
53
45
95
207
99
46
42
51
79
75
44
52
58
74
59
70
72
47
57
63
60
62
74
56
48
42
54
59
43
55
43
78
53
65
63
77
44
82
80
70
70
86
48
27
44
57
218
116
47
64
36
178
88
82
76
62
57
67
177
86
69
48
200
206
157
155
144
227
226
218
150
32
38
64
83
63
49
59
55
54
70
44
52
64
65
64
62
45
47
48
61
47
52
47
59
64
46
57
75
54
46
42
25
20
21
30
41
57
100
65
47
60
66
60
44
74
68
69
58
67
97
71
60
50
52
65
78
76
55
56
57
70
58
74
58
69
62
43
56
54
66
64
47
75
86
60
31
35
64
64
70
70
93
95
67
50
55
58
62
39
38
48
54
70
86
44
57
61
39
45
31
22
32
49
65
61
57
62
85
113
68
53
68
39
54
94
58
45
66
58
56
50
44
42
38
35
29
52
63
50
37
40
39
48
55
36
30
48
75
125
44
61
126
163
187
187
88
171
82
124
47
45
73
23
93
89
70
110
139
163
35
99
76
76
147
131
147
88
46
35
35
46
58
93
232
128
92
101
73
30
28
126
180
224
231
162
114
118
179
113
135
146
117
134
186
212
224
223
235
228
228
210
210
223
108
108
145
118
153
191
76
185
229
227
224
224
224
226
225
224
225
224
224
225
225
224
223
223
224
223
223
223
224
223
223
223
223
223
223
223
223
224
223
223
223
222
222
222
223
223
222
222
222
223
224
221
223
221
237
180
173
132
156
241
227
224
143
113
109
102
171
109
73
123
169
166
86
103
65
80
71
49
125
146
104
78
97
71
116
99
78
70
70
85
64
71
70
51
25
42
76
138
65
128
112
78
42
64
37
42
52
50
39
44
57
54
42
60
45
104
44
51
58
48
118
41
36
31
93
176
65
35
49
31
80
137
49
47
33
53
51
44
37
36
59
76
38
46
26
89
58
67
54
59
62
133
139
34
53
69
58
56
48
55
40
46
46
37
38
60
61
50
51
42
50
44
60
55
69
89
65
39
35
83
111
76
100
88
105
106
43
55
158
73
50
55
45
125
50
111
53
52
66
72
112
82
194
197
227
126
54
61
63
149
180
199
214
49
43
58
85
69
52
48
57
52
58
41
65
68
64
66
51
32
42
46
56
42
53
59
62
59
51
54
61
50
39
40
29
31
48
54
59
60
88
67
48
67
65
65
50
66
63
60
55
67
59
61
75
58
48
61
59
66
58
56
50
69
74
68
47
57
68
58
65
68
68
68
60
58
53
43
34
45
80
66
74
73
65
74
60
52
73
61
46
42
49
41
45
64
78
49
65
48
45
53
65
37
25
30
33
88
73
88
67
64
48
41
67
60
32
63
60
50
36
51
36
40
49
60
54
62
32
55
81
33
33
37
58
57
49
47
39
50
66
103
49
97
151
91
116
90
87
84
80
100
40
65
62
75
65
92
104
113
173
224
26
77
69
181
205
156
119
158
36
43
52
58
58
62
121
90
123
204
103
70
85
135
108
109
196
167
50
49
184
212
191
125
118
142
191
230
235
216
227
186
98
130
102
117
117
115
98
163
225
203
152
215
227
228
226
224
224
226
223
225
224
225
225
225
225
224
224
224
224
224
224
224
224
224
223
224
223
222
223
223
223
223
223
223
223
223
223
223
222
222
223
223
223
222
223
221
221
228
200
148
171
128
159
121
169
229
209
83
70
92
86
140
86
163
190
154
74
53
69
93
94
72
91
116
60
69
77
77
71
54
59
68
60
71
45
61
65
53
66
68
161
214
86
134
71
65
51
50
51
48
45
42
51
50
44
47
35
62
109
72
95
61
59
58
54
61
42
39
59
113
40
39
39
32
96
119
54
53
41
49
38
44
80
30
54
76
33
40
27
35
37
55
69
60
59
123
104
52
53
56
65
64
60
73
55
61
51
35
36
53
60
56
38
40
54
79
63
43
57
71
50
74
77
51
89
111
128
32
142
168
55
121
108
42
25
33
47
68
56
139
72
50
82
66
63
103
128
215
210
95
44
42
51
76
137
190
154
65
59
63
70
71
56
53
56
49
50
54
54
56
52
61
44
37
50
50
42
45
69
64
62
56
44
42
51
48
53
67
46
58
61
63
54
87
115
97
78
74
70
79
74
75
59
48
56
63
59
73
63
60
93
42
44
69
77
68
76
65
67
52
57
63
65
63
67
71
56
68
60
51
43
47
43
41
63
73
55
57
61
74
59
68
70
56
45
48
49
34
33
42
45
48
64
48
38
48
71
63
33
24
46
87
73
92
58
65
51
35
45
73
36
45
63
40
24
33
31
36
48
61
68
60
29
47
72
25
34
34
48
54
38
49
50
61
57
47
49
101
119
59
84
77
66
52
63
62
46
67
71
137
42
95
115
90
185
237
37
116
108
230
237
121
59
119
36
95
71
173
104
40
85
110
118
140
60
133
88
121
89
134
177
133
101
148
160
199
112
65
130
68
183
205
178
178
170
141
72
68
125
125
87
97
125
207
172
229
222
229
229
228
223
225
225
226
225
225
224
225
225
225
225
224
224
224
224
224
225
224
224
224
224
224
223
223
223
223
223
223
223
223
223
223
223
222
222
222
222
223
222
222
220
221
221
228
208
194
189
154
181
122
131
227
177
90
97
78
88
135
111
107
118
149
81
65
96
83
86
66
53
66
57
44
77
79
72
52
39
57
67
54
39
49
59
59
77
84
189
185
80
165
65
70
58
34
56
43
45
49
54
58
61
47
29
53
102
108
106
59
57
46
51
63
42
48
53
42
35
28
32
98
71
56
48
65
61
38
29
30
61
32
41
45
34
39
21
21
43
58
61
49
47
65
65
64
46
51
55
55
73
73
66
59
52
50
31
45
53
57
51
43
49
73
54
44
42
65
70
107
72
50
70
79
65
25
112
165
69
93
108
54
69
38
51
60
54
103
63
62
81
58
52
80
61
127
157
64
34
131
77
63
151
139
100
56
56
48
55
66
59
64
55
41
41
49
37
46
47
50
42
39
51
46
50
48
57
50
64
62
51
52
61
60
62
65
62
75
67
70
95
125
108
99
97
70
80
68
70
72
62
50
54
52
79
68
43
50
107
40
37
59
68
60
71
57
57
48
64
68
57
59
58
66
63
53
50
60
61
48
42
43
64
74
44
55
73
75
53
77
51
47
53
50
30
31
31
32
34
48
51
44
44
51
53
60
42
34
79
74
59
74
69
86
57
31
30
57
43
32
40
27
29
33
34
46
51
62
50
52
31
35
52
37
36
37
37
46
49
40
53
50
67
54
49
80
76
108
92
69
58
69
52
51
51
60
138
136
54
142
152
109
193
165
61
154
154
219
175
61
31
56
56
127
65
206
129
78
77
147
125
87
52
106
79
91
75
170
182
163
193
215
187
207
124
59
159
75
146
153
128
113
148
124
73
69
180
155
150
96
106
209
145
210
238
227
228
226
224
225
226
224
227
225
224
225
225
225
225
224
225
224
224
224
225
224
224
224
224
223
223
223
223
223
223
223
223
223
223
223
223
222
222
222
222
223
222
222
220
220
223
222
224
225
219
159
136
189
184
226
158
97
163
126
125
113
103
85
77
103
75
86
86
64
52
43
45
54
59
52
88
60
102
60
36
58
47
32
43
51
51
57
120
107
140
101
69
116
67
77
75
47
45
56
57
58
60
62
65
50
45
45
59
75
68
61
52
46
53
61
46
71
54
28
41
74
40
125
53
73
43
72
72
60
45
37
44
44
37
33
37
33
58
71
56
58
43
33
42
43
45
44
47
59
54
39
60
74
81
52
44
50
36
42
44
56
52
51
35
45
48
49
44
53
86
115
95
76
47
53
45
21
67
145
58
57
87
61
95
47
47
58
54
56
51
57
59
84
89
63
89
151
125
67
103
145
64
58
100
75
123
44
51
43
51
58
52
63
55
50
42
42
36
45
51
47
52
37
50
60
60
50
53
46
66
68
57
59
67
67
68
55
63
68
65
66
121
126
96
92
89
59
74
39
60
79
70
65
48
50
107
55
31
35
61
62
62
45
49
45
64
56
56
58
61
55
52
60
59
62
68
50
56
59
61
48
58
60
68
69
43
65
78
68
48
64
32
40
49
56
29
38
44
41
44
53
43
42
72
84
57
63
63
60
88
65
46
49
59
56
45
29
29
40
39
23
23
28
45
51
39
47
47
58
28
76
58
31
52
51
39
48
43
42
111
37
50
40
121
130
35
62
58
137
78
57
65
80
54
55
48
61
190
169
139
139
162
103
171
91
58
125
153
132
164
62
40
39
52
97
53
165
165
153
39
125
162
122
105
57
81
74
62
108
194
155
216
211
217
237
195
104
164
151
71
98
107
96
145
102
80
115
195
162
227
107
86
212
196
206
232
226
226
225
226
223
226
226
224
225
224
225
225
225
225
224
225
224
224
224
224
224
224
224
225
223
223
224
224
223
223
223
223
223
223
223
223
223
222
222
222
223
222
222
221
221
223
221
223
226
218
150
107
163
203
218
163
95
210
187
118
93
89
114
89
73
86
88
61
61
56
52
51
63
58
64
84
56
100
62
53
59
42
30
54
58
83
129
156
176
162
103
73
68
75
69
76
55
54
92
62
57
58
55
61
58
92
49
54
35
40
60
50
57
49
61
58
82
44
63
67
149
78
107
55
143
52
115
100
125
49
45
46
38
35
39
39
33
94
96
50
48
36
37
44
48
41
33
56
73
69
41
51
71
77
52
45
57
50
42
35
36
67
51
55
101
55
40
49
85
124
144
136
77
40
43
58
67
97
172
55
50
56
55
71
45
45
126
93
51
61
47
43
90
101
102
128
138
85
109
203
137
69
55
39
44
101
51
53
54
53
53
39
51
55
63
53
56
56
52
52
52
57
34
49
72
49
62
86
65
64
65
44
47
59
59
65
57
53
50
52
46
88
106
114
90
62
58
72
48
76
111
70
63
45
70
120
49
35
40
31
77
98
45
47
53
71
56
59
74
64
59
53
61
65
60
55
61
64
47
45
60
78
67
52
67
60
64
68
61
52
66
35
38
50
61
51
57
63
49
41
53
45
48
82
106
92
90
90
102
80
54
36
44
41
13
29
40
45
41
35
31
41
40
59
64
48
37
30
45
37
92
71
35
63
53
41
50
42
44
124
58
59
57
158
171
48
85
65
88
46
61
64
68
58
52
40
62
155
208
178
58
98
48
97
73
40
58
95
63
208
85
55
72
46
62
106
161
192
166
20
79
166
125
122
59
90
103
87
75
216
112
181
220
220
190
186
170
174
178
25
65
100
107
102
63
113
163
174
179
221
130
150
226
238
232
226
225
224
226
225
224
225
228
222
224
225
225
225
225
225
224
225
225
224
224
224
224
224
224
225
223
223
224
223
223
223
223
223
223
223
223
223
223
223
222
223
223
222
222
221
222
222
225
223
224
170
157
158
90
137
188
135
86
179
163
82
74
85
112
82
78
92
73
50
78
86
70
54
67
60
66
68
74
78
74
69
57
66
48
63
63
156
190
130
243
230
138
84
80
78
59
62
46
73
99
59
58
49
45
63
61
105
53
72
51
48
66
55
57
53
65
72
65
37
78
70
135
86
68
49
135
52
135
134
179
37
33
47
54
38
41
36
49
72
55
38
44
43
55
43
48
49
42
66
86
69
51
57
50
51
48
49
66
49
41
24
44
109
37
95
163
111
94
102
174
172
174
142
49
56
31
61
177
190
194
54
45
50
51
46
41
46
175
120
64
66
57
70
67
65
147
148
63
81
178
216
170
153
101
51
61
83
62
45
49
56
58
39
42
53
63
71
83
82
65
47
49
49
34
42
46
45
83
98
81
62
56
42
46
58
52
43
53
48
40
37
30
73
104
102
65
45
74
100
94
90
116
65
41
48
85
86
39
47
70
65
62
84
47
48
67
58
53
78
94
80
94
62
59
53
56
47
57
44
44
54
74
63
58
49
70
88
52
51
58
68
102
61
37
78
58
58
74
69
45
25
52
48
46
50
71
111
94
92
124
84
42
37
62
53
29
31
55
66
46
36
44
58
48
56
57
51
35
20
38
64
63
36
34
53
52
33
33
34
49
31
89
76
76
100
114
119
133
84
34
42
50
49
51
63
42
28
52
74
115
64
17
41
42
32
71
51
26
54
115
130
40
59
104
77
69
201
188
122
81
51
70
109
82
110
86
122
155
108
137
221
179
158
214
211
112
162
228
223
177
100
97
125
87
52
50
105
159
114
193
159
173
218
205
228
227
222
223
223
227
225
225
224
225
225
225
225
225
225
225
225
224
225
225
224
224
224
224
224
224
225
224
224
224
222
223
224
223
223
223
223
223
223
223
223
223
223
223
223
222
224
223
222
224
225
215
159
183
181
99
124
154
109
76
71
84
69
66
70
77
59
66
54
55
35
87
74
46
58
65
68
97
63
73
81
93
68
70
68
48
54
71
186
109
128
229
163
74
86
72
59
66
61
49
71
66
66
64
46
46
56
52
46
58
67
45
65
90
54
44
50
77
82
50
48
53
24
42
31
22
29
48
36
52
108
154
45
26
75
151
67
36
31
54
37
29
43
46
49
59
42
51
48
38
73
86
42
45
45
31
37
39
43
42
35
42
20
104
129
23
92
121
203
230
219
236
178
175
126
49
71
63
107
245
243
135
19
47
45
44
43
37
35
63
70
58
51
77
126
80
53
141
178
106
164
216
131
170
239
181
105
117
176
69
58
60
63
66
52
43
63
87
114
101
84
81
47
47
58
51
46
51
81
86
49
71
63
40
57
50
56
51
54
75
64
42
33
40
100
77
61
44
63
96
86
80
68
60
69
55
52
61
41
45
52
66
64
46
54
44
44
45
50
70
109
100
83
81
78
64
36
44
57
61
37
48
63
65
54
56
63
58
52
50
50
64
80
88
68
39
78
61
58
52
43
44
26
67
46
31
28
44
80
79
77
80
81
45
60
47
41
30
34
29
49
47
26
40
53
53
60
31
41
30
25
29
61
86
37
29
47
71
29
28
74
57
36
68
61
68
35
81
115
75
69
41
45
42
46
55
70
38
27
47
45
49
33
54
60
58
44
59
63
49
131
106
13
29
43
58
44
55
162
173
54
51
73
58
116
185
231
114
161
140
58
65
153
214
125
133
113
186
240
219
211
243
245
185
191
138
65
60
45
100
91
200
59
141
169
179
234
224
226
222
226
226
224
222
226
223
225
224
225
225
225
225
224
224
225
225
224
224
224
224
224
225
224
224
224
223
222
223
224
224
223
223
223
223
223
223
223
223
223
223
223
222
223
225
222
223
221
223
240
182
83
102
223
173
133
141
44
79
71
91
52
75
72
58
45
61
42
67
51
31
52
53
105
119
67
68
119
120
70
77
46
40
54
102
137
118
236
168
58
72
67
46
66
81
61
55
93
80
85
54
35
56
73
63
48
67
61
41
75
66
40
25
65
81
68
48
68
72
49
65
42
46
36
53
70
24
50
62
40
34
130
216
107
24
30
34
39
31
31
39
56
49
44
54
31
33
84
54
35
34
21
43
42
52
65
35
42
62
39
91
128
31
70
192
223
225
234
226
209
241
102
75
88
142
170
218
214
93
31
46
34
32
33
32
31
27
45
79
66
66
112
89
67
142
111
68
144
104
43
159
195
168
190
183
100
60
57
52
54
57
44
66
84
81
85
66
54
63
46
44
58
65
62
51
107
38
40
103
71
42
44
60
59
59
58
50
101
69
46
111
97
71
55
40
52
72
51
55
60
68
65
68
70
67
82
84
61
79
71
65
64
62
59
47
49
76
65
46
64
42
60
44
28
38
75
69
48
50
48
45
62
59
42
31
45
36
45
54
37
45
68
33
60
73
53
39
36
28
35
51
33
23
55
79
127
78
57
65
41
55
57
66
35
37
24
27
37
24
37
68
40
44
37
26
29
18
20
27
37
62
22
55
88
73
84
79
99
58
36
41
43
65
57
38
21
43
35
37
37
47
39
61
64
35
30
58
60
81
98
76
38
43
33
39
49
108
180
78
46
32
27
51
53
70
104
93
77
161
53
120
224
238
212
70
92
150
150
82
148
237
200
216
214
242
226
222
215
216
233
245
221
135
75
46
59
81
129
68
75
132
90
180
233
222
225
222
222
226
239
229
225
227
225
222
225
225
225
224
224
224
224
225
224
224
224
224
224
225
224
225
223
223
223
223
223
224
224
224
224
224
224
224
223
223
223
224
224
223
222
223
219
224
225
223
218
168
145
102
154
185
188
200
160
84
50
66
63
77
65
42
56
50
71
55
50
66
42
60
153
123
71
157
235
117
61
80
45
47
79
214
97
122
240
200
99
74
46
54
76
68
46
70
79
48
43
30
53
133
119
80
63
69
64
37
64
55
62
53
104
42
46
55
90
48
39
36
18
107
110
104
121
95
118
94
59
25
58
102
66
44
37
33
29
30
36
36
16
39
43
43
60
47
48
34
38
24
37
46
73
105
112
45
54
55
46
45
173
60
80
198
205
214
222
230
243
212
32
56
72
79
71
48
90
38
38
34
39
48
43
36
38
57
88
108
78
48
52
52
57
104
54
94
91
46
54
52
44
82
219
113
33
58
47
33
52
46
48
51
80
80
77
60
62
66
55
40
52
59
61
67
84
48
51
71
58
33
43
35
41
47
48
88
124
60
55
58
64
66
57
60
51
50
46
45
59
72
43
48
73
90
84
77
82
69
57
70
72
79
82
65
62
68
51
35
47
41
33
44
40
37
42
52
59
54
62
69
62
40
35
32
30
54
43
38
44
48
62
53
54
52
44
54
54
48
57
53
51
94
123
90
104
53
47
91
87
48
43
35
51
40
16
23
28
37
55
54
62
49
26
27
20
45
44
56
45
18
40
60
58
79
63
58
65
50
38
57
49
52
68
52
42
38
29
34
46
45
47
53
56
30
44
83
75
38
37
24
29
33
83
73
46
111
142
122
149
44
124
165
36
131
50
123
230
221
18
220
226
209
239
136
173
206
232
208
232
225
153
172
228
215
111
206
208
225
229
221
225
156
48
64
82
41
147
115
50
137
101
158
239
225
226
223
222
231
168
229
224
225
226
224
227
225
224
224
224
223
224
225
224
224
224
224
224
225
225
225
223
223
224
223
222
224
224
224
224
223
223
223
223
223
223
224
223
223
222
222
223
222
220
223
239
170
172
86
68
110
107
163
215
228
172
84
86
71
46
85
53
42
55
85
67
84
74
48
28
34
31
208
118
40
66
56
66
43
74
135
96
203
166
157
167
147
77
84
86
70
55
58
60
46
42
41
26
75
92
163
131
125
118
84
83
58
65
64
128
106
42
72
50
42
50
40
37
70
72
88
79
104
198
123
62
50
32
60
65
44
31
27
30
37
47
50
36
32
33
28
47
35
35
53
57
43
43
32
35
24
9
9
20
23
12
3
143
41
21
128
226
207
214
224
218
131
172
131
164
96
46
35
28
36
52
28
39
59
30
36
49
58
78
44
40
41
51
45
36
28
60
66
58
111
86
71
25
108
151
177
47
58
54
43
52
71
67
57
65
67
77
77
43
63
62
57
54
62
71
58
57
57
62
59
49
43
53
36
37
37
47
54
85
54
80
125
101
64
67
73
49
47
50
49
61
49
28
46
50
50
51
55
50
39
62
61
41
60
53
50
44
59
71
52
49
33
38
55
76
69
80
66
53
50
53
65
57
56
46
43
36
47
45
44
55
49
48
52
46
43
49
51
54
43
45
23
39
98
91
43
107
58
46
39
71
34
32
34
24
39
46
44
20
56
94
58
45
46
45
34
20
39
53
40
35
36
51
59
52
67
50
53
48
40
56
52
54
53
51
53
60
50
23
34
50
56
48
41
52
35
51
70
57
60
69
53
72
53
82
88
50
126
158
80
139
50
160
127
183
121
26
106
194
115
74
239
235
217
237
216
218
231
226
221
234
170
157
189
170
93
110
223
199
220
219
235
240
149
55
112
35
31
105
181
41
73
105
119
131
230
234
226
234
219
128
211
230
223
225
226
226
224
226
223
223
226
225
223
224
226
221
225
223
220
223
224
221
221
225
221
226
224
223
226
224
221
223
222
223
224
223
223
224
224
222
223
224
223
218
226
192
130
98
139
188
133
98
201
214
194
135
61
33
140
107
55
45
117
33
62
80
87
91
44
86
125
150
203
64
58
53
80
48
52
64
67
175
227
199
148
97
98
81
89
79
53
37
69
68
53
47
81
101
36
81
161
99
79
145
109
142
126
207
116
55
81
61
66
60
59
54
40
30
73
68
106
58
159
230
115
46
26
32
42
33
34
27
37
48
42
49
52
38
33
34
104
131
35
44
43
40
46
30
24
28
26
42
61
43
58
133
168
51
92
66
145
170
213
225
218
215
219
238
187
95
102
53
49
57
59
50
44
124
49
102
89
46
51
61
63
51
62
61
51
69
74
62
44
74
114
78
55
36
42
41
95
143
47
39
48
52
71
63
58
55
55
57
74
47
68
64
58
61
43
63
61
65
78
59
31
31
42
55
51
30
35
42
42
54
49
131
174
102
67
72
62
63
78
57
50
56
54
35
41
55
67
45
54
63
62
76
48
43
46
41
33
27
53
68
49
45
50
55
65
81
79
93
58
50
51
35
47
43
58
56
43
38
25
43
45
45
47
51
46
37
36
35
49
62
71
44
28
62
76
69
76
49
71
66
38
41
47
38
44
32
28
47
48
58
72
60
37
38
37
41
52
42
33
44
42
43
25
42
75
73
62
45
50
38
42
50
44
52
50
45
48
44
48
50
53
55
45
53
56
72
39
40
46
51
54
42
53
66
58
110
64
33
70
90
81
85
133
126
144
198
33
134
172
155
56
64
115
140
208
231
226
230
229
230
237
233
193
184
204
153
127
119
183
180
230
224
175
216
198
183
102
62
62
78
182
86
129
113
99
175
231
165
230
205
182
212
225
225
225
223
226
223
225
224
227
225
222
222
221
226
223
223
221
223
236
233
224
224
224
223
221
222
224
224
221
224
226
225
223
223
224
224
223
224
224
222
221
222
222
218
227
189
151
167
223
207
153
126
229
220
213
97
43
44
122
142
48
58
182
71
76
80
89
124
41
145
95
77
120
48
64
79
104
60
19
95
118
221
240
115
154
167
98
50
57
67
90
107
59
76
61
61
87
120
33
62
116
92
39
119
157
78
84
159
63
66
90
71
61
70
65
48
64
35
49
33
98
136
225
103
39
39
112
58
50
59
38
49
53
71
35
37
34
41
42
35
91
124
37
32
22
17
18
32
25
31
52
58
51
39
35
69
105
43
73
65
173
160
213
218
218
219
224
235
224
196
157
46
78
86
68
59
65
93
43
70
77
61
73
62
47
46
73
72
49
52
55
38
31
39
36
61
88
51
47
34
80
145
56
49
50
54
52
52
47
50
42
43
66
75
80
76
69
52
54
53
56
69
68
47
30
58
66
50
49
32
31
36
51
94
60
117
110
75
67
66
66
79
67
64
53
44
43
39
48
69
76
59
59
61
60
64
58
49
57
56
56
34
60
49
49
58
45
49
56
62
68
88
49
56
66
47
62
58
58
54
45
43
30
35
47
46
44
52
50
31
30
35
57
78
76
81
49
50
43
64
72
26
56
63
52
31
62
39
34
37
42
62
30
49
61
43
21
39
38
29
40
34
30
45
34
32
17
43
80
61
48
41
44
47
51
44
40
47
43
52
53
41
45
49
59
56
42
55
57
66
36
36
42
48
54
22
37
41
54
121
52
29
69
58
58
56
150
191
135
80
106
142
111
72
110
106
47
80
199
226
226
231
229
222
184
231
210
190
226
171
111
82
107
123
184
158
108
110
133
151
122
181
159
62
84
158
148
106
109
169
158
87
151
137
156
245
232
224
222
224
222
220
222
221
227
226
225
222
232
208
230
233
227
194
190
191
223
224
223
222
222
222
223
224
222
223
223
221
222
223
223
223
223
223
223
222
221
222
223
220
224
220
216
220
239
145
95
175
233
224
227
184
134
63
82
83
52
96
197
144
68
86
131
107
70
172
94
110
156
78
63
70
90
166
135
157
102
219
208
142
137
128
172
141
124
128
146
140
60
90
72
87
87
134
160
107
95
100
71
154
133
62
99
105
46
76
72
74
52
69
47
52
129
64
36
48
54
115
181
79
118
107
115
34
103
90
42
45
63
60
41
43
31
27
32
31
36
42
23
33
26
20
58
45
28
27
40
42
40
53
59
73
55
24
152
70
176
200
217
225
217
220
219
184
235
231
140
51
53
52
77
79
66
67
55
43
62
44
57
45
45
48
54
65
44
60
110
45
35
38
62
68
57
51
41
90
76
66
58
66
56
51
43
56
51
45
42
50
62
70
73
66
59
51
60
46
47
52
48
44
35
80
53
41
36
30
29
35
48
77
62
90
76
60
65
56
65
62
33
61
69
51
30
35
57
64
53
63
59
51
39
50
62
58
58
58
79
79
80
54
50
69
62
47
53
47
65
66
50
52
61
59
60
61
61
60
56
37
31
37
47
44
43
47
47
38
32
38
57
71
71
90
68
61
40
56
49
38
42
53
54
22
75
54
36
37
62
64
22
25
41
50
44
42
34
25
35
48
43
57
32
34
21
35
59
46
41
36
35
53
54
49
53
52
45
56
47
50
47
44
52
49
43
42
44
56
28
36
48
52
64
47
37
37
51
79
42
34
70
50
42
39
130
179
72
100
202
101
81
74
126
131
32
83
172
228
227
226
229
220
170
221
178
171
239
148
73
60
61
74
105
85
76
89
91
86
106
235
229
144
51
109
109
94
173
98
92
74
130
138
178
194
146
197
233
226
224
231
228
227
226
224
223
226
234
159
205
217
196
159
112
143
227
224
222
223
222
223
222
224
222
223
221
222
223
223
223
223
222
222
223
223
223
222
223
223
221
227
229
226
236
159
124
218
227
228
224
237
209
72
104
109
79
100
214
138
36
118
181
106
173
154
149
173
202
99
65
104
163
191
208
176
75
177
187
208
121
135
222
225
215
210
193
114
65
86
70
78
72
117
193
145
105
102
99
125
85
80
97
87
60
73
61
57
46
53
51
43
102
77
30
80
58
147
88
65
119
115
65
35
83
67
52
33
46
49
47
32
20
24
23
32
27
12
14
42
30
60
157
24
31
27
27
29
48
62
134
164
68
50
208
79
161
214
209
211
218
216
229
96
174
204
113
52
32
54
85
59
62
52
50
47
53
41
66
58
63
48
55
48
61
129
172
51
41
87
106
78
40
42
48
114
109
40
62
73
56
51
44
55
54
42
45
56
51
44
52
44
47
52
53
52
48
38
41
47
36
64
52
49
34
29
27
35
36
35
49
94
66
46
53
51
68
50
41
53
58
55
33
38
55
53
52
60
64
62
46
42
54
56
49
62
69
91
74
55
52
63
70
50
55
48
66
53
58
42
44
61
52
57
66
69
58
41
32
37
41
42
41
39
36
44
42
39
52
76
95
76
65
72
55
53
41
48
44
55
55
23
64
69
48
35
62
76
45
44
50
55
57
38
30
37
64
62
52
56
37
37
24
35
46
47
55
41
37
45
48
51
55
61
45
54
46
57
44
40
44
41
42
40
37
51
23
44
49
50
71
75
38
42
48
46
30
35
57
45
36
36
84
83
39
128
134
57
91
149
145
177
77
145
147
228
223
228
230
230
212
187
136
159
222
89
47
61
47
52
59
61
71
83
77
73
83
221
199
215
139
112
104
76
174
56
68
78
132
114
176
129
85
183
213
216
223
212
214
220
225
222
225
232
202
121
180
179
162
142
120
177
228
223
224
223
223
224
223
221
221
225
221
224
223
223
223
223
223
222
222
223
223
222
221
225
221
220
219
222
232
206
200
228
223
226
222
218
157
51
170
168
122
116
211
166
70
169
218
172
210
81
140
151
162
124
89
157
198
123
214
201
117
162
210
231
159
197
229
233
235
235
221
102
69
94
55
52
56
68
104
117
122
94
82
72
64
85
63
83
71
74
63
55
55
44
86
42
47
55
35
73
91
153
102
62
63
62
44
66
68
48
60
26
25
44
32
50
48
21
22
32
54
98
89
38
27
65
156
11
33
30
28
38
51
43
125
156
65
78
174
74
133
148
135
135
213
224
219
45
116
181
126
51
69
59
55
35
69
73
56
41
43
47
82
91
102
49
49
46
63
117
165
115
54
77
77
58
46
47
54
77
90
71
64
71
51
55
51
41
42
41
40
46
42
36
44
34
53
49
50
56
50
42
42
43
39
36
59
75
47
33
26
30
29
28
57
108
47
50
54
57
69
61
72
47
55
70
50
50
51
58
74
61
79
83
73
43
50
51
55
73
56
61
53
43
47
49
50
52
54
62
66
53
56
42
48
63
58
58
64
57
52
55
41
32
36
35
38
37
51
45
40
38
56
94
103
67
54
55
57
65
56
51
51
56
66
45
49
69
49
42
51
80
64
74
71
47
34
34
31
46
86
52
52
48
42
33
31
56
51
57
85
45
40
31
36
45
42
60
44
59
54
51
36
37
35
38
35
44
40
41
21
51
46
45
56
62
35
37
45
43
30
44
51
44
31
46
44
41
57
83
41
17
56
154
147
184
130
191
178
230
227
230
222
230
219
167
134
150
189
91
72
58
45
49
53
61
72
54
65
104
109
182
133
218
184
184
108
65
95
63
74
70
100
57
110
103
103
183
174
207
215
147
164
189
228
230
221
196
154
154
197
178
186
174
203
234
226
223
222
222
223
223
224
222
223
222
221
222
223
223
223
223
223
222
222
224
223
222
220
223
223
222
224
224
222
220
228
223
222
218
224
208
96
79
222
152
174
178
180
210
171
212
229
242
147
19
67
110
150
167
133
195
144
86
230
236
186
186
232
221
218
226
223
224
224
228
237
117
104
141
45
56
65
45
37
97
109
68
46
58
59
69
44
68
74
79
64
65
62
46
96
58
50
41
44
50
126
83
126
106
65
30
44
82
92
84
68
21
22
31
24
85
82
15
23
29
60
185
189
29
27
28
53
17
35
35
29
67
48
21
63
60
44
88
100
65
112
89
52
60
170
188
150
67
85
145
134
48
90
41
30
41
64
91
65
33
52
50
69
94
115
72
33
57
50
61
143
167
56
27
32
33
45
56
44
31
27
84
49
64
54
53
57
29
28
36
36
36
47
44
51
38
62
51
49
39
37
53
37
37
40
24
25
76
56
41
33
29
32
38
91
94
59
83
72
63
50
58
63
56
111
105
66
73
64
70
66
68
85
76
75
59
56
64
71
67
65
46
51
38
34
43
42
54
50
72
65
51
45
54
67
67
61
52
54
35
54
52
46
38
43
30
46
66
103
57
21
33
67
87
57
59
56
39
47
67
68
59
51
45
60
56
59
59
41
50
41
38
44
56
57
40
23
38
32
33
58
43
58
49
49
46
45
67
45
54
93
36
33
25
27
37
35
56
53
65
51
36
37
42
33
37
28
34
42
33
21
41
49
62
25
30
40
40
47
30
42
70
48
54
43
45
46
66
59
83
83
30
30
99
77
67
124
151
225
234
208
177
172
169
158
167
137
111
176
177
134
54
55
56
42
48
62
69
93
118
141
122
138
234
116
133
51
69
60
71
93
79
74
59
56
113
128
147
178
221
186
117
149
181
231
219
180
116
122
209
209
191
227
229
241
222
226
222
222
224
220
222
222
223
224
219
223
223
223
223
222
222
223
222
222
224
223
223
221
221
223
223
223
224
221
227
225
226
227
219
225
227
166
190
210
91
195
229
161
151
224
185
173
219
126
33
46
136
217
160
157
232
125
97
226
229
215
208
222
219
225
222
225
223
220
216
217
131
134
152
53
81
80
66
52
119
66
45
43
46
53
54
55
52
70
74
64
49
42
41
56
57
66
66
42
50
132
53
28
113
85
48
27
65
74
118
82
21
21
25
49
81
57
21
31
40
38
142
153
32
29
44
26
20
39
38
22
100
67
24
68
39
51
99
48
60
96
116
47
53
89
73
80
104
52
70
86
35
34
46
81
56
47
57
47
50
70
65
61
62
65
90
45
68
66
88
165
101
41
41
42
40
41
46
38
29
29
56
64
57
54
42
39
31
29
32
37
37
52
50
40
51
63
57
46
27
32
51
32
51
34
24
30
33
43
53
42
56
66
75
84
57
70
62
52
50
39
34
45
97
128
76
83
119
97
65
53
91
67
57
58
65
76
73
59
47
48
41
35
35
41
44
36
37
53
51
46
51
55
64
59
67
63
51
51
53
58
51
57
50
50
55
80
131
136
86
24
34
65
80
65
57
52
33
41
30
34
44
43
43
26
28
53
39
45
30
17
28
33
37
36
56
45
42
35
30
28
35
54
37
52
63
44
55
26
34
56
38
34
27
34
28
33
58
50
45
48
42
41
47
58
35
34
43
51
35
28
39
60
91
35
33
46
59
56
24
51
65
35
76
65
29
36
44
40
45
28
117
120
162
104
14
142
109
144
194
92
42
83
44
101
80
66
57
181
184
89
54
64
62
35
48
63
61
120
41
90
96
183
246
175
79
51
57
70
69
78
73
50
40
75
140
181
91
169
212
120
189
241
238
217
140
122
119
109
148
135
96
187
216
230
231
220
224
227
223
222
222
222
220
223
226
227
221
223
223
222
222
222
222
222
223
223
224
223
221
221
223
223
220
225
226
225
215
224
228
223
219
222
203
100
52
110
213
142
164
214
65
63
162
191
71
60
138
145
40
147
229
126
52
151
236
224
228
235
230
219
220
221
141
136
129
119
162
56
34
62
68
49
58
61
38
46
83
91
54
65
73
80
79
52
59
51
28
25
29
37
34
47
65
46
44
45
53
37
12
65
71
33
37
54
78
65
31
6
67
83
90
63
20
63
70
41
62
23
27
30
133
96
65
42
24
21
110
89
27
47
30
39
42
34
38
42
107
48
31
34
25
119
91
73
40
38
34
26
52
135
60
80
52
49
49
28
81
90
41
35
43
49
85
77
53
158
102
56
47
39
33
40
36
41
42
45
32
80
64
72
73
43
40
31
38
51
41
52
68
39
46
41
64
42
50
54
32
42
58
60
46
30
60
63
60
73
74
78
74
52
49
59
65
54
34
36
18
48
92
81
79
100
110
96
68
71
80
53
38
52
73
75
40
39
34
43
52
41
43
47
45
46
43
51
43
53
54
59
50
59
62
53
41
50
70
84
58
48
53
50
57
102
81
100
111
38
37
52
69
83
55
74
51
52
40
31
44
41
44
34
33
41
26
44
49
22
29
41
48
40
42
41
35
46
40
39
34
32
26
47
40
57
84
44
35
63
33
34
27
31
30
58
61
45
44
41
38
35
40
41
29
34
44
49
28
36
47
71
84
48
54
59
55
53
36
26
35
50
51
30
51
37
103
51
46
35
120
185
82
29
30
176
136
48
36
99
41
69
68
41
54
60
51
78
63
23
27
59
59
48
70
197
148
56
51
27
54
151
230
233
187
88
48
55
52
14
39
24
69
81
133
191
70
98
132
114
165
217
220
221
176
176
186
208
196
123
180
233
234
194
200
225
219
214
222
226
225
233
239
234
167
222
224
223
222
222
222
222
223
222
223
223
221
222
224
221
222
225
221
225
221
234
166
120
179
231
223
202
93
44
134
63
103
116
237
240
173
178
238
216
158
64
100
105
33
200
174
106
57
115
227
128
151
191
151
202
209
148
53
153
165
54
60
107
45
67
42
47
60
55
35
45
80
59
55
79
77
37
59
67
55
29
35
30
33
46
38
46
43
87
131
93
63
50
31
25
46
42
35
26
57
47
35
2
141
180
58
35
3
132
128
45
91
91
29
37
94
59
80
52
40
60
80
13
34
35
47
29
43
45
55
50
46
58
30
55
78
136
13
55
47
50
40
55
48
23
49
64
37
71
45
59
92
83
61
38
38
51
61
95
126
196
218
39
42
56
47
27
16
24
32
48
23
61
59
60
65
60
52
28
32
42
38
54
64
46
65
59
60
30
42
43
49
55
49
51
60
30
49
67
56
43
49
39
47
54
52
32
64
45
24
40
57
38
90
83
69
46
37
59
60
55
46
62
70
71
49
29
76
60
75
69
51
53
38
40
46
60
54
58
57
64
61
57
54
40
64
65
51
58
53
54
44
43
41
63
38
106
133
76
68
54
28
48
74
69
67
81
36
34
46
32
43
42
59
50
55
21
31
42
40
23
12
48
47
42
30
37
41
41
28
56
71
73
61
51
32
57
74
43
30
44
37
36
28
31
24
67
76
45
41
22
41
30
37
44
51
50
54
45
22
20
26
33
47
57
77
48
42
51
27
38
41
44
25
65
51
31
55
72
65
70
56
113
38
44
230
128
51
95
150
65
38
68
110
47
77
54
46
42
61
37
28
36
50
47
60
232
155
58
65
50
133
158
172
236
150
47
50
77
101
63
93
128
81
59
107
109
66
58
110
142
118
189
191
231
233
244
240
241
127
89
120
174
232
106
117
231
218
200
218
213
228
206
172
246
144
175
231
223
227
223
224
220
223
220
222
220
224
222
222
225
221
222
223
218
224
201
203
170
96
244
236
151
70
44
191
134
113
105
116
188
242
201
214
195
131
117
215
95
138
241
235
209
105
124
174
92
27
41
66
105
220
195
234
242
176
68
63
42
38
53
87
117
32
75
45
70
82
36
47
53
51
46
58
70
61
28
23
26
36
36
44
32
11
69
78
50
56
75
22
17
53
50
37
29
41
39
31
18
69
88
48
40
30
46
56
73
91
13
28
38
18
37
91
30
163
81
33
56
38
27
85
120
67
88
61
69
55
84
70
47
45
60
51
52
38
34
38
36
99
60
45
30
48
32
51
140
99
97
79
121
107
40
124
233
162
124
118
158
69
47
31
7
58
36
32
41
71
53
56
36
33
50
39
50
35
40
38
38
42
53
63
60
50
42
37
32
30
50
41
40
48
36
47
38
37
32
24
57
49
49
26
24
87
73
61
48
44
84
92
60
48
46
63
56
44
35
34
69
61
43
36
43
60
56
48
68
55
46
35
41
37
35
57
61
57
66
46
55
43
43
60
60
71
67
55
61
54
42
30
53
75
67
105
54
41
39
22
60
89
79
102
63
43
54
53
52
41
40
44
42
52
32
33
24
24
18
13
32
42
43
28
34
46
51
31
28
68
77
69
63
49
40
52
40
26
57
41
45
69
32
57
78
63
43
52
44
30
28
37
43
50
35
43
45
28
34
136
105
57
56
36
44
52
35
25
32
37
29
33
77
67
32
44
56
63
58
56
52
44
58
103
201
62
91
144
29
58
71
64
51
44
48
51
52
63
49
41
48
59
41
74
142
58
64
39
63
70
71
117
226
38
75
97
90
94
104
64
82
78
60
105
111
70
70
89
73
145
149
223
232
243
207
179
220
121
103
136
130
218
219
200
197
149
117
134
173
141
157
80
157
127
185
226
221
223
221
223
224
225
220
221
220
222
224
223
228
223
224
219
224
224
225
209
229
193
154
224
146
91
77
210
193
107
79
91
90
226
229
174
83
162
159
133
107
169
231
189
211
221
224
85
71
87
167
203
200
195
227
250
205
61
77
51
53
53
50
60
49
36
61
96
105
103
63
35
43
33
40
50
61
54
37
41
56
82
124
82
152
169
52
73
35
37
88
49
60
29
39
41
32
8
25
33
23
57
27
34
24
35
26
36
64
73
139
94
88
41
53
98
20
51
32
55
58
30
35
68
124
79
48
27
46
43
61
45
61
68
57
54
53
39
41
38
22
72
136
61
35
69
47
47
61
49
28
170
218
135
66
109
233
150
48
113
234
171
41
21
36
124
41
36
70
84
39
57
45
59
76
69
54
32
50
44
35
29
50
66
58
50
56
52
34
47
47
31
39
43
36
24
24
27
30
36
61
40
35
41
55
64
74
70
37
44
108
76
68
72
53
66
62
48
42
40
57
58
48
28
40
45
42
46
49
66
86
79
55
37
33
34
43
51
62
51
45
50
54
77
89
94
84
72
81
63
45
36
38
65
61
58
56
54
43
25
56
91
87
79
70
57
50
53
63
49
38
33
39
52
35
49
34
25
11
20
59
64
50
41
37
43
80
53
37
59
56
54
56
55
40
44
41
31
50
41
37
52
49
63
58
54
42
38
47
22
21
23
38
33
47
49
37
28
49
103
136
71
44
31
36
33
28
29
33
33
37
32
34
81
51
49
48
53
53
55
67
126
155
23
158
149
149
86
41
55
64
57
44
48
49
57
46
61
67
63
72
78
63
59
65
49
61
84
70
59
51
138
148
53
66
82
90
60
71
52
66
88
63
77
72
61
75
67
50
140
188
228
225
163
118
98
82
72
90
151
197
231
231
236
193
138
148
68
165
149
109
88
108
119
146
237
231
223
227
225
223
225
219
224
222
223
223
224
226
223
223
222
217
232
214
166
215
180
119
136
157
111
105
115
169
134
131
155
103
186
233
226
204
128
96
97
103
74
161
121
100
225
239
77
64
122
189
209
224
147
98
145
154
135
100
70
129
52
41
44
55
46
57
87
114
122
61
43
54
47
51
42
55
34
51
164
199
184
194
136
174
171
43
56
43
33
34
34
104
72
18
51
36
99
56
42
38
33
31
32
30
39
27
41
57
142
162
73
65
48
84
79
28
54
37
43
34
37
41
78
89
76
34
38
54
37
36
49
54
95
92
43
50
52
51
45
66
62
87
45
46
43
41
46
60
63
51
159
86
47
101
135
180
94
63
152
126
93
38
19
77
147
162
66
96
80
53
59
65
86
78
74
50
29
53
57
37
19
45
44
39
54
55
62
46
48
33
24
34
34
35
29
23
25
19
23
45
38
36
62
43
36
61
50
41
52
86
59
83
61
61
72
63
56
58
53
60
64
74
46
59
43
46
51
55
70
99
91
76
62
58
37
47
55
45
28
35
57
71
83
95
73
75
72
72
60
50
38
34
50
63
48
48
58
63
22
50
88
84
64
70
77
48
59
87
43
30
33
40
54
31
62
40
57
16
40
71
46
49
54
35
49
87
71
43
34
40
43
44
63
41
43
45
35
43
38
35
40
53
51
46
59
39
31
34
31
25
24
40
28
42
45
50
29
90
135
93
74
64
38
37
49
49
38
40
36
33
26
26
50
34
36
45
40
52
59
62
114
204
128
141
151
208
182
70
48
55
49
36
48
36
38
36
50
53
52
65
68
69
59
47
53
44
59
68
89
58
79
73
51
61
63
98
75
72
96
100
98
86
87
73
68
55
78
113
191
126
165
143
130
92
96
152
143
149
176
212
220
174
229
217
194
193
96
126
144
74
117
189
165
124
171
163
212
206
221
225
225
227
219
223
222
224
229
222
226
223
228
235
186
159
145
218
197
100
117
163
86
90
57
84
83
166
206
117
161
195
174
127
133
190
155
188
167
178
167
90
157
166
159
65
59
113
136
224
157
63
55
154
160
79
76
82
71
68
52
60
79
64
124
91
60
47
59
56
124
71
57
50
34
34
104
196
227
200
144
75
144
88
45
52
93
130
58
67
70
45
39
55
187
88
42
35
19
24
25
33
37
59
92
69
103
89
54
78
133
186
94
41
125
44
44
51
43
40
52
67
62
52
55
57
44
49
51
45
63
75
60
59
57
55
41
153
113
55
35
39
38
52
56
41
35
84
104
33
20
50
170
127
66
72
113
78
66
56
32
60
207
225
96
134
163
60
54
60
77
71
71
60
39
52
59
38
32
52
38
37
58
50
59
61
35
14
24
33
27
38
38
30
28
16
26
48
36
39
49
29
28
44
50
54
53
57
57
74
69
87
84
63
72
75
72
76
84
76
62
55
42
52
48
47
64
77
69
67
60
81
55
47
52
39
45
46
55
70
65
90
71
72
62
43
47
48
45
40
46
58
51
49
79
73
47
77
79
71
58
66
72
45
62
92
46
32
33
50
53
30
54
71
93
62
46
56
46
56
48
39
60
69
54
53
56
40
44
42
48
43
54
45
35
32
37
41
42
48
47
47
61
40
43
45
52
35
24
37
43
37
76
96
25
102
118
61
98
95
32
43
53
54
39
35
35
30
27
31
27
53
38
34
33
43
55
53
60
130
159
177
94
124
149
63
58
42
36
35
54
43
39
35
39
38
43
59
60
45
51
43
44
47
56
54
63
60
50
48
49
106
67
95
90
81
110
96
98
72
69
66
46
32
103
192
209
114
142
152
108
81
88
169
153
137
171
193
146
131
153
182
162
139
136
140
105
87
90
179
197
113
122
90
200
141
230
229
227
215
228
223
221
225
228
223
223
225
214
185
156
164
196
231
176
95
115
126
82
102
66
60
60
129
195
164
179
189
182
103
124
155
127
161
236
204
177
161
99
71
141
151
89
101
131
147
171
71
71
105
100
83
79
55
69
100
65
50
100
53
119
62
49
65
74
58
97
53
62
57
51
43
46
92
111
171
162
48
124
138
34
46
130
197
97
39
52
114
44
48
135
57
34
23
44
111
51
39
41
56
78
59
109
125
44
94
191
240
171
121
167
38
28
53
48
34
51
77
46
51
68
52
40
61
58
40
49
56
49
42
55
58
52
92
99
66
77
75
30
56
48
62
31
42
46
32
32
61
117
74
52
49
53
168
139
51
31
117
242
234
124
85
107
58
65
58
70
71
68
66
52
51
47
39
42
52
45
45
57
63
66
73
33
19
35
41
19
32
37
32
31
19
36
42
32
43
41
36
20
35
50
49
52
43
57
64
77
104
77
61
85
82
65
75
81
64
67
59
43
66
63
41
54
55
60
66
74
73
81
54
56
78
108
69
65
72
52
82
76
66
54
46
48
49
53
49
47
57
73
72
88
72
79
97
67
62
50
67
59
42
50
66
57
36
36
59
59
26
56
94
87
84
57
57
58
59
43
41
65
49
37
65
81
47
49
46
36
40
48
53
41
24
42
57
59
52
52
55
54
42
47
51
56
45
21
29
41
40
77
88
25
127
67
76
91
86
33
44
43
43
36
43
37
36
34
34
31
64
43
34
34
32
45
51
45
50
101
211
81
50
137
54
51
34
39
46
55
52
46
44
38
33
46
52
52
41
41
38
35
89
64
49
30
47
60
53
45
88
63
81
66
70
79
79
97
74
51
48
23
27
87
192
211
186
190
172
80
68
103
95
127
108
188
149
86
98
92
121
96
89
143
121
88
107
76
98
166
123
115
98
182
142
229
204
219
179
206
231
223
222
222
224
221
225
213
166
191
217
226
172
113
100
93
97
104
113
87
69
71
65
151
221
219
209
211
188
121
67
65
65
174
136
106
186
107
66
122
172
167
160
97
78
186
84
88
68
73
72
56
55
51
72
54
58
136
93
93
62
67
85
83
61
47
36
58
67
58
53
69
124
96
99
110
43
114
159
60
82
150
185
64
34
40
114
41
35
56
32
34
30
58
120
50
44
46
40
50
55
111
109
47
117
222
224
161
174
141
86
90
57
42
30
60
66
128
71
86
62
39
52
54
31
45
42
40
105
85
46
58
25
51
90
148
123
80
66
87
141
98
38
76
86
127
139
58
84
47
35
62
197
171
40
83
202
227
154
133
84
33
65
81
76
76
62
60
54
50
44
31
39
35
40
44
49
58
72
68
64
43
42
45
47
20
21
36
32
33
32
49
35
36
48
45
47
20
39
38
44
49
52
70
86
68
96
56
53
77
64
44
55
60
60
64
69
46
89
110
72
58
61
79
92
96
65
98
75
73
114
129
86
86
78
59
73
69
56
59
72
61
51
53
52
55
59
89
84
73
67
93
84
60
58
47
81
45
40
35
37
53
35
42
62
69
29
64
76
58
54
63
64
53
49
41
33
61
43
39
63
73
46
48
45
34
33
37
87
59
19
45
72
74
60
51
56
53
43
39
40
44
51
34
28
22
50
57
45
33
190
89
78
50
53
48
41
35
34
41
55
46
45
37
38
49
39
32
36
44
31
42
51
58
37
51
188
118
57
166
54
35
35
43
50
43
45
44
48
51
26
41
44
44
51
32
31
40
144
56
74
31
35
51
54
38
34
54
69
47
60
56
74
83
87
64
44
29
40
61
116
185
237
196
119
78
88
150
70
121
125
200
109
80
86
108
86
89
98
129
73
94
103
100
66
112
124
106
128
150
187
200
182
207
162
182
234
217
225
221
222
223
223
224
212
233
239
188
87
115
128
78
96
117
110
83
64
72
41
103
243
236
225
218
236
103
62
87
52
86
66
79
160
133
124
158
110
151
187
48
45
173
149
124
90
85
79
75
100
69
54
86
129
199
141
81
78
82
104
60
55
46
41
54
59
53
53
71
195
212
96
44
21
80
115
86
102
124
153
20
46
33
61
28
28
44
43
36
39
41
57
47
40
41
28
47
69
74
32
72
172
217
157
55
108
71
134
191
111
34
39
51
42
162
86
99
78
45
38
42
41
36
31
63
185
93
53
84
33
35
78
135
111
143
126
182
189
126
65
106
142
216
164
51
97
52
50
118
130
158
97
186
219
157
82
95
130
39
80
72
77
64
36
49
39
35
33
28
38
34
34
39
53
62
52
44
48
46
55
49
41
30
20
46
44
47
57
64
51
45
47
35
43
41
49
46
53
53
76
91
111
75
81
51
56
61
42
46
39
54
63
61
43
59
118
139
102
84
86
89
95
84
76
89
82
79
95
80
81
93
64
59
61
66
59
66
69
65
53
48
47
57
46
74
71
65
57
93
62
59
49
47
94
27
37
40
33
37
39
49
65
69
44
57
57
46
30
43
47
41
41
33
25
50
48
34
43
50
32
35
35
29
32
45
106
65
24
47
70
63
54
44
46
62
46
35
40
38
46
54
44
18
51
67
45
45
225
128
39
34
45
53
44
31
38
52
47
48
43
35
45
62
30
26
33
50
46
54
50
54
48
34
101
104
47
76
43
38
35
32
37
31
40
43
41
54
22
33
55
59
38
17
38
50
137
54
94
37
39
34
45
44
52
62
64
69
64
56
57
55
69
84
44
41
64
115
76
100
198
107
73
109
151
160
107
102
130
140
113
88
94
136
91
107
101
110
97
92
96
98
85
84
79
72
86
119
146
157
195
213
182
197
211
187
225
224
222
223
222
217
229
226
217
161
107
205
183
90
85
103
114
80
70
86
60
71
227
226
233
232
164
63
109
161
100
67
83
115
138
145
168
153
92
69
125
70
30
133
216
203
104
70
128
174
206
124
123
161
177
205
105
65
78
108
123
32
39
47
43
48
43
56
61
26
98
213
198
97
49
22
27
52
43
64
104
54
93
31
48
30
12
48
41
28
31
31
69
78
35
36
36
43
70
67
49
121
209
133
68
6
23
33
108
186
140
43
48
43
50
39
46
79
65
44
38
47
65
49
33
73
119
37
109
126
27
37
36
29
57
156
211
241
184
81
35
70
126
186
110
47
40
50
63
118
130
199
204
228
173
64
125
43
84
35
93
66
46
41
34
44
45
38
30
42
46
51
39
39
45
53
39
40
58
35
61
57
38
20
32
52
57
67
68
39
40
35
36
34
37
42
54
75
46
83
87
73
76
98
68
61
81
72
58
59
38
46
72
62
19
89
144
98
65
109
104
67
53
89
54
67
64
63
83
78
60
79
47
33
35
69
57
54
46
61
63
53
52
32
30
74
85
65
55
86
63
63
45
25
72
36
42
60
43
38
48
49
55
64
50
60
78
37
36
44
39
36
47
40
34
38
44
23
22
16
19
23
22
37
38
36
48
40
57
65
58
42
47
43
54
66
47
31
40
38
34
46
64
23
20
51
47
59
165
38
35
43
46
47
51
40
55
55
44
32
33
37
54
59
50
53
55
45
61
64
45
49
51
57
14
18
33
27
42
34
31
37
35
31
43
47
48
28
34
43
72
79
35
27
86
50
37
46
51
47
49
59
33
46
56
57
65
71
62
49
46
49
67
94
37
36
98
238
122
63
142
78
92
121
199
113
100
87
90
80
127
88
66
91
122
85
88
94
116
103
90
76
89
60
66
51
40
136
89
137
197
223
190
179
185
147
180
193
229
220
221
220
221
224
212
206
218
241
217
103
68
80
104
100
97
148
88
76
192
228
236
201
33
120
189
171
65
78
75
73
108
197
216
114
76
80
35
44
107
168
131
117
68
82
81
210
226
155
173
104
55
94
62
57
83
107
74
107
44
55
49
47
55
58
44
49
45
114
188
164
110
55
19
19
32
99
11
62
123
35
40
35
13
39
31
30
33
57
51
41
40
48
140
78
64
57
65
146
135
36
39
33
74
68
115
112
28
44
30
41
61
47
26
26
30
42
40
52
43
89
54
31
7
23
127
78
33
36
31
26
48
194
188
193
206
132
33
137
99
166
94
35
35
32
55
48
198
230
189
166
123
35
138
48
23
31
83
62
53
46
47
36
54
39
41
39
44
48
32
32
44
34
36
26
27
15
45
33
56
57
52
41
48
38
40
18
11
16
28
35
46
52
62
55
39
77
66
53
41
54
87
60
79
68
56
69
61
54
67
50
42
114
89
74
57
107
103
67
63
97
51
48
52
75
68
89
65
58
74
45
42
91
54
46
52
44
46
53
55
57
69
77
60
46
63
80
83
53
38
27
40
51
52
53
36
45
50
32
25
45
51
19
37
26
36
31
34
34
37
47
52
28
30
28
14
22
24
24
29
29
30
39
58
64
45
48
30
29
39
29
79
80
40
50
26
32
39
58
70
51
39
55
50
31
29
50
57
42
40
44
44
47
53
34
34
33
47
43
51
57
54
56
52
54
46
47
59
51
42
92
71
45
31
27
38
36
35
39
30
32
32
36
51
37
47
43
40
34
36
64
70
63
48
33
47
45
57
58
50
45
41
47
52
51
75
78
68
67
34
76
80
66
93
235
98
138
239
154
78
86
151
87
98
87
60
57
59
52
84
70
46
64
76
76
60
96
81
96
104
85
208
131
70
241
232
214
211
213
214
180
226
189
144
70
235
219
229
224
221
223
231
239
234
191
206
99
86
132
141
66
88
178
168
55
134
153
218
195
58
174
145
112
34
128
151
172
210
143
99
47
51
131
73
40
190
216
107
13
41
126
98
195
156
213
171
70
58
100
50
84
64
101
26
216
108
60
53
52
63
60
41
40
129
96
161
142
206
239
89
42
26
31
22
36
33
39
79
141
21
30
34
29
2
128
95
36
27
86
223
131
75
52
104
44
20
36
85
83
80
64
107
62
24
24
30
46
36
28
22
25
26
27
19
25
27
126
138
14
34
56
39
23
28
30
26
90
39
82
27
48
71
97
25
92
80
139
80
54
39
56
86
51
211
141
19
129
133
20
45
34
38
42
51
54
54
42
38
47
32
41
56
49
64
46
45
48
38
21
50
72
45
33
41
47
56
44
29
22
50
46
58
46
65
68
78
52
53
70
52
47
51
53
65
49
61
82
78
73
67
47
42
53
47
49
51
43
55
83
65
59
66
119
73
59
65
75
55
47
52
59
60
81
60
56
50
38
40
73
63
51
49
46
42
41
35
65
89
69
49
43
54
70
56
59
48
41
53
34
39
41
34
43
37
47
46
36
42
24
29
25
34
52
69
34
31
34
25
16
15
25
26
27
45
46
45
42
44
53
67
73
46
30
28
32
18
40
70
37
39
58
32
32
38
63
73
62
39
49
51
46
32
32
39
31
37
38
42
43
40
63
29
28
54
58
43
40
51
45
63
58
49
45
42
41
24
108
108
66
47
37
36
45
44
40
33
23
24
25
37
28
37
34
41
32
22
38
45
84
128
71
36
36
26
17
30
114
50
47
42
51
115
47
68
45
35
58
98
75
85
195
72
240
179
70
86
113
103
93
111
104
93
78
41
38
53
64
68
43
32
142
146
114
95
84
81
83
140
192
97
247
230
230
212
234
242
163
200
124
202
58
218
224
180
222
222
216
219
226
231
87
148
112
91
157
152
131
214
175
180
54
116
76
205
230
243
220
145
31
80
237
165
120
173
77
32
78
90
78
47
62
191
65
62
67
36
109
111
204
158
141
153
166
97
47
62
129
21
33
25
65
45
46
63
47
54
44
52
49
139
115
90
182
212
217
179
42
37
38
78
20
34
52
61
96
44
48
41
29
17
46
63
45
20
88
121
106
57
57
24
44
82
63
35
30
211
207
127
47
59
36
41
38
19
52
43
31
31
29
30
30
31
78
77
26
27
59
61
31
24
19
19
65
123
49
105
31
34
88
67
52
91
37
105
58
39
39
60
21
96
43
54
41
26
32
37
37
42
37
44
42
33
25
34
35
32
36
36
45
62
48
54
54
48
64
72
65
74
66
73
60
63
70
43
53
48
52
54
50
86
67
58
62
63
44
42
42
67
74
54
56
60
55
42
64
68
42
55
63
59
66
59
51
36
73
116
105
57
86
50
40
66
60
39
43
42
56
78
56
53
54
44
49
53
72
46
51
58
73
51
53
41
73
74
50
57
46
53
48
68
46
40
31
29
14
25
17
28
38
42
31
41
37
37
46
44
33
30
39
42
35
43
34
47
36
36
43
35
34
62
55
78
55
43
33
35
49
58
36
39
32
46
65
51
32
43
47
37
29
33
52
43
49
58
48
38
45
39
30
36
26
30
26
41
26
70
190
38
30
49
37
31
30
31
42
44
44
52
48
51
57
31
31
55
74
40
33
30
43
30
43
91
18
30
31
33
34
52
48
37
34
39
70
43
104
90
99
62
28
24
22
35
108
66
62
49
48
44
47
53
48
65
35
80
101
90
129
117
93
51
45
89
57
103
146
131
103
109
71
104
60
55
93
76
47
52
166
108
109
86
82
58
104
103
107
61
243
219
220
221
210
109
151
156
132
108
106
193
210
97
170
241
237
231
223
233
149
78
179
200
218
239
204
184
104
110
53
108
118
126
205
224
214
199
182
179
186
177
83
55
64
47
66
90
57
93
100
105
56
59
61
129
95
78
173
80
82
83
45
42
44
57
67
40
41
40
158
64
127
73
41
78
62
83
113
30
220
169
58
38
40
27
14
31
39
94
31
44
43
30
24
28
37
47
27
27
23
25
38
33
91
105
177
75
53
53
83
112
75
48
4
153
243
136
68
86
43
28
30
36
42
46
42
38
34
30
39
39
81
57
7
50
42
26
33
30
38
32
33
51
40
113
63
52
91
74
61
91
39
60
44
34
62
65
15
15
45
50
40
31
38
41
37
39
31
31
39
34
22
27
31
46
50
47
23
46
63
51
44
56
99
93
79
78
70
67
60
74
66
60
60
44
44
56
50
63
63
64
48
39
49
57
54
45
67
62
57
50
56
36
58
57
53
62
48
40
58
54
53
82
103
98
96
77
73
84
59
64
54
49
38
56
71
71
58
61
56
52
54
56
62
45
50
71
78
69
59
50
78
50
44
54
33
64
31
56
51
43
28
30
28
25
43
54
53
52
48
41
35
61
49
47
39
31
31
28
32
35
37
50
45
53
42
35
47
49
43
44
31
39
38
27
38
42
35
34
43
43
48
33
40
29
29
36
37
37
39
32
39
66
38
41
43
44
34
35
22
26
32
33
30
40
54
31
36
33
64
64
22
46
52
63
53
51
59
58
56
35
30
46
95
40
27
27
43
44
58
33
28
37
35
52
53
43
53
26
34
68
77
38
42
48
40
38
33
31
33
89
49
28
41
42
50
45
56
42
75
82
34
84
108
91
111
76
110
79
45
69
48
90
103
123
114
115
68
144
201
203
206
126
98
186
205
92
33
119
93
131
99
174
176
77
233
229
231
236
161
76
146
145
84
75
86
104
152
85
168
144
138
176
224
240
207
111
234
237
236
219
111
86
78
64
52
121
87
111
221
136
91
106
203
183
75
74
57
49
72
48
48
50
48
117
111
64
67
68
65
84
82
97
99
109
88
55
49
47
39
49
53
54
63
101
169
204
171
51
108
67
62
89
48
48
113
80
38
58
81
136
127
64
26
36
36
54
53
44
38
29
21
49
34
27
59
43
37
35
58
118
100
55
47
74
47
84
98
182
41
134
244
150
80
53
55
56
53
58
55
51
58
51
60
48
29
33
36
34
148
125
41
25
40
58
43
45
38
31
32
35
46
45
46
31
26
36
47
67
26
106
118
36
69
149
61
41
41
34
34
40
44
36
31
25
27
27
30
37
48
62
72
65
31
36
44
47
59
76
94
114
87
82
61
67
69
51
39
60
59
38
52
66
60
72
79
66
49
34
55
46
41
21
53
70
65
60
46
47
54
47
48
53
64
47
54
48
71
135
89
73
69
108
127
124
62
64
51
62
50
64
79
80
91
60
78
67
57
51
78
81
73
68
77
77
63
49
49
37
37
52
41
49
33
55
64
64
45
73
38
31
66
59
42
46
43
44
46
48
43
41
43
37
27
27
37
35
41
46
43
39
40
37
49
47
39
32
24
39
39
29
32
39
32
41
48
31
33
33
37
46
52
41
50
48
40
30
31
41
42
42
34
44
43
34
24
34
37
34
37
50
28
22
33
29
53
47
31
62
49
70
54
41
57
72
54
40
42
28
58
57
24
28
36
43
61
25
11
33
36
43
41
35
37
33
38
46
46
32
52
38
29
33
52
51
59
87
47
30
35
37
45
52
56
49
58
52
54
73
90
100
91
72
86
63
53
78
70
101
99
103
134
117
130
187
150
164
246
170
79
206
233
187
117
167
143
217
149
226
199
121
216
212
202
225
196
73
92
100
112
89
95
100
87
82
150
113
122
165
223
234
114
190
239
237
246
119
70
52
66
59
37
71
75
168
150
62
53
49
137
157
101
46
52
52
55
47
48
63
56
88
89
52
67
69
82
84
80
103
61
79
67
69
55
56
55
50
44
61
58
162
129
208
148
121
208
60
116
100
49
71
47
68
101
102
104
191
160
124
42
31
50
56
41
51
41
51
28
42
32
16
89
151
50
30
29
50
52
58
61
59
43
70
81
177
40
207
187
75
89
52
66
66
63
56
50
61
62
48
38
35
34
31
27
19
111
121
32
60
78
30
28
28
39
38
51
48
51
54
54
37
74
52
38
44
53
79
72
38
41
140
68
39
68
28
28
45
71
42
33
50
47
32
41
44
59
66
67
62
42
35
43
55
68
82
67
84
66
66
65
72
66
45
44
62
68
45
49
49
71
69
61
53
52
53
55
49
62
55
58
62
72
71
51
41
50
49
53
47
60
50
51
39
90
107
70
93
84
96
120
100
53
68
57
84
80
80
85
94
107
83
78
71
75
66
89
90
85
63
43
63
70
47
36
44
36
45
39
35
32
57
69
71
76
90
47
45
51
48
36
43
33
36
39
36
38
36
39
39
25
34
31
26
35
37
30
32
43
34
32
35
25
28
33
41
37
29
35
43
46
61
48
35
32
40
38
43
48
42
40
53
47
35
27
33
39
34
26
32
42
35
33
37
30
34
34
37
27
31
36
78
62
46
66
60
67
80
47
48
53
66
40
40
42
16
44
45
75
81
33
48
52
20
97
44
25
30
29
32
34
39
34
31
60
30
52
31
35
32
58
69
77
74
52
38
43
45
48
43
40
52
39
34
53
60
73
95
112
55
80
65
47
87
92
104
96
77
114
114
157
174
101
125
249
190
112
219
230
231
208
194
204
235
212
232
215
197
232
186
163
143
183
78
96
96
148
100
108
110
83
81
107
106
128
201
235
237
134
232
231
226
199
89
89
138
129
114
109
45
107
186
67
49
65
58
88
86
86
42
66
56
51
45
50
57
54
69
68
46
67
80
94
78
79
90
79
48
51
63
49
63
70
45
70
80
36
110
89
104
156
191
207
55
86
56
84
96
40
84
140
121
48
85
76
93
49
49
54
40
34
39
24
76
65
34
28
20
67
167
55
23
65
88
67
74
81
58
56
83
132
130
54
151
82
29
73
128
39
41
53
45
22
34
46
40
27
36
36
38
35
60
62
52
32
74
80
17
28
23
29
50
60
49
51
50
40
44
76
49
50
61
53
40
51
45
34
66
90
65
59
57
40
45
48
44
36
75
70
50
54
38
52
61
55
56
49
37
44
53
68
79
75
70
57
58
65
66
67
59
50
69
53
52
50
49
63
47
35
39
41
65
63
72
68
69
69
59
69
69
65
53
57
52
65
61
52
37
46
46
101
79
78
113
86
71
67
59
61
74
63
95
74
78
83
77
90
88
69
63
72
69
110
89
87
61
40
66
59
45
46
40
41
42
40
47
63
80
75
71
96
98
53
52
33
35
34
40
25
24
28
29
34
32
36
41
43
60
33
37
44
30
32
30
37
34
24
24
20
24
35
40
32
35
34
46
66
62
50
45
36
39
36
32
34
34
26
43
48
39
29
36
35
27
24
27
40
35
34
29
29
30
29
26
22
65
60
99
78
54
72
37
69
67
58
64
54
54
41
48
45
30
56
37
105
136
89
49
50
39
131
47
37
32
27
32
37
33
30
28
69
26
40
41
44
39
66
67
61
65
44
29
44
49
39
29
27
60
44
38
53
60
79
89
126
64
111
103
54
93
87
85
73
57
72
93
121
145
164
179
240
208
191
231
224
224
228
155
212
226
229
231
229
231
234
203
171
114
135
96
136
96
117
99
102
106
110
84
81
94
113
184
194
216
218
231
228
203
142
86
95
217
210
159
140
73
110
162
60
55
70
75
65
47
59
69
114
58
65
57
39
50
55
82
59
60
58
86
101
63
66
86
93
55
59
55
64
54
61
46
121
108
28
47
72
52
147
226
204
94
132
109
86
87
68
72
111
90
57
17
22
45
52
55
46
31
44
34
25
70
58
29
43
33
37
100
49
36
94
102
59
62
71
119
56
80
155
99
63
93
73
56
53
165
26
24
43
34
41
51
37
39
34
41
34
42
36
59
99
73
36
58
51
30
37
32
27
47
42
34
40
72
123
38
49
51
65
66
40
92
94
44
48
108
111
103
64
71
40
37
28
42
35
74
68
59
50
37
47
44
43
59
73
60
43
43
67
93
93
87
82
64
55
52
65
59
38
69
37
54
55
62
47
41
33
35
40
54
68
79
49
50
62
61
64
61
73
78
55
54
72
72
46
28
42
71
95
76
82
103
62
66
40
61
93
99
94
81
51
58
69
60
78
67
60
57
56
74
106
82
73
56
74
89
64
66
80
54
52
62
69
83
107
92
85
76
75
88
55
43
33
31
28
38
23
29
39
29
31
27
35
38
50
68
43
49
60
40
39
31
41
46
34
33
27
24
34
33
30
37
31
44
71
52
47
38
32
28
30
31
30
26
28
38
50
40
36
33
35
27
23
28
39
32
28
28
37
26
30
37
38
75
93
110
101
51
60
29
42
51
91
57
51
44
51
55
50
38
52
49
72
113
133
34
42
62
60
67
59
39
27
31
32
23
22
61
74
24
36
45
46
45
64
47
39
68
51
27
40
42
38
23
30
69
46
36
53
55
79
88
102
85
107
104
72
87
72
65
68
55
62
84
84
125
227
234
230
227
235
222
217
224
225
109
178
227
222
200
221
222
221
231
203
151
115
126
131
79
77
104
90
98
117
92
78
84
95
130
114
174
249
222
227
205
134
83
85
207
216
142
97
92
74
98
76
53
59
76
57
47
87
132
115
69
70
57
31
77
85
88
64
75
53
71
82
48
64
103
78
66
67
64
88
45
36
48
113
101
41
44
61
62
143
215
202
136
179
179
83
55
90
63
61
47
78
41
31
29
71
63
37
33
54
35
83
75
34
27
72
46
34
52
35
43
99
67
47
55
51
128
55
65
97
76
51
115
123
78
55
93
31
35
42
27
70
72
36
39
38
32
37
41
28
33
131
127
36
41
32
35
41
36
31
34
25
36
60
131
207
33
50
68
51
36
60
142
147
62
39
131
88
90
86
86
55
42
32
42
34
60
53
43
29
50
52
24
33
67
95
83
49
49
71
110
71
84
99
60
46
47
53
50
36
58
51
55
48
51
42
55
40
42
58
36
59
60
43
49
51
66
67
63
67
74
40
56
65
57
31
38
57
94
78
68
65
76
54
60
49
96
124
132
126
71
66
63
63
75
98
68
59
74
60
86
68
66
50
61
94
99
108
104
116
108
73
98
110
114
109
76
93
74
39
48
62
36
38
36
35
37
27
49
53
32
28
23
30
28
26
38
41
28
49
51
26
38
57
51
39
44
31
27
37
25
40
35
30
44
58
42
35
23
22
22
32
30
29
37
39
54
58
49
43
34
34
26
25
28
36
34
29
44
44
30
47
46
52
40
106
144
115
54
62
77
48
56
93
44
36
35
51
51
49
31
43
59
53
50
91
41
41
51
22
96
49
38
29
31
28
40
53
121
77
30
33
32
40
43
41
32
44
73
73
49
44
38
55
29
35
54
39
29
42
54
66
83
72
67
67
64
75
78
71
64
78
58
75
85
70
110
216
232
234
234
231
209
205
194
224
135
176
234
201
122
198
225
226
226
205
136
107
127
85
77
92
109
79
91
95
93
77
79
80
116
108
177
240
219
224
230
126
114
125
148
155
96
73
72
57
36
59
56
52
74
60
37
137
162
44
83
53
40
45
94
99
70
74
65
76
50
43
44
87
107
58
59
59
77
80
62
32
46
54
62
55
56
41
46
158
139
116
102
80
104
97
68
118
76
48
35
42
57
47
34
72
62
36
32
43
23
132
101
72
27
84
60
47
43
27
30
94
79
78
74
48
58
71
62
45
53
46
99
87
54
80
31
42
55
38
27
52
47
37
39
41
33
55
54
42
97
118
78
35
37
32
31
39
32
29
30
33
34
99
180
139
30
52
53
31
29
82
83
129
82
26
30
35
30
70
100
78
50
25
41
33
56
42
20
26
57
46
35
53
83
63
46
44
64
81
84
44
68
74
47
41
50
50
61
49
50
56
48
42
44
42
51
51
59
57
38
53
47
42
43
65
87
71
70
53
55
49
55
49
41
39
62
96
102
82
84
75
49
53
40
67
114
124
116
85
99
90
96
85
78
113
92
88
109
60
54
75
77
55
95
95
99
119
87
90
126
96
116
124
109
83
86
99
60
46
43
73
42
41
38
51
31
32
48
34
18
24
19
25
23
22
32
37
19
20
26
21
33
38
26
26
31
32
30
33
22
55
47
27
44
33
18
29
30
20
32
30
27
42
64
40
58
53
60
45
40
37
29
38
48
40
37
35
51
43
45
73
49
37
25
84
101
55
62
44
158
124
43
42
101
34
41
56
56
54
57
71
69
88
62
51
96
87
54
48
47
21
32
40
35
43
109
173
130
17
33
33
46
53
50
36
44
49
51
75
71
54
42
38
35
24
27
61
41
53
94
87
74
62
62
84
72
76
93
67
74
52
39
66
49
48
131
231
220
243
232
226
204
213
101
193
196
220
235
119
81
182
229
197
233
187
70
74
74
82
85
96
91
63
91
71
76
82
71
56
115
183
233
225
197
225
209
62
157
209
102
121
75
71
71
74
78
87
61
58
54
48
50
151
109
43
64
40
52
56
48
36
69
65
58
113
50
41
68
83
83
57
65
62
82
47
81
70
62
71
54
55
68
33
40
92
42
29
35
46
40
72
146
183
67
56
45
99
66
79
81
32
18
36
34
32
25
54
62
115
31
65
72
57
28
42
48
41
64
71
54
38
115
86
48
47
51
56
32
41
58
103
107
92
60
31
28
46
91
58
52
63
64
98
85
87
184
123
24
31
26
25
35
34
28
24
38
38
25
77
161
68
30
31
22
52
56
40
28
26
39
46
34
29
26
34
27
30
19
24
43
26
55
24
26
33
63
53
69
94
78
41
61
51
61
72
48
59
53
56
42
47
45
42
53
53
49
56
56
56
55
51
73
88
81
55
46
48
43
35
40
70
67
65
66
55
57
44
51
62
37
61
114
143
106
107
87
109
76
65
81
83
79
87
78
77
101
77
96
95
83
83
77
83
68
59
76
86
64
59
87
64
109
85
57
68
118
72
110
112
77
85
114
93
53
46
44
43
40
44
41
32
77
50
34
34
34
33
28
32
41
34
53
60
29
19
53
50
31
33
26
25
30
30
21
15
29
36
32
28
28
14
30
35
29
29
36
28
32
43
33
26
35
43
45
56
46
62
44
38
81
53
20
45
56
46
64
48
36
37
47
28
29
32
45
46
163
159
34
79
197
99
36
38
48
75
86
68
63
42
39
53
77
95
48
21
18
33
32
53
48
67
166
181
167
86
29
24
27
46
38
70
81
27
55
106
51
74
56
40
24
19
50
80
48
66
77
63
49
42
72
64
56
64
68
77
66
45
40
129
65
78
163
227
160
200
245
214
200
174
114
207
235
234
187
72
91
185
237
73
198
181
87
76
101
98
65
70
63
87
63
74
79
69
54
70
142
119
185
215
118
221
234
146
209
177
101
133
93
123
57
73
97
124
33
68
43
53
60
40
89
71
63
34
43
57
61
60
69
34
69
122
41
55
49
44
136
85
68
70
57
33
87
109
77
59
48
46
62
48
117
134
60
51
47
82
59
64
194
119
26
51
109
57
24
56
68
74
32
17
32
94
137
7
38
28
37
59
83
38
43
47
66
43
50
38
43
57
196
99
30
58
108
61
127
174
105
73
75
75
42
34
38
8
134
98
32
76
52
126
57
53
67
3
29
32
21
22
33
31
23
22
46
19
87
61
14
21
53
108
37
30
37
35
54
46
31
49
34
28
31
19
18
26
33
43
73
45
60
74
46
33
48
46
54
59
52
41
75
70
56
65
61
71
62
38
44
27
45
53
63
60
61
46
50
57
56
46
63
69
74
58
47
50
40
40
55
53
61
51
54
50
42
40
44
51
41
83
116
94
117
125
89
101
86
77
122
63
83
81
88
92
76
81
89
88
70
72
77
37
52
71
77
59
49
62
68
76
72
57
73
60
45
104
91
67
61
93
142
95
44
45
33
38
38
28
57
47
78
86
57
41
43
45
32
32
65
47
49
40
37
50
35
43
36
27
42
32
28
33
40
48
51
25
47
40
21
37
47
41
33
38
39
39
34
41
20
42
54
40
35
68
52
51
41
55
60
78
56
53
32
60
37
42
29
32
21
33
41
42
55
115
75
109
79
26
41
72
26
44
32
54
48
51
43
47
58
56
43
60
96
24
27
30
29
42
35
57
114
44
145
94
32
94
34
41
41
108
84
10
81
88
19
65
41
20
29
21
32
43
44
33
45
78
60
41
43
59
61
62
78
86
45
42
62
62
73
60
166
236
248
115
216
242
176
153
81
135
175
121
128
91
74
92
158
72
117
121
85
100
96
74
58
62
79
72
51
51
63
57
54
69
78
54
76
104
106
217
225
234
243
169
163
224
178
95
53
56
49
62
83
60
60
59
58
56
52
76
53
42
69
76
69
67
87
44
46
56
47
36
120
193
105
64
112
91
36
32
62
61
52
67
62
49
46
45
79
103
51
64
39
43
38
34
63
76
37
62
122
28
32
22
24
44
49
27
22
106
164
28
31
41
71
46
72
79
81
41
31
41
45
69
105
42
50
68
42
56
43
38
154
52
56
37
2
77
54
46
47
30
154
153
37
49
21
141
38
24
153
31
20
76
50
97
22
30
31
26
40
16
43
42
131
59
71
155
48
34
33
33
68
78
61
44
37
19
23
30
32
31
21
39
68
34
41
56
33
43
61
31
48
65
47
41
50
52
18
21
40
57
43
34
40
42
40
56
81
60
48
53
51
45
49
57
53
68
72
73
61
44
48
50
60
66
50
44
48
51
43
31
45
58
57
49
51
72
91
54
83
70
83
66
63
68
90
112
85
63
75
91
56
68
74
59
59
57
47
62
51
43
83
59
63
73
69
72
82
60
91
102
87
73
71
88
75
95
58
55
34
36
33
37
48
40
35
53
47
36
36
22
27
28
63
70
56
28
32
54
27
27
24
28
28
29
34
33
32
33
49
55
47
42
43
37
33
39
38
42
50
59
56
25
34
52
68
43
37
40
36
43
40
66
77
53
60
61
56
69
50
37
47
41
24
33
39
38
45
53
28
47
77
92
69
14
22
34
63
59
67
49
47
58
66
40
27
45
35
21
23
16
27
100
9
57
154
140
165
97
112
134
30
36
55
88
53
62
67
59
15
25
45
44
33
25
23
31
46
48
73
76
75
49
54
52
55
54
35
44
58
20
94
167
159
71
131
209
185
222
244
192
206
119
61
100
163
64
46
119
73
46
58
71
87
96
84
67
60
78
102
87
86
58
52
67
62
66
61
46
87
83
86
40
110
157
218
227
178
242
237
176
72
74
85
85
87
77
66
68
71
55
80
88
37
30
30
52
40
46
49
33
42
38
29
57
84
33
219
166
43
92
118
59
43
51
49
49
61
57
58
46
49
51
51
63
76
52
29
38
44
52
43
35
56
55
52
52
32
29
25
40
57
56
36
17
20
30
52
24
36
31
49
73
62
45
39
55
69
107
136
44
54
38
26
44
80
158
46
45
132
154
34
91
160
160
45
116
102
105
51
31
135
102
29
118
224
213
59
39
26
68
57
34
61
29
14
21
43
41
41
35
29
27
35
37
25
26
14
10
26
42
34
21
31
31
48
41
47
53
75
40
47
48
47
46
37
49
54
46
34
32
29
37
29
33
21
32
33
32
28
43
31
47
56
45
44
54
38
30
31
58
59
48
50
59
72
54
59
55
54
42
46
53
63
45
34
52
64
65
76
58
83
79
68
50
66
58
58
58
61
68
82
79
56
67
64
82
32
35
50
50
79
77
58
54
37
39
54
44
38
35
79
70
57
57
97
87
94
65
58
56
58
73
72
60
44
25
20
23
22
20
28
34
33
27
24
38
31
24
35
47
42
32
37
28
22
44
40
28
19
28
29
43
36
53
62
54
37
39
37
28
20
20
36
42
35
53
50
44
58
53
52
45
54
33
50
55
38
50
78
40
52
45
56
70
36
34
40
30
33
51
40
30
50
160
117
105
97
99
105
28
18
39
63
48
37
32
24
57
46
17
24
24
38
26
23
57
68
95
38
61
206
173
213
130
141
59
41
73
76
59
63
71
42
60
35
29
20
31
25
26
42
46
41
45
77
44
56
72
76
57
63
50
52
46
39
62
180
235
181
104
185
181
107
234
167
136
167
117
125
79
75
60
71
90
68
70
81
86
93
107
116
67
50
82
95
94
86
60
72
71
65
59
52
45
66
49
67
68
97
150
235
200
153
189
208
181
103
47
71
79
74
55
67
76
69
92
107
59
43
46
40
60
49
54
33
30
32
39
90
67
60
80
154
74
115
112
65
60
70
60
51
64
81
49
48
45
47
102
62
51
84
113
40
61
53
38
47
57
80
93
94
80
27
41
45
42
35
47
54
58
26
31
44
34
54
65
39
84
83
33
47
43
57
82
65
49
47
66
116
179
100
99
77
60
65
114
153
132
79
163
127
138
48
93
130
26
183
144
42
180
214
152
42
60
137
51
32
29
50
24
26
40
37
49
35
33
32
20
20
29
33
40
26
55
26
35
36
27
30
49
55
39
62
44
68
63
59
58
54
45
38
41
34
41
42
34
30
34
44
48
43
41
37
39
33
35
39
54
53
49
46
32
37
40
52
55
37
49
51
55
67
53
53
55
54
66
53
63
64
54
57
52
51
69
103
98
81
55
52
53
52
51
59
57
54
58
76
73
76
83
46
56
27
32
30
51
61
52
57
44
35
47
52
59
44
28
41
38
42
44
98
88
70
68
82
65
58
64
57
45
24
42
28
18
25
23
24
31
26
22
27
43
45
19
52
64
42
45
42
37
17
47
38
34
26
29
26
36
36
64
54
30
31
35
25
21
17
26
39
41
29
48
45
40
47
48
43
55
53
31
38
54
39
42
61
61
55
48
41
50
26
27
33
31
28
42
30
19
66
227
151
134
114
49
47
98
59
36
37
30
30
28
19
34
25
23
22
28
30
20
29
107
121
51
46
42
134
83
84
82
64
28
27
91
53
40
64
42
40
34
27
52
83
21
40
40
41
49
38
36
33
28
30
58
61
26
32
45
58
35
24
57
172
187
158
170
237
158
67
179
171
191
172
132
200
95
59
83
104
47
144
124
113
88
102
104
112
64
79
95
104
91
65
58
66
79
74
56
44
53
45
44
59
85
97
200
191
119
104
195
151
134
188
62
62
63
51
58
67
77
70
71
94
62
51
51
46
59
43
38
39
33
36
45
89
63
69
49
49
28
72
83
40
82
62
54
55
49
51
40
41
30
67
77
60
54
56
98
53
53
50
41
50
80
67
83
84
73
57
45
53
38
24
30
59
103
44
41
54
51
62
65
54
77
65
46
32
67
92
46
53
52
47
66
96
105
56
66
59
39
49
77
116
60
93
215
217
65
59
152
119
23
78
164
60
159
218
97
50
42
73
31
26
21
23
31
33
33
34
38
31
28
28
26
32
25
31
36
28
64
52
41
28
21
27
46
28
34
57
112
115
38
51
50
52
49
53
46
29
42
32
33
45
36
41
46
44
45
37
32
28
35
39
53
52
47
37
37
46
42
42
43
34
47
52
47
46
31
49
58
65
78
49
50
53
56
63
70
63
82
114
126
84
66
57
52
81
82
86
63
54
61
78
72
75
57
44
43
32
38
33
42
45
48
47
42
42
50
53
56
46
30
24
40
44
66
98
66
48
62
74
65
65
57
50
33
24
47
34
26
29
32
27
38
30
24
47
34
36
29
56
57
48
49
43
39
21
34
32
31
29
39
28
32
38
58
36
27
29
31
26
32
43
53
39
39
37
43
44
40
49
60
68
81
68
36
29
38
38
45
53
69
47
41
32
33
32
33
28
35
26
44
37
37
55
157
142
133
78
87
42
88
89
37
24
23
30
30
45
26
22
22
40
31
25
23
36
77
71
29
38
32
56
44
34
41
25
30
42
70
53
63
53
34
30
25
22
71
112
23
41
29
20
28
20
28
43
24
19
26
40
19
16
41
44
57
51
69
89
128
81
135
178
111
166
206
221
190
158
188
234
170
87
85
89
44
96
92
85
63
93
92
71
91
112
94
86
81
67
66
64
80
83
58
52
57
48
59
67
70
94
166
115
83
93
125
86
107
194
58
67
54
53
55
59
67
72
81
74
69
46
48
51
48
68
52
43
36
48
65
85
57
50
67
43
44
88
81
27
53
68
79
45
33
31
38
74
69
50
48
47
60
56
57
54
57
45
36
71
110
59
74
49
50
51
31
36
48
81
103
58
106
152
47
56
52
48
44
64
59
65
38
22
67
88
30
56
78
51
50
55
41
44
50
52
61
142
60
77
36
79
190
165
18
81
204
157
67
129
113
68
165
239
175
97
39
43
24
26
22
19
51
57
38
51
35
22
22
24
35
44
20
25
30
46
38
48
38
33
26
29
38
27
25
52
175
179
45
39
42
48
44
49
52
41
50
43
40
53
48
44
42
37
31
41
37
32
45
34
48
59
50
38
49
49
44
35
42
39
42
50
48
42
42
55
62
67
69
48
35
46
40
51
73
65
78
94
99
80
91
76
79
109
89
92
87
72
90
97
86
60
38
42
42
37
43
48
31
46
52
42
38
33
44
47
45
35
33
38
44
44
87
82
45
49
60
56
36
62
52
50
27
31
34
36
35
26
35
25
31
26
23
50
36
36
39
41
41
45
41
41
34
30
35
37
22
34
41
32
33
38
52
34
40
27
35
27
46
63
59
37
39
45
38
43
48
53
62
71
79
70
49
34
31
48
53
47
51
35
41
39
39
42
32
24
30
29
41
38
47
67
95
99
96
33
115
122
48
64
37
19
20
28
35
57
30
26
24
74
40
30
39
42
42
28
29
34
33
25
30
31
32
29
44
63
67
60
68
56
50
16
69
34
48
68
23
31
15
13
22
16
27
81
31
24
25
33
53
81
83
30
80
63
84
64
71
54
95
131
134
242
236
223
133
131
155
184
158
86
104
67
56
56
74
89
68
84
75
49
109
181
157
102
72
71
70
60
84
86
62
57
54
56
69
79
62
70
119
97
87
96
75
69
87
126
59
72
49
57
46
53
58
79
90
70
52
41
66
69
57
89
62
41
38
46
46
91
61
42
83
48
46
90
77
43
36
79
84
34
56
60
41
70
87
36
36
43
59
65
58
48
50
48
41
88
73
56
85
59
61
46
49
27
64
77
121
88
80
184
53
71
55
41
42
73
46
70
26
27
54
69
42
48
82
67
61
41
27
44
47
44
53
158
54
123
91
105
199
115
72
145
211
192
87
189
142
80
120
160
127
73
44
51
27
24
26
27
46
55
52
55
32
22
21
28
38
38
21
25
35
57
26
31
24
38
34
33
32
40
34
42
106
109
47
37
45
44
36
42
52
54
55
59
47
53
53
44
38
36
33
52
50
44
50
36
44
61
60
55
48
47
46
42
46
36
38
47
53
53
61
54
56
58
62
53
37
42
33
41
54
51
74
87
74
70
87
87
106
99
69
76
91
90
97
90
85
52
42
37
43
39
47
63
47
51
56
51
41
35
38
36
41
31
33
49
42
53
86
63
56
58
52
51
17
48
53
41
27
27
25
39
37
25
35
23
22
21
26
32
40
43
36
26
41
40
32
42
41
35
34
38
23
39
33
32
30
31
47
39
42
26
36
20
54
62
46
35
39
34
29
43
45
37
49
55
58
52
52
50
35
52
46
33
34
39
47
41
47
40
23
23
25
27
29
29
36
101
124
55
52
48
101
150
42
33
39
28
23
31
40
50
31
44
45
92
43
44
52
42
37
35
40
35
35
27
23
19
30
35
49
59
63
48
37
62
60
27
74
41
25
25
24
23
14
18
27
25
29
70
36
44
44
54
65
109
104
33
64
43
62
72
45
59
94
156
213
236
231
173
89
96
85
108
114
123
142
60
66
70
89
129
93
77
77
65
86
178
177
126
71
58
52
69
89
83
66
61
56
59
68
81
68
58
91
100
93
102
79
80
68
90
74
66
50
47
42
47
53
73
78
74
38
47
73
86
133
112
42
46
39
47
57
65
57
50
65
32
63
73
53
62
48
68
69
38
71
75
35
41
70
45
32
42
46
63
71
39
35
47
50
86
38
53
78
70
77
65
68
40
86
46
70
92
59
105
58
86
71
54
53
79
42
60
34
36
57
86
63
45
93
130
97
56
37
34
61
77
55
97
57
111
99
115
226
172
183
216
193
198
69
108
156
84
46
41
24
17
53
90
42
29
29
27
27
34
46
42
31
25
22
38
37
30
28
30
34
42
34
28
22
40
35
35
30
43
45
38
20
19
42
36
48
38
38
48
52
57
43
43
43
47
39
32
32
36
48
57
52
43
44
46
38
42
63
59
39
44
38
40
40
33
36
43
51
55
47
46
53
51
63
50
41
36
43
42
40
53
92
100
83
64
61
79
84
70
63
71
71
82
65
60
52
45
43
39
41
33
43
69
76
61
66
65
56
54
33
30
36
40
38
48
46
65
79
62
73
57
50
62
28
35
46
28
29
24
27
41
36
28
35
28
22
25
38
25
34
34
28
22
41
42
32
41
45
34
20
30
31
36
30
30
28
28
39
39
38
31
26
27
59
54
44
36
37
20
18
37
35
24
49
53
51
37
36
59
34
34
27
27
32
52
43
27
36
30
25
27
30
19
27
25
40
96
136
53
51
89
83
77
97
58
50
62
31
43
52
55
37
72
69
107
70
51
46
40
37
43
65
41
39
39
37
35
39
42
49
49
39
41
16
45
50
50
19
31
33
26
27
18
15
17
23
27
28
32
46
63
50
74
49
44
71
38
36
31
39
40
60
67
124
198
246
226
194
120
73
60
78
114
136
185
146
63
70
65
78
127
94
72
92
85
56
86
109
96
66
46
38
98
82
91
73
68
71
76
77
72
74
75
64
72
98
108
82
87
64
100
77
57
71
40
44
47
47
56
83
79
57
66
48
71
179
144
28
57
41
61
108
23
39
45
53
32
107
93
39
61
59
55
74
47
49
53
31
42
51
40
28
31
33
52
56
41
37
40
47
78
63
52
47
44
56
64
48
59
96
72
48
50
53
54
74
82
85
65
56
68
42
56
50
41
64
99
61
49
113
186
104
88
68
26
109
173
122
106
76
15
43
78
204
244
247
228
141
158
58
20
72
72
33
32
52
63
111
128
48
38
32
25
23
31
29
42
48
25
25
37
33
34
35
34
41
35
38
34
33
40
29
29
25
31
29
39
31
34
48
26
45
32
44
51
49
47
38
40
41
29
26
32
35
38
33
47
59
39
40
49
41
33
61
43
27
37
36
40
41
39
42
48
50
45
38
52
65
44
58
43
29
39
37
48
36
64
99
70
64
50
51
67
46
52
72
83
80
60
58
79
47
42
43
46
42
27
42
56
70
79
62
57
47
42
31
39
36
42
49
42
40
47
68
62
49
60
90
80
34
28
27
29
28
31
31
32
39
30
27
27
16
22
40
38
37
31
32
33
28
42
43
34
25
31
27
33
34
27
33
34
38
37
33
38
50
39
24
61
59
46
42
39
38
29
18
27
41
41
54
46
43
32
23
49
22
18
24
32
28
47
33
19
24
27
34
33
35
25
38
29
59
58
65
85
89
77
62
65
197
126
59
83
33
53
65
66
54
66
60
137
145
35
35
43
47
49
79
50
57
45
33
56
69
58
71
59
45
56
25
24
39
44
25
33
27
26
15
18
16
21
28
28
28
47
89
88
49
63
87
39
77
40
49
39
68
60
77
160
215
227
227
224
108
90
71
65
66
205
137
131
119
81
59
74
73
85
82
84
87
82
61
90
142
62
47
56
68
114
72
108
71
62
77
103
95
79
88
73
73
63
100
79
93
111
59
69
69
55
102
53
48
64
42
57
100
70
80
85
39
34
65
133
61
61
52
54
58
31
40
44
49
61
87
86
44
62
88
90
70
43
46
58
46
35
28
53
48
50
61
49
62
61
52
44
46
68
49
47
56
46
33
25
41
66
71
66
40
44
43
67
101
83
78
53
53
49
43
73
51
44
49
43
33
42
58
154
58
97
84
21
164
196
142
139
90
46
92
159
224
227
196
187
54
56
54
60
71
70
45
90
82
159
183
85
29
36
34
33
26
35
39
56
66
33
34
23
30
38
39
34
80
61
29
34
28
29
20
23
40
46
31
23
29
35
40
25
37
40
49
51
39
43
59
58
40
28
26
35
35
27
29
38
64
40
42
32
48
54
58
48
42
46
48
48
64
49
40
38
41
36
36
49
40
42
46
55
48
40
37
46
37
65
62
55
62
53
62
75
64
58
117
100
53
52
65
84
67
44
35
61
63
63
78
42
55
74
44
30
17
31
54
45
41
39
27
32
34
46
49
29
33
51
50
19
28
36
38
32
25
42
46
24
46
40
22
26
32
25
35
49
40
50
39
32
28
36
30
49
35
26
26
33
35
32
24
33
30
36
41
31
28
34
55
54
48
39
17
17
31
23
24
45
46
34
35
27
29
26
24
43
22
20
27
23
25
17
16
14
19
24
29
42
40
49
62
52
41
68
95
94
85
121
174
168
171
191
75
39
35
41
37
47
24
32
43
48
47
39
50
46
41
27
23
34
112
61
47
34
64
63
87
52
45
38
29
36
39
26
32
39
29
27
24
21
25
38
37
24
33
44
100
192
28
149
140
27
47
84
88
30
91
180
181
243
235
231
226
231
158
111
92
92
107
198
182
168
142
62
91
74
75
63
81
110
106
71
56
71
162
84
65
60
114
117
62
63
52
59
59
87
70
89
98
36
62
53
59
40
61
79
62
48
63
53
71
67
38
32
45
54
57
35
88
76
41
47
53
80
116
57
57
45
38
33
40
53
51
221
97
53
63
39
128
136
38
50
45
28
35
34
75
213
191
168
146
90
109
59
50
56
51
45
62
66
105
50
32
33
58
55
54
43
29
40
37
45
57
72
59
41
36
64
66
32
33
41
36
33
50
46
41
204
45
69
59
57
73
46
76
38
44
113
233
232
232
202
45
76
116
197
76
46
15
27
37
55
159
74
75
148
58
27
27
43
57
38
43
26
24
30
38
38
40
36
29
35
36
30
23
21
31
29
15
50
179
228
130
37
57
96
65
25
43
52
36
24
50
39
40
38
24
34
31
31
29
35
56
39
33
44
47
31
31
36
38
25
44
32
35
35
30
69
80
50
45
41
21
33
41
44
39
66
62
36
40
53
34
18
38
75
61
53
83
82
79
136
81
61
36
35
38
107
95
49
54
85
73
81
45
33
51
45
32
35
37
43
47
30
26
43
49
47
49
63
26
29
31
26
23
19
28
24
36
54
52
66
39
23
53
28
22
32
44
32
55
45
39
35
29
28
31
24
23
32
43
37
25
27
34
36
33
36
39
62
69
41
43
46
37
47
31
40
29
37
31
36
51
46
36
38
45
38
38
47
35
34
21
28
25
35
23
21
22
27
20
34
32
34
36
40
27
38
38
45
57
88
100
94
110
69
18
60
111
105
8
45
65
59
29
37
73
30
5
23
47
35
24
27
55
99
111
46
59
46
104
77
86
59
43
33
37
31
22
49
31
29
21
20
25
14
22
31
39
37
39
41
75
37
44
246
188
44
43
47
77
98
82
125
201
232
217
222
232
198
102
82
88
97
158
59
43
125
201
145
77
59
49
79
113
110
91
105
94
98
132
76
83
55
46
50
48
122
103
47
58
66
90
57
46
48
63
77
63
49
53
48
59
67
63
58
43
46
61
75
38
71
76
61
48
86
47
32
52
28
65
58
43
57
27
25
47
51
43
118
56
33
38
39
130
40
66
66
44
144
97
199
115
116
203
88
47
83
57
60
42
35
52
66
70
51
117
62
80
79
75
59
46
44
49
57
58
60
40
30
37
60
46
61
39
31
39
46
42
42
28
20
43
143
25
45
71
73
60
79
96
112
224
246
212
149
73
46
37
7
59
185
80
19
29
36
27
14
60
31
15
133
130
25
34
73
191
50
33
24
27
24
30
44
31
28
17
31
29
27
19
16
21
27
13
38
187
216
80
185
82
65
58
37
44
49
48
32
67
37
30
22
27
25
27
33
38
39
50
35
35
40
39
40
39
48
56
58
45
49
41
47
60
87
58
59
56
39
34
41
50
51
28
55
57
34
43
45
39
55
53
76
37
49
68
72
54
90
49
52
33
33
32
40
63
60
64
81
51
53
45
35
45
33
35
49
44
33
24
19
25
45
45
39
38
39
45
37
31
24
28
34
23
35
49
36
45
61
23
23
26
47
32
27
29
37
38
42
63
42
26
35
17
18
28
36
40
30
37
32
30
45
44
41
55
60
43
40
50
71
58
25
28
34
35
41
35
37
37
42
32
34
31
28
27
47
30
40
22
36
29
27
22
31
23
21
31
54
47
47
60
33
34
31
37
41
56
68
62
74
61
40
57
58
32
23
142
17
36
46
41
44
53
74
151
174
81
23
27
24
75
63
24
28
44
65
76
71
58
51
50
40
50
54
94
68
100
41
19
27
22
24
30
34
32
12
30
52
85
37
91
205
94
44
39
39
34
175
55
122
211
221
229
226
228
227
49
73
99
46
78
82
168
211
212
176
93
88
55
53
113
56
63
87
91
95
137
81
86
80
100
64
105
142
87
47
61
74
88
55
51
49
80
79
56
72
51
49
55
44
56
62
53
67
98
90
45
51
55
53
56
48
36
28
32
46
46
47
47
46
81
52
43
40
41
24
41
57
36
81
85
57
62
54
54
103
63
95
111
48
91
57
42
53
69
73
61
54
71
69
57
62
47
55
71
71
57
48
50
59
54
62
48
53
61
60
78
55
53
47
43
51
42
46
32
20
40
45
41
81
68
151
120
57
90
92
36
58
61
33
83
123
36
66
123
37
25
36
29
52
42
95
52
29
33
36
12
40
60
25
41
45
70
32
31
29
29
23
20
28
33
30
30
29
37
32
33
46
45
6
31
117
82
25
51
229
142
32
48
42
44
47
68
72
47
46
50
35
58
54
29
35
40
38
46
29
35
54
74
46
44
48
61
57
43
49
53
60
71
58
54
59
56
33
40
44
42
42
33
30
37
46
42
44
50
42
38
56
43
113
103
77
83
52
62
69
50
35
31
50
66
65
79
83
49
52
52
59
43
24
42
63
43
35
28
17
51
40
29
40
35
43
54
42
19
23
27
40
43
25
43
51
59
52
57
37
20
41
32
32
28
31
50
61
50
35
61
58
12
25
21
23
31
27
37
36
46
45
33
55
54
32
29
61
80
63
56
14
36
33
25
50
61
18
20
24
21
39
36
31
27
31
26
35
18
23
23
24
25
27
26
40
47
53
44
45
61
57
37
27
26
41
81
48
31
35
43
46
39
58
81
58
58
35
34
20
43
77
35
34
97
115
36
25
20
27
25
14
25
35
61
80
69
53
44
55
79
60
34
37
60
65
83
41
61
47
21
31
32
21
103
145
22
70
32
34
88
96
84
40
30
39
78
119
39
105
237
226
226
222
231
244
149
144
157
97
82
140
139
151
229
212
143
118
119
111
142
57
94
82
147
150
100
103
75
75
59
89
115
76
54
68
64
73
71
47
46
52
38
49
44
77
63
38
42
49
63
78
73
79
57
92
72
94
35
38
83
119
95
60
67
31
51
60
60
48
111
66
36
25
33
34
52
67
68
189
125
82
188
103
75
57
41
53
40
46
73
81
84
78
55
42
50
62
67
61
68
66
47
52
48
40
44
45
43
42
41
50
37
50
89
49
38
33
32
37
34
68
46
27
18
27
120
126
39
40
38
56
62
31
41
26
29
37
27
28
89
98
51
35
73
49
31
34
36
65
44
49
59
26
37
39
65
58
53
59
40
18
18
40
48
41
33
27
65
44
37
44
47
46
49
39
23
43
86
82
150
144
53
25
53
94
68
34
40
31
39
53
59
75
50
47
38
43
60
59
32
26
41
44
44
54
45
46
73
40
42
42
47
40
46
44
55
59
52
45
53
50
44
41
31
54
60
48
38
31
38
55
51
43
44
31
33
41
49
89
98
98
92
71
68
77
61
43
39
51
60
79
96
82
67
79
64
52
54
48
43
47
30
40
32
43
61
57
27
40
61
62
57
46
32
28
34
33
40
32
53
53
62
56
48
46
24
34
38
28
26
26
41
43
50
46
103
51
19
24
22
22
27
38
42
49
40
29
44
58
37
32
52
57
70
38
35
38
40
51
49
58
52
21
24
20
25
42
37
33
36
41
46
36
26
24
23
29
35
24
27
29
55
39
36
47
47
56
31
22
23
46
64
25
30
30
38
41
40
49
90
35
15
72
46
18
91
35
35
27
48
65
22
19
20
16
21
18
34
57
58
44
36
32
50
64
52
34
22
29
28
111
65
38
102
57
27
28
51
108
191
227
161
88
68
37
136
50
75
100
155
176
192
124
32
57
212
219
230
242
203
218
190
198
112
83
82
212
133
67
205
217
86
156
203
208
86
142
185
107
170
166
66
115
71
44
49
74
90
89
70
87
99
69
61
65
77
50
36
69
72
157
65
43
43
41
47
76
90
84
27
107
65
100
67
38
94
119
75
62
60
38
84
58
50
64
51
47
42
69
45
33
58
60
98
164
145
97
187
56
160
86
149
181
82
48
68
65
66
90
41
46
46
48
49
64
68
67
55
51
51
44
47
47
40
32
36
50
45
47
59
29
34
40
42
47
33
46
36
28
39
55
86
67
36
29
42
35
30
27
18
33
50
45
36
35
39
48
58
47
49
35
26
29
34
56
39
29
36
92
71
41
77
59
52
37
21
23
28
33
36
32
35
35
57
53
33
39
24
22
25
36
66
60
158
133
120
82
41
29
39
27
30
35
39
44
45
52
59
44
48
44
30
41
46
40
38
33
41
39
37
41
39
41
51
35
46
44
42
39
47
47
56
49
41
35
38
38
35
36
29
52
65
61
48
39
40
50
38
34
41
47
37
31
53
53
74
107
92
90
65
64
66
40
53
56
65
83
81
73
65
74
52
46
56
45
38
29
28
50
35
50
52
58
44
29
47
52
50
58
48
30
40
32
33
37
48
36
43
48
40
47
24
23
31
25
40
39
40
33
41
39
59
34
19
20
27
29
28
37
38
40
23
31
35
42
27
35
61
46
49
31
23
24
43
63
59
57
45
38
36
27
35
28
35
39
44
46
42
41
27
25
27
30
38
26
20
20
44
23
33
39
35
30
24
34
44
38
46
43
39
38
33
37
36
34
56
20
22
39
27
28
83
39
43
101
50
37
21
17
19
14
21
21
39
54
35
32
39
31
54
75
63
23
23
30
33
99
101
37
70
49
41
74
75
124
162
230
181
102
129
95
205
99
96
117
144
129
222
106
50
67
196
160
161
179
197
232
121
207
108
58
119
190
70
57
203
225
91
198
187
131
89
205
212
118
129
173
142
99
88
67
70
67
83
97
84
82
94
70
66
62
88
56
59
82
141
125
66
54
51
45
35
40
53
51
23
98
65
89
102
55
46
71
53
46
48
56
66
42
38
56
29
33
33
71
59
23
66
127
110
99
87
84
117
93
219
93
146
161
73
78
66
42
50
64
50
62
35
61
84
63
77
56
52
44
60
58
40
46
36
36
62
40
35
30
48
59
34
49
60
39
33
30
27
34
66
67
41
27
43
37
50
38
23
32
33
52
57
49
38
38
48
46
47
37
47
38
33
39
38
41
32
60
118
125
79
29
48
31
30
31
33
38
36
30
36
37
38
40
36
35
39
66
85
139
33
28
83
147
208
117
45
47
37
30
31
24
29
32
38
48
45
42
52
30
50
46
41
38
54
63
58
46
34
40
33
25
34
38
47
42
43
44
41
44
45
50
59
46
39
45
37
32
34
43
29
46
53
55
49
35
35
40
32
33
47
45
58
58
73
44
63
94
103
94
66
66
80
75
76
60
80
76
63
66
64
62
41
50
53
32
29
23
33
49
34
46
45
43
47
34
37
46
45
48
40
33
37
32
28
30
46
41
37
39
44
49
56
49
38
38
48
51
46
36
33
26
23
30
21
19
29
32
30
29
36
30
21
33
25
29
25
39
45
46
54
30
22
14
52
56
42
43
43
51
41
35
41
27
36
49
47
43
26
34
20
21
26
21
30
26
13
20
33
27
42
38
35
26
17
36
44
24
39
53
36
37
19
42
39
30
43
47
30
14
14
69
82
55
49
156
70
28
16
20
14
15
22
23
39
39
31
50
67
40
40
55
56
22
33
30
50
77
79
43
46
30
78
173
116
68
77
111
137
119
152
111
167
127
116
78
87
144
166
74
74
87
215
186
176
169
218
205
84
213
175
145
190
195
64
87
218
226
177
229
180
80
127
154
158
128
93
132
176
72
85
93
85
68
71
74
79
67
75
73
81
73
85
57
83
65
107
61
67
59
51
46
37
33
37
38
46
81
55
68
95
62
70
60
37
39
56
62
56
47
46
50
31
33
42
60
56
36
133
202
164
153
93
92
81
114
186
59
76
67
45
78
44
34
38
46
59
54
38
70
95
66
70
47
43
38
64
57
48
53
43
58
74
32
35
31
51
74
31
44
67
32
32
29
22
31
66
59
32
40
60
29
43
35
33
46
47
67
52
43
35
38
61
51
39
32
46
44
39
42
25
33
84
139
142
67
62
26
28
30
41
39
42
71
76
41
23
42
42
37
22
39
41
58
107
146
36
26
76
180
139
76
24
34
30
26
20
30
28
26
31
40
40
31
35
27
44
42
38
39
75
91
75
58
36
42
41
36
42
39
53
47
33
39
39
51
53
51
61
51
31
55
49
32
37
51
29
38
40
43
41
31
32
36
38
41
52
62
90
102
107
50
59
80
91
78
69
87
85
95
76
56
98
78
61
64
71
61
49
56
42
42
34
33
40
38
32
43
45
40
47
47
48
45
37
26
29
33
30
29
21
26
51
50
47
54
61
67
84
73
53
46
42
45
39
36
30
25
25
30
20
19
29
36
31
35
44
33
31
30
27
31
23
35
26
58
64
29
23
26
54
49
30
31
48
47
34
35
40
37
38
52
50
40
21
25
17
19
26
20
40
25
17
20
32
43
54
45
54
40
16
29
26
26
39
44
36
45
44
32
57
52
103
119
46
19
21
74
73
42
53
127
58
23
12
23
17
24
35
26
37
36
47
61
68
34
26
35
35
18
35
33
47
60
31
43
45
34
94
196
119
38
63
60
82
104
111
69
59
137
104
55
132
238
108
66
112
93
192
183
190
216
226
142
156
233
233
207
226
227
105
147
227
223
233
237
212
158
186
129
112
122
90
84
118
68
84
76
66
56
57
59
70
59
74
74
80
70
69
38
76
50
39
62
61
57
53
59
41
58
60
51
68
75
50
53
60
48
121
84
31
36
52
46
60
63
52
46
26
37
64
74
50
97
195
185
181
191
101
128
109
81
94
39
45
31
33
49
32
36
40
56
48
39
52
55
62
71
47
44
36
37
66
62
56
63
54
58
59
41
43
34
37
48
29
34
50
34
31
26
20
31
48
42
45
80
54
57
76
31
41
48
47
73
41
37
37
43
48
38
41
39
39
37
32
35
44
72
99
123
64
53
84
40
35
50
57
51
37
123
157
100
77
61
77
115
105
59
47
73
73
92
81
28
66
103
37
42
45
30
21
34
41
31
31
28
31
42
40
28
30
31
27
28
18
51
82
75
63
61
45
32
44
54
47
40
47
38
43
42
37
50
58
47
53
51
27
43
44
35
41
47
36
37
42
39
35
36
33
36
39
42
49
103
112
117
115
63
72
85
61
61
66
86
66
60
56
54
98
84
64
67
69
50
54
61
35
61
47
49
44
37
34
39
42
52
53
46
51
35
26
29
30
27
31
27
16
31
45
41
50
73
78
80
63
62
55
35
32
30
35
34
30
33
32
25
19
17
43
56
34
48
52
37
31
33
33
34
23
25
23
59
53
31
23
33
46
57
32
30
53
33
23
30
34
39
37
49
50
34
23
37
26
22
25
31
80
25
29
37
42
50
53
47
58
41
46
36
22
37
40
46
43
56
90
26
61
92
189
142
61
28
27
28
33
29
48
55
27
28
21
26
23
33
53
25
30
41
49
44
54
18
28
41
42
16
36
52
36
81
62
26
40
59
73
103
68
65
126
120
25
66
75
42
23
153
68
74
222
253
114
63
156
143
145
92
114
212
203
155
244
223
189
136
197
205
123
222
229
223
218
210
223
239
242
179
125
93
91
80
65
74
103
57
34
42
55
61
64
58
77
76
74
41
37
28
47
55
42
79
66
58
58
80
54
71
72
54
61
69
63
61
48
38
91
78
46
33
30
28
43
53
37
35
26
57
70
82
60
141
169
107
99
95
41
150
143
79
38
49
51
34
37
62
41
46
64
66
41
46
59
51
51
68
38
48
40
45
67
83
44
63
54
30
47
55
41
24
22
26
30
32
28
34
26
19
23
34
38
39
51
101
50
107
114
32
38
34
44
62
36
38
40
46
37
30
43
35
24
27
30
44
103
91
30
38
38
109
108
40
46
65
36
73
43
122
204
194
195
91
126
202
213
99
50
113
46
148
131
25
44
18
30
26
50
68
38
104
130
32
44
39
39
50
43
35
35
59
32
21
26
71
78
58
39
42
33
19
25
49
43
37
36
28
79
61
38
26
39
39
38
38
39
35
27
36
44
47
43
53
52
37
38
33
33
35
41
34
41
85
109
113
95
89
119
95
77
77
52
57
57
51
64
65
70
69
57
65
47
24
34
60
58
56
45
55
46
45
40
35
39
44
40
39
46
32
27
48
29
30
39
33
23
32
27
43
46
64
75
61
35
62
55
32
27
25
50
36
33
41
50
31
33
17
60
79
41
42
47
39
24
36
37
28
26
25
28
36
35
29
27
29
48
60
21
30
43
31
24
28
28
35
38
49
42
30
33
62
42
28
14
52
117
21
37
64
54
52
41
39
24
36
94
61
27
29
41
54
39
38
71
63
56
131
191
51
33
43
27
49
38
42
24
15
30
52
36
28
19
41
68
45
14
36
30
20
66
23
32
44
41
24
52
79
72
152
117
26
77
65
70
40
41
95
152
62
57
85
102
49
62
109
53
87
228
236
143
35
142
198
178
132
128
176
158
237
238
146
77
101
139
154
160
236
222
220
204
159
199
235
229
170
157
85
81
83
65
53
88
80
43
68
50
51
53
64
64
79
101
51
9
53
44
61
39
52
84
66
49
69
81
60
70
53
50
54
56
76
64
52
48
33
53
37
27
31
31
25
34
43
51
109
70
57
86
95
85
86
38
32
38
127
124
105
53
44
47
56
103
140
30
63
69
48
56
59
59
89
84
56
48
61
51
55
61
87
32
57
49
22
48
61
38
26
32
33
33
37
30
33
25
24
36
39
50
61
35
67
86
97
63
40
41
40
48
52
45
40
40
34
31
33
41
44
23
45
42
55
97
9
19
77
95
74
54
31
62
106
66
118
55
34
164
224
190
80
122
111
151
191
28
65
38
203
80
29
36
28
78
43
37
131
114
217
193
39
65
46
39
59
53
48
35
43
52
21
51
67
40
53
36
36
31
20
24
25
49
47
32
44
70
65
50
22
44
51
40
40
43
52
34
33
29
35
42
44
38
35
44
35
47
59
48
43
42
59
101
118
126
109
111
73
90
79
23
55
78
69
64
75
71
77
26
38
23
18
13
41
63
49
48
65
63
35
41
34
34
27
29
37
58
34
37
35
36
44
38
37
34
28
30
32
38
70
63
44
32
51
67
29
25
21
17
29
26
49
46
42
42
27
26
43
50
29
46
43
42
26
28
35
28
29
34
35
26
27
35
18
46
47
17
24
27
25
25
27
30
34
63
43
37
52
77
62
50
55
12
95
112
14
42
38
28
47
35
36
41
58
60
79
36
34
66
45
34
28
66
52
127
168
123
75
52
27
39
114
59
30
21
25
32
39
41
29
25
86
100
110
31
36
25
34
29
28
31
52
28
37
47
76
128
48
58
78
152
58
54
51
53
117
118
39
196
154
38
40
29
51
99
103
229
166
59
36
58
53
133
237
237
170
61
182
212
94
96
164
45
114
206
176
174
237
201
158
144
227
210
224
212
95
64
74
70
60
60
61
62
114
62
68
63
85
53
54
100
92
21
60
43
57
35
42
55
45
44
46
49
47
73
69
87
51
50
55
41
58
62
30
24
24
17
27
38
50
78
74
111
142
78
63
121
86
32
104
57
49
56
59
98
46
28
36
54
169
204
201
44
57
33
28
44
53
63
109
80
44
58
51
31
37
43
63
36
55
56
18
38
57
33
29
29
37
23
20
25
29
37
37
51
74
85
69
32
37
38
146
74
41
44
52
84
55
38
35
35
33
46
45
30
102
78
134
32
12
12
27
46
50
37
31
74
98
144
188
239
210
37
31
105
133
65
30
89
51
99
214
21
85
131
219
130
64
122
82
78
96
80
104
200
184
56
68
120
53
38
52
52
51
47
28
25
27
40
27
29
41
45
44
48
53
35
18
57
71
63
47
44
58
29
30
41
36
40
44
47
28
29
34
37
48
50
42
45
41
48
45
55
70
53
62
51
84
94
78
81
125
71
54
55
68
65
66
69
58
77
78
58
52
36
42
27
18
8
30
50
45
58
54
49
36
53
52
56
116
75
94
105
55
41
24
38
40
49
30
39
29
20
23
22
83
36
27
27
20
15
13
18
30
37
36
33
39
25
25
34
22
18
25
32
42
45
41
54
60
44
41
31
28
38
39
34
31
30
21
25
17
19
21
21
22
18
44
49
44
45
57
67
72
72
31
61
68
26
15
75
23
32
44
63
50
29
36
37
41
55
63
84
61
67
33
23
42
19
48
66
32
29
182
82
125
75
7
23
17
24
24
29
25
26
34
27
18
44
130
37
69
111
72
5
47
33
44
27
28
44
50
46
43
11
113
82
53
48
42
114
117
137
144
226
69
28
44
29
9
47
105
231
74
33
101
129
90
48
158
218
100
73
72
214
240
201
89
48
137
143
72
185
227
231
184
93
164
115
195
213
128
85
97
100
70
67
72
61
64
81
76
65
50
37
32
17
60
75
79
61
42
44
66
74
66
51
51
17
36
56
42
85
102
35
55
37
43
36
43
40
40
36
20
37
52
66
27
71
29
49
72
70
83
49
67
42
39
62
74
49
44
61
34
56
64
20
138
155
150
145
29
141
53
46
65
39
28
58
24
17
3
19
34
44
29
32
12
32
41
27
39
40
30
14
25
34
29
32
35
42
66
51
33
31
32
16
91
97
38
40
73
125
39
103
100
18
64
75
13
41
114
77
20
32
104
111
32
40
35
34
34
73
232
178
100
181
150
71
62
34
0
46
43
9
20
20
46
40
188
243
124
35
163
183
105
145
248
209
119
73
39
54
50
95
46
64
33
35
41
32
36
36
38
41
44
48
43
37
40
39
17
25
52
49
49
54
49
38
28
36
45
40
41
31
27
21
30
40
48
56
51
48
44
36
46
36
35
44
46
47
67
83
100
99
76
74
81
57
51
46
61
58
53
74
73
53
68
72
63
58
31
16
32
28
39
30
50
60
61
58
53
62
76
100
61
19
80
89
73
49
68
62
27
25
23
31
31
28
25
31
32
23
40
55
17
19
16
21
29
23
10
25
23
32
32
29
24
23
30
37
38
35
51
27
31
46
33
29
32
32
27
56
27
26
26
36
29
23
20
26
17
19
32
27
37
50
65
48
42
28
28
50
48
31
30
32
19
18
64
60
46
38
68
47
49
59
64
40
27
49
55
49
61
89
36
196
66
30
74
49
172
170
83
16
118
81
32
36
23
19
27
23
11
115
189
117
78
31
136
121
32
26
26
38
31
52
60
42
39
143
97
85
124
118
227
211
140
80
191
178
59
43
25
132
121
106
179
228
74
25
115
161
67
116
109
178
124
125
47
198
200
200
71
65
177
102
145
236
223
232
170
143
202
76
128
103
76
75
97
100
69
123
83
44
99
73
60
51
22
49
57
72
45
56
61
80
67
62
41
44
66
80
89
34
48
52
42
24
91
79
43
35
39
52
47
39
49
34
55
76
42
28
20
23
23
56
60
55
54
38
61
87
73
69
82
48
49
39
43
64
47
92
46
67
187
161
44
178
169
35
41
20
40
54
38
120
171
40
34
26
19
28
41
14
20
34
45
22
9
21
26
28
25
19
32
37
48
119
34
24
67
97
50
74
61
55
53
28
59
91
140
71
55
49
107
69
60
7
27
157
229
141
36
43
43
44
36
96
207
80
32
19
15
29
51
48
30
39
42
42
25
56
7
100
209
74
14
41
40
23
24
206
232
103
128
39
42
66
103
166
80
80
26
23
34
38
31
22
21
29
34
41
32
35
31
25
27
26
31
41
42
35
44
40
42
44
45
39
41
38
43
49
52
58
50
61
53
39
42
47
49
50
49
41
49
41
50
72
66
64
60
71
82
85
77
46
43
47
44
63
65
75
66
62
58
31
36
25
31
35
32
49
59
69
49
49
44
50
62
67
25
15
44
46
40
42
72
47
43
38
38
35
25
35
37
32
24
29
23
31
23
29
22
21
19
18
38
24
16
27
55
41
24
34
31
37
34
23
39
35
33
25
25
28
35
50
46
49
34
34
51
49
21
19
17
31
27
26
34
33
38
25
35
32
38
35
52
62
49
28
33
39
32
31
43
52
23
38
49
30
42
58
70
54
37
43
71
54
84
201
199
128
104
69
14
151
118
115
123
23
111
60
23
24
18
21
35
22
88
196
203
198
105
48
85
87
14
24
30
40
22
18
32
27
96
222
222
147
130
218
242
241
230
192
202
156
193
91
12
182
133
75
145
120
60
67
58
56
127
85
113
97
99
152
68
73
140
204
157
125
89
88
199
218
209
223
131
109
160
92
111
73
62
70
70
72
90
174
112
117
151
76
67
44
50
51
51
42
51
86
58
57
80
60
28
47
44
84
71
63
77
62
35
68
80
94
40
21
40
45
42
41
38
33
38
49
50
37
28
18
23
49
46
55
32
48
75
109
103
54
66
64
47
45
46
50
45
64
32
60
66
38
14
168
92
35
43
42
29
12
29
111
167
34
28
36
30
25
39
78
62
43
40
16
36
22
28
29
21
20
21
22
46
82
133
117
100
127
41
47
60
71
58
46
58
43
55
58
54
56
103
41
17
55
47
212
191
46
27
21
37
45
21
21
96
77
70
42
43
35
27
31
36
15
29
49
84
101
103
134
175
87
106
40
51
58
25
90
145
211
179
73
169
188
147
235
172
60
35
30
38
41
43
32
23
29
34
35
25
31
32
27
28
34
45
31
37
22
37
51
47
52
60
59
41
37
39
46
49
53
50
47
48
46
58
49
45
45
47
44
32
29
25
55
33
34
68
56
69
80
81
56
45
51
53
54
68
59
63
54
36
26
31
28
31
41
36
42
61
46
32
34
65
43
49
47
29
39
44
45
47
59
51
43
50
36
34
25
20
40
43
26
23
34
46
27
24
27
26
23
24
18
35
19
14
23
48
56
36
20
25
32
28
21
34
42
30
30
34
30
34
40
48
42
34
32
32
30
21
22
20
25
25
28
28
32
30
27
35
54
39
27
35
44
42
19
27
33
28
30
44
37
35
30
33
16
36
42
52
53
32
26
55
59
58
188
140
39
115
95
41
156
56
57
43
52
81
56
29
30
25
28
17
18
77
89
59
115
126
35
101
94
11
33
46
29
23
22
35
24
121
216
199
154
207
219
239
183
217
231
233
100
144
116
35
167
135
41
72
109
129
47
58
111
177
32
106
86
123
117
75
75
171
220
224
206
105
124
204
137
155
183
82
103
108
73
101
83
66
69
69
62
88
105
131
187
135
73
52
66
69
65
44
52
101
84
64
72
78
49
74
84
70
69
34
36
54
79
48
52
45
71
40
30
33
27
31
30
30
35
35
43
52
25
30
42
45
35
24
37
41
49
67
97
70
54
63
80
62
53
49
48
53
57
65
41
41
27
38
106
40
39
35
35
33
133
94
37
49
90
28
73
63
71
21
83
72
35
49
105
122
20
27
27
19
20
38
71
48
24
193
166
59
42
29
50
61
45
67
71
48
40
38
39
45
55
45
37
58
49
39
175
120
22
83
55
33
60
29
24
36
40
42
31
44
34
17
23
163
112
22
104
180
52
55
50
51
49
92
53
71
76
99
39
52
144
212
201
216
111
144
233
218
110
41
38
42
36
42
41
34
35
33
32
22
21
35
33
28
35
37
24
23
19
34
47
51
66
62
43
28
31
32
44
44
44
45
40
59
56
59
56
44
55
55
45
33
35
20
31
30
32
67
43
57
62
53
49
35
64
62
55
61
39
35
42
24
30
34
40
47
48
33
39
48
34
24
26
62
49
37
34
32
52
45
42
43
52
41
39
41
34
29
19
25
34
53
56
27
39
47
24
23
25
25
22
30
40
33
22
19
30
28
33
29
17
25
31
26
25
33
32
30
42
42
32
34
35
34
33
33
32
26
24
32
42
23
24
29
25
27
26
27
31
33
46
35
29
33
36
35
24
23
25
22
32
50
39
42
25
56
61
39
36
48
67
91
29
33
47
49
82
150
55
69
41
53
150
44
63
33
56
73
30
26
26
31
29
90
22
78
110
2
51
76
33
55
46
31
45
41
28
24
39
37
36
89
115
107
131
229
120
167
113
203
226
241
159
187
128
59
159
87
22
28
144
198
121
75
98
148
10
111
175
168
86
93
78
132
133
130
97
70
106
141
128
132
107
96
110
78
79
92
80
65
59
66
59
65
79
134
111
75
72
54
73
73
51
53
84
92
53
54
68
63
39
73
73
82
66
46
33
64
58
51
51
37
43
49
51
64
35
28
25
33
39
27
43
53
35
49
59
47
42
27
27
38
60
65
91
73
54
64
66
71
56
47
47
49
57
86
45
30
35
55
56
46
37
35
35
60
191
79
34
37
187
130
53
61
82
23
72
35
21
49
204
126
18
26
27
22
17
33
80
120
33
159
110
36
91
38
56
51
74
55
52
39
39
35
39
40
34
17
41
63
37
35
74
51
38
86
58
35
42
37
26
25
28
29
27
32
33
27
25
112
86
31
136
188
22
23
23
34
62
62
38
58
54
100
47
60
73
132
223
199
63
116
144
217
109
37
41
42
32
31
40
41
33
25
30
19
18
31
34
32
31
28
23
19
25
34
36
38
52
33
39
31
21
26
45
38
34
34
39
77
52
47
49
44
49
48
39
38
44
26
21
30
33
49
41
65
57
36
36
27
64
58
49
49
44
20
30
28
32
32
58
64
47
33
55
46
36
26
36
60
43
23
30
34
52
47
45
47
51
43
48
36
35
38
26
28
49
76
65
25
34
32
28
28
24
20
21
28
64
36
25
21
29
20
25
23
22
26
29
28
28
30
26
40
40
38
35
33
36
32
33
28
28
26
24
29
34
25
26
32
25
30
27
48
38
26
29
34
25
24
31
29
27
21
22
17
35
54
48
53
41
61
74
53
49
41
79
141
25
21
60
40
57
147
49
22
16
39
73
36
70
53
56
62
27
25
42
29
20
165
29
81
188
113
63
34
33
28
21
45
42
27
31
24
43
39
35
54
40
49
72
143
52
90
87
193
221
242
142
153
163
129
157
75
87
88
115
160
212
144
85
72
49
97
175
134
74
96
87
132
104
80
89
123
106
66
123
121
47
97
114
70
85
98
73
70
64
61
67
58
74
94
93
58
69
62
76
77
53
51
77
60
46
50
59
63
82
79
68
78
57
56
74
80
53
46
53
33
48
60
52
55
63
38
38
45
39
34
47
50
50
53
43
43
49
34
35
68
76
61
86
70
59
56
56
58
52
49
45
47
59
68
82
59
42
69
49
44
38
33
24
117
113
36
45
42
140
137
33
47
57
28
72
27
42
54
174
124
20
24
23
26
20
28
65
138
58
109
47
18
158
105
43
86
97
36
33
43
36
46
56
22
14
17
35
78
88
77
50
72
75
48
62
48
27
35
24
18
26
31
41
38
35
36
27
41
36
38
83
129
82
41
30
46
75
46
45
45
35
57
56
69
39
58
164
200
56
100
75
171
128
41
47
42
32
29
39
43
33
24
32
27
25
23
27
32
28
32
31
29
36
42
34
27
27
36
47
40
34
38
46
35
30
34
37
65
39
37
39
44
38
34
32
37
46
28
21
24
27
31
47
73
59
39
39
27
40
39
34
40
43
24
28
34
30
30
64
57
40
36
56
41
36
30
44
65
24
22
35
41
41
47
60
58
52
49
48
31
36
45
33
29
64
70
36
23
25
28
31
34
33
25
25
22
56
41
36
36
29
29
30
25
26
25
28
26
23
25
28
35
31
32
33
31
33
30
28
23
21
26
26
26
23
20
26
37
34
34
36
67
37
21
29
34
23
16
43
27
25
25
20
20
29
52
54
60
57
45
48
69
46
49
91
96
14
29
78
47
57
70
27
32
33
28
38
65
50
47
59
58
46
38
110
38
68
133
26
55
152
196
59
28
27
25
25
37
29
21
31
31
33
33
39
94
20
42
34
50
35
52
72
149
218
236
58
92
183
192
97
90
157
191
140
120
148
144
150
74
96
120
114
85
91
107
142
137
115
82
173
192
101
38
109
138
56
141
147
90
83
85
74
72
82
67
74
66
56
57
111
67
54
61
70
86
69
51
65
55
53
56
56
72
103
90
74
68
54
57
93
66
52
42
44
31
54
49
43
32
57
32
44
46
39
39
44
49
50
40
29
40
52
31
48
90
76
62
69
55
69
57
54
46
42
49
49
49
56
42
90
90
54
66
41
34
38
46
44
111
43
26
43
38
44
63
30
40
40
38
51
27
58
106
67
95
23
22
24
24
23
30
45
74
55
61
28
6
148
128
54
172
127
34
27
57
72
47
44
17
17
25
30
75
84
82
54
88
71
29
63
49
33
40
23
20
30
43
57
45
34
35
29
53
37
29
51
119
129
58
33
39
51
37
58
65
29
44
63
47
37
40
76
156
112
99
73
98
115
43
49
36
28
41
43
44
42
34
32
37
27
18
22
30
30
39
37
39
40
46
39
35
27
65
41
39
57
57
44
38
38
40
37
34
39
44
45
49
37
26
27
34
40
25
22
21
27
28
52
65
53
43
46
29
23
38
44
42
30
36
36
32
32
46
57
37
32
32
52
34
32
34
44
64
26
30
39
43
32
42
61
47
35
44
28
26
33
33
32
34
55
48
24
32
22
30
26
34
45
36
38
22
29
43
53
53
33
40
28
31
24
23
28
19
27
26
28
19
24
26
29
32
31
19
17
22
24
29
28
35
35
21
26
43
42
41
47
54
24
27
41
33
23
33
67
32
29
28
19
27
21
50
58
51
57
38
31
60
29
60
86
27
23
46
67
76
25
16
55
78
37
28
80
103
40
39
50
50
75
95
173
49
167
57
14
29
87
148
45
31
21
13
26
30
27
23
29
36
25
20
49
126
16
43
40
31
28
40
49
83
172
211
29
87
122
159
78
87
123
222
240
157
28
103
225
161
87
131
115
92
109
125
170
88
86
65
156
129
76
50
114
189
127
215
156
102
80
59
76
69
88
68
70
59
57
59
73
60
42
58
59
83
75
68
75
64
48
58
56
70
68
74
64
55
62
61
72
43
34
48
35
38
42
28
41
34
26
15
32
32
38
28
40
46
39
41
36
41
57
30
54
72
67
67
54
62
80
76
62
50
36
36
51
48
49
36
52
70
57
50
29
30
38
71
90
40
48
37
43
47
35
33
45
64
82
43
33
69
82
161
34
32
25
21
27
22
24
33
26
22
35
25
33
28
84
61
84
234
193
78
70
67
97
31
22
36
32
31
31
37
20
44
38
45
28
29
39
36
43
75
78
57
71
48
43
40
30
47
55
57
40
25
70
109
79
48
43
47
37
35
46
87
31
61
77
36
57
51
21
64
176
127
98
77
77
28
36
23
24
51
49
58
56
43
41
43
17
15
22
32
32
38
36
43
34
33
39
43
47
48
30
35
43
52
33
39
47
38
40
30
49
55
45
49
34
22
25
35
36
28
26
20
30
30
44
50
41
42
38
36
47
78
77
53
42
51
41
40
58
67
51
31
29
34
78
44
35
53
64
61
48
26
30
36
39
36
34
26
23
29
29
33
30
22
36
38
45
63
43
53
23
30
33
40
38
40
53
26
23
37
54
38
24
39
33
35
19
21
24
24
49
42
27
26
18
23
34
32
34
21
19
29
37
33
26
35
38
31
29
41
37
41
51
31
23
41
49
32
15
57
62
42
36
22
23
27
27
57
50
35
54
36
31
23
33
45
45
41
50
46
49
75
44
34
74
73
29
27
49
52
55
45
37
13
124
193
154
29
176
64
12
41
119
87
88
33
22
17
31
46
47
26
31
29
27
24
28
34
25
31
33
40
31
39
49
43
82
166
21
35
28
64
181
86
47
177
221
168
73
198
228
185
47
37
143
99
85
103
91
59
69
77
84
49
91
53
103
200
160
170
80
70
62
76
72
73
77
46
71
45
87
74
57
54
59
60
76
65
78
81
71
58
50
60
64
64
61
57
53
51
52
53
63
47
33
59
30
38
41
26
35
23
28
26
26
23
28
32
46
39
33
47
36
44
61
41
50
64
71
64
58
77
82
82
78
58
40
29
46
50
46
43
35
38
45
52
77
24
42
63
81
25
33
39
36
35
49
36
97
108
142
24
105
210
172
136
103
24
27
21
20
23
25
34
29
29
20
32
40
55
23
21
60
192
204
128
141
59
41
36
42
42
35
36
32
36
35
50
57
47
57
38
29
41
72
140
198
95
117
53
40
35
26
61
81
19
18
47
47
10
14
34
53
56
55
43
40
60
45
62
72
40
60
72
57
44
117
179
110
147
146
36
33
22
36
45
62
103
91
68
82
82
32
19
13
17
23
28
34
44
33
40
38
39
42
55
29
30
28
56
32
43
41
45
43
24
31
31
26
27
36
40
45
49
55
35
23
21
31
27
19
24
33
38
41
53
72
82
52
55
50
53
38
62
86
49
45
23
35
87
49
35
48
89
108
56
33
23
25
30
46
28
29
47
46
45
63
42
41
49
45
44
35
56
27
57
40
67
59
59
34
44
49
24
25
24
37
23
21
39
39
35
20
18
33
35
46
58
38
26
20
35
30
29
34
32
27
36
34
24
27
37
37
26
32
37
28
30
33
30
44
44
45
33
27
67
47
41
38
34
31
27
32
60
12
23
38
39
43
8
30
52
40
44
53
32
53
57
37
18
24
9
26
32
14
9
31
48
53
28
131
210
114
36
54
96
58
46
11
18
46
49
25
23
13
58
70
30
38
27
23
29
20
14
42
30
24
21
35
48
38
41
74
107
10
40
42
33
96
83
84
162
124
138
106
223
192
105
85
55
97
74
76
71
42
63
80
72
83
126
91
59
75
128
66
86
73
63
59
89
87
66
61
54
86
68
102
104
67
55
83
60
110
59
73
78
69
70
73
64
88
72
52
60
55
58
44
55
58
58
47
47
36
36
47
25
35
21
26
33
28
26
24
49
28
52
51
27
29
36
67
46
36
43
73
85
61
61
58
46
46
64
36
59
76
68
52
61
53
42
42
49
142
42
38
23
50
43
15
30
29
33
50
35
114
41
49
52
221
241
208
99
154
13
25
18
21
16
20
22
30
23
23
31
36
31
32
44
27
48
72
51
31
24
41
35
32
39
45
53
42
42
21
21
15
69
168
124
81
78
172
208
180
63
65
133
153
38
16
18
24
39
22
61
43
29
32
25
21
26
31
51
49
27
43
34
36
47
31
62
76
65
47
139
115
173
227
21
49
52
66
44
63
85
59
55
38
29
37
27
24
33
16
37
43
31
25
43
49
53
49
42
45
32
24
49
66
35
25
33
40
34
26
24
30
27
33
40
55
54
40
33
18
26
41
39
28
29
32
36
43
86
58
32
68
86
57
60
77
78
51
43
42
33
78
84
37
62
71
82
70
46
31
31
43
60
36
33
23
39
62
43
30
41
50
48
45
34
45
94
79
36
32
33
30
30
21
29
34
27
23
24
28
19
20
33
44
49
27
17
31
29
31
54
56
42
40
52
40
36
22
23
27
26
22
27
38
35
42
28
15
27
38
143
47
37
69
58
34
40
32
89
129
34
37
45
28
22
29
24
21
27
32
28
17
20
41
19
32
44
35
48
55
64
35
19
24
31
33
24
24
46
31
59
55
44
146
185
111
200
80
204
168
35
23
17
25
25
17
71
95
128
40
19
56
26
16
28
27
23
21
25
27
13
29
77
29
31
128
161
33
41
46
48
42
53
82
200
57
193
90
63
53
29
216
110
35
103
109
92
71
71
77
72
83
96
71
71
113
81
114
75
58
59
178
45
57
50
60
86
52
79
90
86
71
62
80
62
73
77
105
44
70
89
58
56
53
52
61
53
89
48
58
57
48
34
41
51
35
36
41
64
44
32
40
29
31
22
15
20
32
50
46
26
28
35
42
35
52
25
61
89
68
38
38
52
58
58
50
104
129
131
137
81
38
65
49
27
14
35
30
19
53
30
17
31
24
21
16
18
21
18
2
135
240
241
240
92
88
24
32
29
22
19
21
24
33
32
33
17
24
27
37
29
35
20
18
28
22
46
50
41
43
43
47
57
48
33
39
123
28
14
64
246
167
133
230
247
131
64
78
60
77
69
35
92
101
37
29
35
29
28
29
30
40
42
51
41
29
39
28
29
38
48
44
34
50
61
102
63
34
136
217
32
45
71
79
68
67
41
48
73
32
18
33
37
33
19
30
34
27
26
36
43
40
46
57
61
35
39
38
43
69
41
44
35
33
34
28
28
24
23
34
35
34
38
48
47
35
50
51
51
20
19
28
21
64
81
70
71
109
94
101
107
97
71
43
22
31
41
62
45
43
69
89
73
49
52
56
37
49
41
50
34
29
57
45
10
49
60
46
40
38
32
51
66
37
31
23
33
42
30
27
25
26
19
22
22
16
42
25
35
44
33
15
17
33
34
20
25
49
67
41
28
24
25
19
21
17
21
22
33
39
38
34
37
40
24
41
97
35
40
52
36
37
31
36
36
45
41
24
35
38
27
24
39
24
18
18
21
22
24
32
16
32
60
39
36
42
46
11
28
25
30
30
52
19
25
22
22
26
25
41
111
91
39
9
83
63
24
25
27
32
17
15
94
75
108
75
23
19
24
26
27
28
25
22
19
45
112
59
70
34
34
44
31
34
32
35
54
66
52
54
115
66
100
62
89
82
39
156
65
45
65
96
64
95
68
51
60
69
73
69
55
48
42
95
93
54
96
225
61
64
101
99
106
68
72
70
83
71
47
42
67
86
80
53
87
113
83
44
71
48
51
66
54
62
56
59
61
85
103
87
67
67
58
56
67
44
44
42
34
41
39
27
32
37
33
38
25
19
23
15
19
52
48
76
54
53
110
125
103
69
57
51
89
110
67
50
43
62
62
32
24
47
40
25
22
27
38
35
15
26
20
36
117
17
46
20
124
134
101
148
92
22
34
24
21
18
13
16
35
56
31
14
52
30
15
22
31
14
23
31
34
35
41
45
38
34
29
36
61
49
27
20
49
26
37
76
224
125
159
223
247
112
61
47
51
123
233
144
69
48
27
22
30
51
72
49
48
18
29
35
37
41
36
31
37
55
53
69
42
27
21
67
104
175
223
213
57
65
54
52
66
51
51
66
58
37
45
34
33
29
35
39
32
34
51
43
40
32
40
36
47
32
44
60
51
49
41
33
34
38
49
38
36
31
32
32
27
38
46
53
62
55
46
47
40
78
109
64
50
43
62
76
88
85
77
64
54
61
81
25
14
23
30
43
65
58
60
58
45
42
62
71
38
48
38
35
41
43
36
23
31
41
46
22
31
26
60
117
88
23
29
35
43
27
28
20
17
18
40
57
40
73
86
55
61
48
52
59
26
25
32
29
41
47
53
42
33
34
39
27
29
27
27
27
23
15
35
30
37
27
21
21
30
36
42
55
36
37
29
50
34
34
36
30
22
39
31
32
31
23
19
20
29
31
26
15
20
31
47
29
18
27
96
63
27
38
36
32
67
14
16
18
48
39
10
26
81
123
65
40
52
20
53
112
7
28
62
61
168
107
87
54
19
24
20
20
21
23
16
25
27
46
187
196
170
34
31
36
39
30
31
47
47
53
56
47
124
111
99
146
78
50
46
64
147
152
72
105
111
111
83
41
27
29
63
68
57
44
48
58
63
135
88
113
72
89
97
90
91
54
64
77
77
75
64
67
98
84
59
74
59
89
58
53
53
49
44
75
72
46
39
44
33
69
76
79
110
104
46
62
43
42
32
30
36
31
30
22
32
40
37
37
23
24
38
46
47
23
113
102
47
76
134
127
71
53
43
53
57
50
32
30
42
57
36
24
23
36
37
25
28
20
94
71
47
24
21
161
225
168
79
20
163
74
56
52
26
33
81
16
22
21
31
51
53
55
21
9
68
43
18
22
28
18
21
21
31
51
26
90
62
43
30
32
27
32
31
49
39
15
86
199
219
184
227
237
163
31
32
20
72
178
214
149
62
41
26
24
26
28
40
31
20
66
70
45
54
48
44
52
53
54
65
61
54
73
101
76
148
233
232
221
52
48
40
52
38
55
73
58
59
63
50
26
20
27
26
30
29
36
48
36
44
33
34
35
27
32
45
45
27
31
34
28
31
47
43
25
33
35
37
28
30
33
38
39
58
50
50
47
47
106
146
123
80
51
65
78
100
69
63
54
45
54
65
53
40
27
51
65
48
29
44
65
102
92
89
83
43
33
40
33
56
60
35
45
56
58
57
80
88
90
69
58
41
20
26
49
41
18
25
30
20
30
59
42
43
63
64
62
66
50
67
75
59
23
31
56
62
63
50
31
33
36
36
39
45
45
35
35
28
20
43
34
34
23
22
31
39
43
56
55
35
33
31
41
45
45
34
23
28
33
28
17
23
27
28
25
25
26
24
17
18
19
31
31
41
47
80
45
22
35
63
48
31
22
22
19
30
24
29
43
35
69
73
28
48
37
51
50
13
25
54
78
128
34
62
52
42
21
21
32
31
19
18
38
48
114
113
74
116
33
35
39
33
49
48
69
71
69
51
59
148
110
88
102
57
37
89
62
111
184
113
124
69
77
73
74
78
62
64
67
66
63
54
49
91
141
68
55
60
85
85
76
89
65
64
72
88
59
59
48
68
62
70
71
75
82
47
54
46
41
40
70
76
57
57
76
56
62
34
36
56
47
33
47
59
45
38
44
17
30
47
21
32
32
38
41
31
21
32
39
43
34
73
79
58
103
140
50
33
58
62
57
55
44
23
37
59
33
26
37
26
10
29
27
27
27
37
24
46
122
66
100
153
169
49
30
143
70
42
42
28
22
45
17
19
27
93
117
87
52
39
42
43
38
29
28
23
25
25
29
36
39
21
35
45
44
33
27
81
83
26
25
32
41
32
191
243
229
170
82
41
54
45
32
50
54
85
175
59
35
33
34
27
36
65
58
5
54
55
42
55
54
47
53
57
63
60
53
36
102
138
103
212
190
186
210
37
39
55
51
24
53
61
35
56
40
30
24
33
35
13
24
16
28
42
32
45
30
23
29
29
32
30
39
50
44
27
31
28
36
35
36
34
32
28
23
34
34
30
33
47
52
49
47
116
126
143
117
87
60
43
83
87
54
74
65
69
73
72
90
45
34
57
61
32
34
69
102
131
113
108
73
51
35
34
34
40
51
44
51
60
50
77
106
87
87
54
30
47
43
25
45
38
34
39
48
24
42
57
37
40
51
61
65
72
44
59
59
51
27
45
60
64
59
47
26
30
33
36
32
28
34
32
30
24
34
39
28
28
26
16
30
35
34
40
39
34
27
23
53
80
41
25
18
33
25
30
17
25
40
29
20
23
24
23
20
17
33
48
40
49
68
69
42
16
26
54
38
26
19
18
20
20
19
44
77
74
29
54
33
27
33
39
23
28
26
29
67
88
13
60
59
28
17
62
41
27
18
23
27
77
188
74
26
47
33
39
24
22
48
54
62
62
51
45
61
136
185
177
111
70
121
71
60
92
138
100
117
132
88
65
78
75
100
85
80
64
64
57
59
82
89
68
52
58
88
96
81
78
68
68
67
77
78
67
64
61
61
99
70
72
56
44
46
36
42
47
57
90
63
67
73
60
49
24
37
47
48
36
45
60
44
55
30
18
25
48
46
65
32
49
44
34
25
44
42
20
33
45
58
63
68
62
20
52
99
62
41
38
43
42
51
64
42
18
22
41
80
85
30
23
27
22
69
61
91
42
44
46
73
30
31
59
41
27
26
22
19
23
19
19
27
60
70
90
46
56
54
28
31
19
11
20
19
22
34
46
25
31
32
35
36
41
26
139
138
57
92
138
99
46
88
214
131
79
109
99
72
50
53
55
38
23
133
116
60
24
68
42
115
73
41
98
48
39
48
55
45
40
39
53
78
70
55
49
156
181
160
169
86
70
106
36
36
40
37
24
33
37
32
41
22
29
32
39
26
13
23
14
28
45
29
50
40
26
30
38
36
43
55
67
59
28
33
41
36
34
37
30
41
32
39
36
31
34
42
40
49
59
73
146
93
107
93
77
71
46
86
74
66
58
51
72
69
69
90
31
29
51
60
42
55
79
100
109
94
100
69
47
54
51
35
30
44
47
40
48
43
75
82
81
94
43
40
60
62
43
36
32
49
70
55
30
50
57
45
55
65
70
49
46
36
48
41
31
36
48
40
51
47
42
26
19
24
24
23
18
19
32
26
25
36
36
32
27
28
19
27
22
24
35
34
36
25
26
84
77
47
37
19
27
19
29
26
25
36
27
23
25
27
19
20
23
53
60
50
52
59
55
42
29
40
37
35
36
18
18
18
16
27
36
50
74
31
35
32
25
64
37
15
94
35
23
89
87
19
39
84
70
88
74
28
21
20
27
25
63
128
51
34
32
54
97
63
61
55
47
61
47
29
51
52
159
233
239
134
135
172
99
109
102
114
108
86
130
86
65
72
56
89
87
87
66
53
74
106
95
70
84
77
82
86
72
71
65
64
69
63
54
84
68
96
70
82
112
67
47
40
44
47
56
57
43
41
73
80
69
50
45
49
35
40
48
48
39
50
45
42
62
18
36
34
50
46
64
35
51
39
30
27
37
41
26
32
26
40
59
40
29
82
110
109
55
47
30
46
54
47
50
75
79
45
49
119
115
20
20
30
39
77
81
67
25
18
19
33
46
44
30
28
25
17
21
20
19
23
20
26
20
41
92
48
86
49
21
23
35
47
15
31
32
41
42
22
35
38
33
27
35
54
183
191
169
199
186
139
95
28
90
34
52
169
201
69
61
68
54
56
31
70
157
97
29
100
122
117
52
40
125
38
38
56
58
50
34
36
42
63
74
45
103
192
211
124
86
46
38
47
29
24
18
27
35
29
32
33
29
30
37
34
30
15
15
20
18
26
45
43
61
48
35
38
46
49
67
63
67
53
34
40
38
37
46
28
24
44
42
58
38
31
36
44
35
38
56
83
114
53
83
75
58
63
62
72
72
74
35
58
83
63
50
63
52
38
51
55
66
62
60
76
83
83
91
66
46
76
59
27
27
44
45
34
29
34
57
68
85
96
56
54
55
60
70
51
37
50
67
38
31
49
48
55
65
71
64
34
25
30
38
33
24
41
34
29
39
36
39
25
19
24
16
23
26
22
32
31
33
30
40
33
32
29
24
28
19
27
35
36
38
23
31
78
49
63
57
35
24
17
24
28
27
27
23
27
30
24
17
18
33
61
52
51
53
35
39
52
40
49
26
32
33
17
18
17
34
44
25
20
36
37
26
25
29
65
28
17
89
35
33
98
88
30
25
78
134
106
62
43
43
15
22
29
42
52
39
36
35
60
138
95
105
131
71
62
69
98
51
44
190
224
221
123
175
156
144
151
121
113
98
61
77
87
82
64
52
69
86
88
71
81
124
111
99
67
95
82
84
88
83
56
58
64
63
63
55
69
70
91
69
100
101
42
34
45
46
56
76
80
48
63
87
103
64
37
37
57
65
55
53
46
51
61
40
36
51
29
41
42
53
42
44
37
41
33
48
41
26
33
40
34
22
59
62
34
38
119
112
73
48
59
42
58
71
42
42
57
124
95
42
68
80
17
20
29
68
77
141
106
45
30
30
30
38
37
38
34
42
44
42
22
19
24
20
23
17
41
73
46
102
37
17
18
59
78
17
48
45
41
30
29
36
29
32
26
25
83
166
151
157
155
99
85
72
25
16
14
99
150
152
72
72
60
45
57
51
44
97
77
44
87
170
58
66
98
58
39
52
57
67
60
45
60
54
58
81
40
121
142
135
60
51
46
48
33
12
13
22
30
43
38
33
29
31
36
35
29
23
19
16
16
26
19
30
48
58
41
38
38
45
62
66
52
61
39
38
54
24
33
45
27
26
34
43
53
35
34
31
37
34
28
36
52
83
46
81
62
50
50
70
68
80
58
41
98
114
89
74
58
86
65
55
41
69
52
42
67
92
97
87
52
64
91
55
22
32
51
59
46
18
24
56
75
75
67
67
54
46
48
76
74
56
47
30
23
33
41
30
56
48
44
43
37
32
30
26
30
29
38
24
28
30
36
35
23
28
28
25
26
28
28
29
31
30
24
44
24
32
29
21
25
22
33
23
29
34
25
34
48
43
65
52
50
27
18
24
24
33
25
20
30
31
18
18
18
45
55
47
52
41
28
60
65
40
38
18
19
25
18
17
19
49
43
23
30
28
28
25
24
21
28
34
28
24
31
35
55
66
32
49
58
129
55
55
67
112
50
22
28
48
54
41
37
35
64
91
76
135
147
108
70
77
152
49
93
190
187
189
146
154
133
150
178
169
118
69
69
60
115
89
74
61
67
85
77
68
115
129
61
79
58
79
55
66
85
118
60
63
65
60
65
64
58
73
61
64
90
66
38
57
56
48
51
65
77
56
117
137
92
57
47
42
70
94
68
66
60
73
62
37
30
40
50
39
41
51
56
42
36
33
33
66
47
27
27
35
28
60
101
64
27
69
106
79
38
35
43
45
63
78
47
43
20
96
90
52
17
48
39
27
34
111
149
193
135
62
47
40
30
32
28
24
28
44
65
61
34
18
21
21
21
20
48
63
41
71
22
27
58
67
52
30
40
40
30
25
37
33
31
40
42
34
68
79
46
65
40
19
15
22
26
33
29
118
91
47
68
62
47
50
58
58
46
22
31
47
50
128
60
147
152
45
67
67
62
68
59
64
78
80
73
79
43
88
65
28
49
49
33
43
66
11
16
30
35
30
26
23
32
35
23
38
30
23
34
36
29
50
22
12
19
42
35
35
31
31
57
51
46
49
33
35
63
44
41
23
29
34
33
36
37
23
28
29
33
34
25
33
31
79
41
71
59
68
60
90
92
92
46
63
102
105
112
128
87
70
76
53
45
52
44
44
72
116
93
71
42
74
94
74
34
58
67
84
71
32
42
80
62
59
58
54
48
38
35
58
76
68
49
25
41
51
42
30
40
23
16
30
43
29
38
22
27
32
32
29
21
26
48
27
22
26
23
29
23
21
27
32
28
23
25
47
23
23
26
21
23
23
30
19
21
24
28
40
57
63
50
33
39
23
28
26
22
34
24
21
33
22
20
16
21
50
45
57
53
30
43
93
53
44
33
15
19
27
25
17
20
23
16
21
37
38
27
29
25
21
45
85
21
41
43
23
19
37
25
85
101
108
71
74
48
169
115
57
36
48
45
38
43
38
92
18
57
154
16
115
100
33
102
82
185
192
166
179
210
140
142
152
229
222
143
106
95
58
116
77
116
74
60
69
43
59
84
47
42
84
68
48
41
79
64
79
74
71
59
66
61
47
60
58
46
64
59
29
74
77
59
46
39
52
39
44
133
124
54
51
58
50
90
81
39
56
56
77
47
22
28
39
69
58
44
45
54
37
34
35
32
37
23
20
22
28
23
94
89
43
30
123
120
84
39
26
21
31
54
50
50
38
43
68
34
71
27
73
65
32
76
121
175
143
105
74
65
67
60
84
59
36
20
23
35
46
48
18
19
23
20
28
83
84
43
27
20
58
134
100
35
40
29
30
28
28
34
19
39
45
55
55
34
13
24
108
55
53
42
41
25
43
47
58
51
62
40
50
56
54
49
55
47
48
37
42
47
89
148
227
167
156
105
63
73
56
56
65
60
80
68
51
36
64
55
30
41
30
27
62
144
15
30
45
48
18
17
34
34
32
13
47
29
34
61
66
61
59
27
15
27
44
35
29
35
32
37
43
45
49
28
22
56
64
46
29
24
22
31
30
26
26
18
14
19
20
26
45
47
46
52
62
55
70
62
94
77
72
62
73
77
67
56
79
92
54
61
51
53
55
51
64
101
90
59
70
34
51
82
77
37
60
64
76
93
56
74
88
46
56
66
60
66
46
24
42
79
69
60
55
59
59
54
34
16
26
25
43
38
27
45
29
24
19
18
38
43
39
35
19
21
27
32
25
16
23
38
42
49
41
46
50
23
22
23
23
25
25
24
34
32
23
22
28
60
63
46
45
22
32
52
19
25
37
22
16
17
16
19
10
24
24
43
57
28
34
52
41
21
47
30
15
20
22
19
11
20
21
36
21
52
37
29
28
21
19
48
101
19
29
38
13
21
6
88
114
155
185
93
168
76
86
48
110
43
42
39
47
44
40
84
39
27
85
67
156
107
80
204
134
165
198
240
140
149
186
178
163
175
162
152
148
92
85
82
120
127
61
75
81
35
50
57
53
50
66
63
54
60
75
63
64
86
48
59
54
49
47
68
47
30
53
50
42
42
33
51
62
70
48
26
55
89
61
62
27
32
52
87
45
24
41
48
63
56
39
26
29
88
81
46
32
30
28
55
38
30
24
26
18
22
19
33
31
27
27
52
78
85
55
46
30
25
27
42
58
59
39
45
52
53
37
28
84
59
21
132
56
34
89
65
148
205
83
58
78
44
123
39
41
17
15
32
21
17
25
13
47
63
15
41
43
37
89
117
169
61
38
51
40
36
42
28
23
22
20
52
56
44
48
56
54
40
47
36
33
30
90
86
58
73
45
38
67
63
35
46
46
60
46
32
53
92
121
240
222
243
243
140
47
61
62
59
49
57
79
66
56
43
37
30
23
16
35
34
42
63
22
43
36
36
31
25
43
35
45
34
47
42
37
47
41
38
36
24
21
36
36
39
37
36
27
32
55
51
41
29
32
40
35
38
31
24
25
36
19
24
32
34
28
17
21
23
41
51
35
60
55
25
40
48
47
60
64
93
74
98
122
44
44
65
90
59
58
43
29
53
67
96
59
68
79
37
49
42
59
86
85
94
91
69
24
36
56
44
61
83
51
34
38
43
24
54
80
93
75
71
54
53
33
27
47
58
28
20
28
38
28
39
30
42
50
56
18
23
12
20
29
34
32
13
20
45
35
30
41
34
31
24
27
39
27
31
29
21
21
28
26
23
29
44
28
35
31
33
43
58
23
28
30
19
20
25
30
31
19
44
36
39
17
38
48
38
39
20
27
20
18
31
21
20
17
13
30
77
59
46
18
17
18
15
17
20
17
19
12
9
16
24
19
91
154
66
185
225
140
88
37
38
59
44
46
103
47
79
235
238
173
46
85
206
216
175
222
151
32
158
164
213
129
203
220
182
202
90
76
101
131
110
122
55
130
70
70
156
91
53
84
62
79
79
62
65
46
53
75
67
92
57
60
85
59
40
51
47
44
43
44
46
44
35
49
70
98
49
27
34
41
42
51
51
44
59
49
28
59
36
35
36
35
65
78
57
35
39
55
70
71
43
75
94
25
45
34
36
28
23
21
27
28
26
29
32
32
27
89
46
41
32
33
24
46
62
86
66
42
65
74
77
32
46
61
72
198
172
184
215
244
248
221
76
36
47
94
41
51
53
44
10
13
19
24
21
23
23
54
74
62
29
87
76
105
99
64
19
25
16
29
30
27
19
67
190
49
26
58
86
32
39
28
24
23
25
31
77
39
66
85
51
78
70
49
65
63
82
65
48
59
220
115
224
228
219
232
111
86
75
32
60
51
49
72
78
59
34
63
48
27
30
58
81
20
7
36
44
30
40
36
48
51
52
68
54
25
42
49
45
37
29
41
43
54
43
30
37
31
37
35
38
48
47
34
33
35
34
33
35
26
27
27
17
27
35
24
22
23
20
12
35
46
47
34
55
81
58
35
45
48
36
34
64
101
118
101
57
60
52
105
46
58
92
83
88
98
66
71
75
71
36
54
51
50
55
66
73
63
21
56
35
49
45
60
75
55
57
37
45
41
52
62
76
49
65
40
46
61
36
24
32
36
34
57
41
52
64
73
73
40
46
43
31
27
32
28
43
54
42
30
41
27
38
44
62
56
20
18
33
27
28
28
17
30
22
22
22
23
32
41
45
31
34
27
39
31
18
17
20
20
18
24
28
43
41
27
26
38
40
31
32
34
24
18
14
22
25
24
26
30
36
42
25
32
24
15
27
17
8
23
27
19
32
27
14
21
26
59
33
97
22
154
209
179
200
190
50
36
75
56
42
38
79
199
198
134
107
227
235
106
28
62
53
198
133
193
178
208
209
221
166
208
207
144
133
109
116
124
71
49
62
87
153
111
58
168
121
78
39
57
60
77
112
68
60
80
60
53
69
85
73
44
53
46
49
34
45
55
28
43
74
58
32
45
51
48
41
23
43
46
58
38
40
27
29
28
55
49
44
51
51
48
99
107
105
100
49
72
78
41
50
42
21
17
24
24
34
36
22
29
24
25
21
22
23
41
30
36
57
78
44
55
75
64
37
69
79
21
63
144
216
244
237
228
237
158
180
177
131
41
71
223
43
40
87
67
44
23
14
16
15
14
14
69
63
30
68
102
67
71
38
41
27
40
91
48
48
23
38
44
73
13
54
104
80
40
26
25
26
26
25
21
40
60
86
88
66
61
56
59
60
76
83
51
50
51
61
33
148
218
225
195
182
123
68
42
50
26
38
60
51
24
61
55
33
39
37
29
29
31
61
49
31
38
33
43
40
47
47
34
27
35
36
31
31
33
28
35
21
41
42
23
29
34
38
26
23
44
33
41
38
30
35
39
31
26
16
14
25
29
27
22
30
28
23
20
39
47
50
34
19
80
69
40
46
65
69
58
49
80
82
61
59
63
74
97
74
93
128
100
74
81
71
76
41
20
36
41
48
37
30
60
68
69
72
102
87
86
51
71
36
46
58
30
26
46
51
45
47
31
38
39
36
33
20
31
25
31
42
40
35
33
48
44
48
49
60
46
36
21
21
27
39
42
63
58
44
44
30
27
49
46
31
31
29
21
28
27
21
27
25
19
16
20
24
40
70
34
27
20
28
38
30
24
22
24
20
26
21
33
31
15
23
37
31
42
44
39
17
36
47
55
40
24
20
40
50
36
26
29
21
22
26
8
20
20
24
66
44
20
30
23
28
30
13
19
31
100
86
41
67
152
70
38
58
66
39
45
30
31
32
21
146
187
55
126
129
45
138
225
103
179
116
137
130
161
135
187
191
142
137
103
145
217
134
60
72
66
91
47
63
176
206
91
99
86
65
74
110
81
81
83
96
71
70
66
60
57
72
44
38
40
46
53
55
52
49
41
29
41
45
43
39
49
44
58
50
43
54
25
22
20
33
54
31
21
28
117
82
96
80
56
65
54
73
82
55
55
40
24
25
27
42
38
35
35
24
20
16
36
30
35
60
26
61
85
86
71
35
60
49
84
57
61
56
144
138
141
200
236
170
41
53
38
84
51
21
143
42
33
76
75
54
36
6
21
32
9
53
72
38
9
47
77
48
40
25
24
16
44
115
134
123
42
139
104
39
115
108
103
63
38
35
36
25
27
27
45
95
89
71
60
75
64
52
48
57
57
56
45
45
51
22
32
46
63
116
77
59
79
45
35
29
43
33
38
46
35
38
22
25
39
41
24
37
71
54
38
37
34
57
56
37
45
35
28
33
31
29
32
28
36
41
23
21
26
35
34
26
42
44
32
38
34
39
44
38
34
36
39
35
19
28
25
28
36
32
29
35
29
23
21
44
59
37
33
82
124
69
39
61
46
59
53
47
70
63
61
60
70
70
73
89
77
84
76
65
65
78
71
52
41
41
39
58
46
45
50
49
54
90
103
94
70
38
31
25
41
51
58
56
48
34
20
32
23
18
15
24
31
24
21
24
21
17
21
32
24
42
27
27
31
50
37
36
19
19
24
30
20
35
85
61
41
22
28
31
40
38
34
32
20
25
18
19
24
20
25
24
14
22
27
54
67
70
46
34
34
32
27
27
19
20
22
25
34
30
38
39
27
29
31
60
78
36
44
44
44
42
29
29
44
40
32
48
52
26
25
43
60
26
17
29
38
27
25
27
22
65
52
8
24
25
25
62
55
57
89
65
48
95
59
25
55
36
19
46
48
79
55
20
183
167
34
77
174
102
173
111
105
127
123
103
131
177
202
135
150
122
158
150
123
82
73
136
71
116
178
139
54
87
69
69
48
56
84
89
84
76
102
73
55
62
75
59
42
51
40
29
45
56
46
46
48
34
47
59
38
53
54
27
36
37
48
46
34
21
20
30
51
34
24
35
76
34
80
101
61
78
93
58
72
65
50
62
43
33
39
37
34
34
25
23
17
20
32
31
33
59
48
59
59
59
59
31
44
41
46
47
71
56
108
58
36
130
208
92
37
68
47
41
41
33
41
28
37
54
68
53
26
16
40
59
17
22
62
85
163
103
96
33
21
26
21
45
78
56
59
59
76
115
70
25
178
109
40
44
33
35
27
29
32
26
42
61
74
60
42
55
80
75
54
49
54
35
32
44
49
36
44
42
47
43
42
56
52
46
36
40
45
20
24
35
30
30
30
27
21
29
24
32
44
30
38
48
61
86
59
54
36
29
24
25
31
36
35
38
37
51
25
26
31
36
36
31
33
40
39
34
27
42
53
44
38
52
59
53
38
51
37
30
29
33
34
30
27
29
33
58
55
32
37
105
86
37
53
72
55
83
76
81
93
67
64
66
72
68
46
66
62
71
70
49
51
72
77
84
63
58
46
60
51
44
41
47
89
135
108
79
63
53
37
26
66
82
83
78
58
49
23
30
31
18
25
23
23
31
19
26
34
52
33
53
39
37
25
19
28
31
31
28
19
19
18
18
21
54
76
57
46
27
33
27
30
27
19
25
19
26
23
26
25
27
27
20
23
52
60
43
59
53
46
50
35
20
26
20
26
24
23
24
25
38
41
42
35
30
29
57
78
37
39
31
31
34
31
33
36
30
39
57
29
29
24
50
63
11
36
38
13
43
49
21
21
48
61
18
30
22
18
38
41
55
47
38
23
65
41
32
40
62
25
51
53
47
20
26
112
204
77
24
139
126
144
133
102
116
107
116
123
131
149
120
167
149
104
153
166
75
68
113
137
106
132
107
57
80
106
66
51
69
88
101
74
71
76
63
69
83
71
61
38
53
51
52
49
38
37
38
36
48
62
60
47
48
37
28
32
34
38
33
46
33
28
35
37
28
26
40
44
24
67
67
69
98
93
72
67
80
84
74
55
43
37
25
32
36
30
21
17
23
22
24
24
34
66
69
49
47
33
27
53
77
64
53
61
67
57
35
32
63
82
43
36
43
43
38
39
31
34
63
80
67
72
67
48
69
71
89
36
74
91
84
164
127
113
37
31
28
32
42
86
74
53
93
76
49
36
20
70
55
28
24
21
32
21
24
26
28
36
41
53
64
63
33
72
75
60
39
66
40
54
46
35
50
48
41
40
32
51
64
63
45
39
43
30
28
24
20
24
22
36
51
87
16
21
26
37
29
38
44
55
70
54
52
36
28
23
19
31
40
37
35
25
42
24
22
30
29
39
39
33
50
40
23
32
41
39
35
46
64
63
53
46
50
39
39
32
25
27
23
27
27
48
75
65
39
47
98
54
65
102
99
100
117
88
86
98
76
71
71
69
52
48
43
56
75
67
56
50
55
60
82
61
60
62
50
51
49
53
70
112
109
98
60
71
83
61
18
64
78
71
75
70
59
32
30
32
27
29
31
28
38
26
44
51
66
45
65
69
46
27
15
29
16
14
23
16
16
18
30
25
60
53
51
51
67
48
23
28
20
14
20
16
24
21
25
29
32
29
18
36
66
53
31
34
30
46
52
30
21
27
15
29
31
27
23
18
32
29
31
26
33
34
48
50
31
35
34
28
29
27
33
28
25
38
48
14
36
40
53
54
18
47
55
40
47
39
16
24
28
38
27
24
22
23
89
48
40
30
39
76
49
41
33
31
79
136
48
27
44
41
29
50
164
82
23
186
131
128
132
96
108
99
132
121
83
123
129
162
198
110
130
150
118
139
79
177
114
93
87
63
92
104
76
57
90
70
82
82
69
52
58
70
79
56
68
57
55
54
56
63
66
58
49
40
62
57
40
37
42
29
29
29
31
28
28
34
34
33
30
38
29
23
30
34
39
55
56
77
109
88
75
67
111
101
59
54
36
27
23
25
24
32
33
26
38
40
50
28
27
77
57
68
60
35
36
56
77
63
61
52
58
45
42
40
28
24
30
37
44
32
84
54
31
55
85
81
72
76
69
71
94
98
92
79
118
93
115
83
93
100
37
61
69
45
51
75
92
120
83
61
27
32
24
15
26
25
21
33
30
25
20
34
35
35
68
57
61
65
45
46
54
65
55
63
45
50
47
37
53
46
32
29
26
40
42
76
57
30
34
25
35
29
15
30
86
53
56
105
14
18
19
31
34
38
37
39
48
45
44
33
29
26
19
27
33
40
36
26
39
31
16
18
29
58
60
37
49
34
21
33
37
31
20
47
60
54
43
28
32
38
40
40
23
22
23
23
39
97
108
95
73
47
78
64
85
101
108
117
113
78
83
104
65
81
78
66
57
45
30
53
65
54
65
57
65
42
59
52
46
53
43
50
58
69
75
94
54
70
50
74
92
79
35
72
78
58
59
64
38
27
27
30
25
21
34
38
32
44
61
55
54
64
54
71
48
26
22
22
17
22
36
38
21
24
31
28
49
42
49
52
89
51
28
36
22
16
20
15
22
24
26
26
27
29
24
37
53
31
30
22
35
47
44
24
28
35
24
20
36
27
31
27
21
27
29
21
45
43
45
39
50
31
27
21
24
22
34
24
22
31
33
26
38
58
54
44
26
40
48
57
42
20
20
42
31
24
30
19
27
31
104
53
37
33
51
110
33
54
42
53
59
167
44
13
39
49
27
36
66
53
60
214
101
129
132
96
87
87
110
115
108
125
143
156
174
144
119
119
132
192
107
127
128
100
95
68
92
80
109
65
88
63
73
90
80
78
63
69
69
56
71
82
75
63
59
73
90
66
42
35
61
51
39
35
40
37
32
35
32
28
33
20
28
34
25
35
30
29
36
39
49
51
74
84
97
87
56
51
101
100
56
49
22
21
24
33
21
25
51
40
41
35
64
42
37
67
40
71
65
48
44
43
50
45
59
60
63
57
44
35
30
31
31
41
61
38
81
53
49
59
72
65
68
62
82
57
72
105
85
77
77
62
107
27
61
69
38
84
113
55
73
61
73
146
95
53
63
47
54
50
39
35
26
44
40
43
30
40
52
59
93
63
53
59
51
31
48
72
69
51
40
43
43
35
44
35
25
21
19
42
39
82
66
23
29
28
33
27
14
31
122
62
38
51
19
12
12
22
33
40
43
54
57
39
48
31
34
32
22
24
24
40
44
41
47
47
24
22
65
79
64
34
26
35
33
25
33
41
20
33
53
48
41
23
28
42
40
35
27
23
25
41
97
147
128
121
109
65
72
91
77
65
95
102
92
83
100
107
52
76
82
64
72
32
19
43
49
47
47
47
73
34
45
49
29
31
46
50
49
61
53
69
47
55
58
64
72
78
73
99
92
59
51
55
25
19
29
33
19
19
29
36
25
55
51
46
43
57
36
44
32
23
28
20
30
47
44
50
32
30
20
37
58
37
41
51
77
51
39
43
27
17
21
17
22
32
30
21
17
26
27
26
32
31
34
26
48
40
36
26
32
51
40
14
33
22
36
33
19
34
40
32
49
50
55
47
57
36
30
35
24
22
38
28
22
25
22
34
36
53
43
32
26
29
28
42
55
24
25
54
35
28
28
25
31
39
48
36
40
33
40
57
11
54
63
62
25
63
29
18
28
28
24
30
31
42
70
139
105
132
138
109
76
106
86
103
144
117
126
130
123
139
116
108
99
157
165
60
133
129
116
83
100
98
129
65
86
92
92
81
97
96
70
78
76
63
72
86
86
78
74
69
69
48
24
33
55
70
61
51
39
43
41
53
48
32
41
26
29
35
29
25
37
40
49
47
45
69
80
75
66
74
43
34
43
74
89
47
21
22
24
55
49
16
57
67
54
22
53
50
42
48
46
72
59
46
40
40
47
44
44
65
76
58
35
36
49
38
33
42
57
41
30
40
65
60
56
76
72
33
116
35
44
78
72
26
17
29
47
25
43
44
48
74
107
66
69
57
49
87
138
62
86
54
75
78
62
70
44
43
65
70
42
33
76
97
74
50
53
53
33
42
57
70
66
49
40
58
49
38
34
26
24
23
36
68
62
77
56
26
28
27
29
19
14
31
67
44
24
14
24
36
32
24
32
36
48
67
63
37
45
43
38
33
29
28
23
32
40
43
43
52
48
45
108
78
30
25
15
45
42
28
36
40
22
25
55
44
46
44
42
47
59
28
26
25
29
87
153
141
108
121
106
112
106
110
94
79
96
97
96
99
109
86
69
70
83
60
50
43
23
28
43
51
26
24
35
15
30
37
17
32
46
55
41
40
45
55
67
60
71
52
54
58
82
93
71
54
64
63
43
22
32
34
23
25
28
29
34
40
31
30
28
10
25
24
18
22
22
30
33
47
29
22
28
31
27
49
76
21
30
44
70
58
32
38
33
20
22
18
22
28
28
22
11
24
23
21
18
29
32
34
43
35
28
28
38
64
50
20
26
19
27
21
21
35
46
36
34
41
59
40
19
53
61
68
36
28
40
40
25
25
23
37
37
39
29
33
32
28
29
33
61
32
18
40
25
43
26
36
33
27
29
36
27
27
24
13
26
59
87
28
46
32
20
26
20
22
25
32
80
53
44
52
165
150
131
116
123
164
127
94
106
129
105
90
121
97
100
109
97
106
169
81
172
144
100
92
148
131
104
47
86
100
87
76
89
60
75
89
87
61
58
67
70
68
71
70
48
40
36
60
54
84
69
55
40
38
49
63
60
33
44
39
36
35
32
36
50
39
35
37
53
98
65
41
41
53
52
41
14
25
104
51
40
30
39
62
68
18
56
89
79
84
66
53
45
53
68
101
54
37
37
62
69
47
29
43
57
51
32
39
61
45
40
42
52
35
27
56
65
61
52
75
72
19
120
43
39
46
55
20
16
16
41
56
28
54
53
56
79
72
43
61
60
26
96
71
60
51
55
82
73
93
81
63
81
75
43
30
76
100
38
31
54
32
34
59
47
45
58
53
42
57
63
68
38
31
29
41
70
72
65
58
45
30
24
24
28
18
21
47
20
23
23
24
23
94
72
32
33
30
34
38
35
22
35
32
26
20
28
34
24
27
34
29
33
50
62
48
66
57
20
18
25
32
33
41
35
19
8
42
46
48
52
34
42
52
75
37
23
30
40
93
102
122
101
90
83
106
130
103
76
86
93
81
95
69
86
94
87
96
99
59
41
63
62
37
46
39
59
47
35
20
17
16
19
28
43
54
73
54
42
30
69
51
54
55
57
54
58
69
49
44
71
47
25
25
17
22
25
28
33
33
31
31
40
25
27
22
21
18
27
25
23
33
21
36
37
25
22
24
18
49
65
13
32
21
54
28
21
33
40
26
26
21
24
27
24
14
18
28
25
27
20
31
42
43
22
25
36
30
38
53
53
22
27
26
26
21
30
37
48
34
36
24
34
26
20
43
37
32
37
33
34
43
29
32
33
63
36
46
44
37
32
35
26
13
22
26
25
36
26
97
34
26
41
26
27
39
18
59
52
31
38
108
137
27
105
107
32
34
26
84
25
44
72
60
76
100
161
179
137
100
169
170
189
128
104
137
123
99
85
105
130
115
94
91
97
112
199
145
91
91
169
112
74
56
65
45
48
83
69
66
75
92
95
71
28
59
71
44
67
88
52
40
41
48
48
55
64
55
40
29
50
45
34
41
43
43
37
31
23
52
28
25
34
20
95
91
36
27
49
41
56
59
37
36
49
61
73
50
71
49
27
43
65
64
29
175
90
58
63
66
84
86
37
40
44
83
93
43
31
26
36
49
41
41
53
50
47
46
55
44
56
87
63
41
40
30
50
45
65
46
46
66
86
78
17
32
69
66
81
125
60
94
95
69
53
68
105
60
54
51
69
62
58
100
70
85
92
87
57
30
35
32
30
55
42
32
39
32
56
52
33
25
34
51
37
29
51
72
57
37
41
50
72
60
48
45
56
39
27
25
29
23
31
53
38
29
22
20
21
81
63
31
22
43
28
23
16
35
29
18
23
20
28
24
36
33
28
37
40
48
41
34
40
38
21
23
24
41
48
34
21
28
43
29
41
48
33
21
36
41
53
36
29
36
36
77
89
94
80
69
83
83
88
113
84
86
72
84
90
57
56
75
75
65
80
78
52
58
107
100
78
101
173
105
116
92
53
41
56
53
55
45
39
37
28
25
47
28
24
25
26
29
53
64
46
39
32
25
21
15
13
15
26
28
29
19
27
21
35
35
31
31
48
24
21
30
30
33
40
55
34
31
31
24
21
53
14
24
31
27
20
29
20
26
50
27
27
21
30
31
25
14
22
37
31
24
20
16
24
32
15
19
30
38
29
49
62
26
33
23
26
23
37
32
40
25
35
32
62
69
43
31
32
33
30
34
58
44
31
32
30
44
20
44
50
15
50
49
21
14
19
27
37
26
60
72
28
20
20
27
26
46
75
93
101
66
37
67
102
77
28
107
32
19
27
83
25
38
27
34
19
169
146
104
137
37
127
87
90
105
104
91
76
103
93
89
95
112
82
124
111
99
90
100
120
82
95
63
66
74
104
128
46
70
69
98
54
70
71
54
66
94
66
53
55
79
61
51
65
40
73
74
55
28
23
20
39
37
36
35
41
42
43
39
36
18
24
41
49
67
60
45
50
84
57
27
69
83
44
36
45
50
75
47
42
46
21
30
38
83
73
105
40
55
66
63
82
76
51
39
48
106
71
33
37
44
40
40
31
37
41
42
49
66
50
29
80
81
42
77
37
51
90
62
47
50
48
44
73
106
29
80
95
34
160
137
118
106
93
73
100
82
67
67
36
57
95
77
71
88
64
70
80
44
45
40
37
18
33
39
28
46
50
40
47
53
39
25
49
83
72
42
44
60
65
39
55
66
48
35
31
35
63
36
23
35
40
35
40
45
32
21
15
20
28
12
12
24
18
70
30
23
19
22
42
31
32
26
22
22
48
52
40
21
46
42
43
34
48
30
37
29
36
53
39
21
17
27
53
41
42
34
10
18
28
27
47
31
21
30
44
72
72
66
86
70
94
83
75
59
95
73
57
83
54
37
60
54
50
42
50
54
67
127
146
103
108
153
96
92
101
108
117
91
74
74
85
60
54
72
76
60
35
26
20
23
27
43
58
57
42
27
19
23
14
11
20
19
20
25
28
25
20
24
41
44
46
26
35
35
28
28
16
44
46
37
22
24
33
47
63
33
33
41
24
14
12
20
27
34
35
29
21
20
31
29
21
11
45
34
30
19
22
25
25
29
21
15
20
50
61
56
38
26
30
19
29
34
41
39
38
51
38
42
53
51
19
13
25
30
41
75
86
46
44
37
18
17
19
16
22
23
43
41
36
38
16
17
18
20
36
23
29
46
42
47
53
53
69
43
53
79
29
27
53
125
132
14
28
17
24
19
38
69
68
34
25
71
71
38
165
192
159
87
81
91
91
78
116
107
103
115
127
105
109
121
99
104
80
72
128
140
72
62
101
107
144
173
140
81
58
51
75
67
58
77
33
52
48
50
52
48
50
46
57
57
35
45
59
48
32
31
35
46
56
45
55
45
50
40
38
26
42
31
45
51
87
142
69
78
49
26
77
88
53
39
73
48
20
27
48
52
52
42
33
42
71
34
33
38
63
58
61
46
53
43
37
65
43
34
34
35
22
30
29
34
29
36
58
68
27
40
107
56
42
31
17
86
123
47
61
46
43
29
30
93
90
96
100
71
47
38
82
76
162
158
109
86
46
25
36
54
79
73
67
74
50
59
45
23
105
141
83
39
50
22
29
48
52
36
16
35
27
30
68
83
66
53
50
61
36
32
44
36
28
18
29
35
22
67
41
60
44
30
28
32
31
23
26
20
42
35
21
17
13
76
70
41
34
22
38
27
29
24
12
38
38
41
42
35
23
40
42
41
36
31
56
38
52
32
18
19
23
40
27
32
38
39
39
38
39
31
32
28
34
32
41
61
79
80
71
51
81
64
69
48
81
63
50
81
63
46
44
32
46
45
41
61
96
79
85
75
74
119
94
98
103
102
90
88
82
77
87
64
50
80
51
42
52
48
25
33
31
34
52
32
35
20
18
14
14
17
22
16
21
31
37
37
39
31
31
14
27
29
24
34
42
32
28
33
33
33
37
20
18
26
26
10
33
53
35
28
18
26
17
36
31
31
24
16
29
26
18
17
36
30
28
24
24
15
22
24
20
16
35
39
44
24
29
39
50
39
51
57
58
52
39
32
20
74
59
42
46
22
30
22
43
68
68
55
68
49
18
16
31
23
23
19
31
29
41
44
18
26
30
26
35
49
43
20
39
51
59
39
37
52
47
29
34
38
33
47
81
36
33
25
39
31
28
49
71
37
21
61
46
46
86
128
199
189
106
64
51
50
81
101
89
107
113
90
90
110
101
158
109
150
172
228
63
82
77
65
80
50
154
97
89
66
91
101
63
50
44
50
58
52
43
51
68
82
71
37
30
36
36
57
31
57
44
46
46
37
21
45
34
30
23
22
46
41
32
42
102
84
63
55
39
38
43
46
56
43
51
34
34
64
93
127
70
75
68
83
35
46
63
61
46
84
52
25
40
35
22
28
31
33
36
23
27
31
39
26
34
44
37
96
16
22
34
33
30
36
72
71
65
46
52
38
40
53
51
47
56
45
58
71
68
95
87
80
136
138
65
61
51
55
59
63
57
53
68
54
52
59
45
44
18
68
73
44
43
57
38
31
30
24
11
40
35
68
68
44
65
74
71
35
34
31
37
24
28
38
57
58
41
87
44
32
45
31
38
29
28
31
25
26
39
35
25
24
23
71
51
61
41
46
36
20
24
17
15
33
30
31
31
39
33
43
39
38
30
36
43
35
25
25
31
23
37
49
29
27
35
43
40
38
27
26
31
36
35
27
33
76
93
68
41
54
58
56
59
36
40
49
43
41
56
55
44
39
55
41
36
31
30
32
54
69
60
66
72
84
73
57
86
88
67
48
46
45
34
42
36
41
49
46
43
45
36
52
58
32
40
35
34
30
26
23
25
24
24
29
32
33
30
26
42
48
26
28
35
24
31
29
39
35
37
30
34
28
14
19
36
42
20
47
49
49
37
31
18
22
27
30
22
19
28
28
17
21
45
52
41
25
21
20
34
33
26
18
25
27
33
22
26
29
51
69
82
68
67
34
33
37
41
77
73
84
68
26
39
37
53
51
57
46
49
44
32
32
39
32
27
20
23
21
28
41
23
19
32
18
18
48
51
15
44
47
52
38
36
59
33
38
55
58
39
53
40
47
32
37
44
32
37
43
49
41
36
45
75
61
53
84
136
144
89
53
58
27
54
108
96
153
121
110
105
97
89
128
118
188
190
166
118
93
67
79
106
45
109
88
87
80
102
100
62
61
40
56
46
56
43
45
42
60
51
35
42
51
36
59
40
36
31
45
42
30
37
28
27
28
29
41
47
43
44
62
64
66
99
62
27
42
36
39
46
52
41
28
43
72
51
37
42
105
101
67
43
52
70
56
58
64
39
20
28
47
39
35
38
32
34
21
30
42
56
38
45
37
26
84
23
21
34
41
47
71
68
43
52
58
34
48
55
61
79
54
56
59
65
59
52
90
79
63
56
80
62
83
89
72
64
66
76
62
60
65
63
56
58
50
28
42
54
41
26
36
34
29
21
18
13
51
37
57
52
44
68
72
69
47
30
33
37
40
26
39
54
32
43
57
34
31
44
29
30
25
22
19
31
31
39
37
31
28
25
54
38
58
32
40
30
18
14
14
25
25
27
36
48
33
27
40
40
33
25
30
31
31
20
26
31
42
61
40
38
49
66
56
29
29
25
20
25
30
23
28
35
65
85
61
61
66
56
43
40
35
32
46
50
19
50
49
50
44
37
49
49
33
20
11
67
52
66
47
45
74
86
56
84
61
39
57
53
61
43
48
47
31
37
44
54
51
35
73
93
79
54
55
38
36
29
30
24
22
22
24
28
31
38
63
62
78
45
17
21
23
23
28
33
25
35
22
26
29
27
24
55
44
26
26
48
57
55
38
24
25
31
30
21
19
28
25
18
24
35
43
34
24
36
35
33
32
19
14
26
22
31
35
26
37
61
64
59
55
56
29
22
22
28
60
67
60
46
27
39
54
48
36
46
36
41
39
43
33
31
26
25
27
21
28
29
32
25
28
28
39
49
43
28
16
28
32
35
31
26
44
35
48
45
36
33
42
37
44
34
51
53
28
26
38
51
60
74
52
89
98
69
73
88
52
53
68
89
25
75
112
155
198
163
154
109
107
76
109
176
124
91
112
106
73
80
91
72
67
61
59
106
93
93
78
51
83
71
56
39
55
54
57
29
41
39
46
88
73
39
36
27
24
21
39
45
35
33
29
36
38
37
59
62
72
69
80
52
73
94
56
38
50
37
35
43
53
35
22
33
59
34
30
67
125
103
59
56
65
62
77
134
44
46
33
36
43
36
43
49
45
33
39
37
32
63
42
52
29
23
38
28
35
44
46
56
76
37
40
66
42
31
45
52
66
68
75
55
53
54
41
46
63
66
67
61
44
72
81
92
77
69
77
80
45
38
54
89
72
71
63
48
67
51
34
33
29
31
25
31
29
16
34
29
42
54
42
53
52
46
76
47
25
38
50
37
54
61
51
35
49
48
22
20
31
33
26
41
49
25
22
30
27
27
23
19
47
25
30
26
32
30
22
14
14
26
30
26
31
49
22
31
35
37
30
30
48
32
29
24
25
28
47
55
27
21
53
73
47
33
20
19
15
22
30
36
24
32
60
84
55
51
64
70
31
37
42
32
42
49
24
30
30
52
46
32
41
47
38
22
29
53
47
84
63
41
61
62
46
59
78
40
73
81
75
72
70
80
49
40
36
42
47
43
76
81
95
78
60
22
20
18
21
16
20
17
27
28
30
57
72
58
56
33
29
30
18
20
28
27
17
29
20
19
20
29
22
37
27
20
24
48
57
43
40
32
37
27
26
25
20
28
20
18
28
31
35
37
32
48
36
37
32
16
19
28
32
37
38
26
44
54
41
43
26
35
26
22
21
20
40
51
40
36
22
43
48
31
45
43
49
51
39
50
32
27
35
33
24
21
25
29
24
34
51
19
46
63
36
31
22
38
24
20
28
30
38
35
36
59
28
22
28
45
52
40
55
48
31
27
42
56
61
71
69
83
85
73
65
60
28
43
52
76
54
112
127
181
154
128
127
101
103
81
107
153
65
63
82
71
64
88
98
72
57
90
100
95
71
80
61
54
77
74
57
46
46
57
46
37
31
31
45
68
48
41
40
34
44
35
30
36
32
22
23
31
36
41
49
78
82
72
78
75
79
58
53
65
46
30
30
38
44
32
26
24
38
41
54
99
121
77
48
65
66
59
62
77
42
67
61
63
39
40
54
60
55
30
40
37
25
39
47
48
24
23
19
26
36
46
56
45
56
36
39
49
37
45
38
41
68
76
91
70
46
35
30
54
57
54
56
89
52
69
55
72
67
73
70
50
23
25
40
66
76
78
53
39
57
48
30
52
42
38
42
54
43
23
29
23
34
54
48
44
31
45
79
51
29
32
38
54
43
58
56
22
64
68
17
13
26
31
37
56
51
18
18
26
27
28
26
28
39
26
21
30
32
25
28
25
26
32
38
32
27
42
58
59
25
33
35
37
52
34
26
27
26
25
38
34
24
29
56
38
23
39
29
14
13
27
40
48
33
29
70
83
66
29
43
60
32
38
41
29
32
39
40
17
27
55
36
39
30
31
33
19
37
24
46
86
68
43
55
41
49
40
102
50
56
85
98
98
64
70
63
51
41
37
49
61
93
90
86
91
78
23
13
24
22
17
18
14
24
27
33
75
68
50
34
28
54
51
18
21
24
23
17
25
22
14
18
21
19
19
22
20
29
41
39
27
39
33
41
22
21
27
23
28
20
19
34
43
40
40
35
40
24
28
27
14
27
33
46
37
41
44
52
42
36
53
23
28
21
27
27
25
29
38
34
32
19
42
43
32
49
43
57
47
30
42
33
34
39
37
24
28
31
30
23
39
56
30
35
47
28
39
35
49
20
27
33
42
40
28
25
50
27
19
29
45
51
37
55
40
39
51
61
61
47
45
63
53
43
59
74
52
41
42
38
46
57
83
118
182
104
92
98
96
83
90
83
94
65
75
71
55
66
68
84
65
54
120
109
55
58
66
50
57
57
57
58
63
63
89
36
47
36
30
34
60
33
41
42
48
67
55
34
31
27
20
20
26
40
48
43
71
61
82
79
67
64
38
50
83
71
37
27
32
36
41
47
32
27
42
57
77
85
55
49
78
50
63
57
33
43
62
67
56
41
51
56
52
47
31
30
26
24
26
44
59
30
22
20
23
25
43
63
51
50
41
29
34
64
65
49
41
69
81
78
70
53
47
42
48
62
52
55
75
59
60
44
47
82
68
49
29
24
20
41
44
68
71
40
29
36
51
53
55
56
61
66
64
35
22
27
27
37
45
39
33
27
61
70
37
32
22
30
48
32
59
96
33
45
48
21
21
19
27
39
36
34
25
21
22
31
31
28
38
39
42
35
34
24
16
30
34
34
38
46
40
54
72
89
69
22
31
41
30
33
29
22
29
29
28
28
29
48
71
68
24
21
51
43
13
13
35
42
40
46
33
61
74
75
21
23
33
29
29
28
26
25
29
37
14
37
44
26
37
30
24
30
21
22
20
50
66
39
41
52
46
62
40
79
61
38
76
92
88
48
35
49
53
54
62
88
98
118
117
85
81
92
67
28
37
37
28
17
25
21
18
39
78
69
47
36
43
50
66
33
19
20
22
24
24
21
16
20
15
22
23
24
29
30
31
19
24
38
29
32
26
20
21
22
26
20
25
43
45
45
36
31
33
20
23
30
26
29
36
41
29
43
59
54
40
43
58
47
39
28
24
24
31
29
32
29
22
22
49
52
48
36
41
55
35
17
26
30
37
31
26
26
26
58
50
41
32
72
48
28
29
22
33
39
39
26
44
37
35
30
20
22
20
22
29
42
39
36
33
51
51
47
70
65
56
45
42
67
48
27
47
68
41
47
36
32
29
32
39
90
144
83
102
123
92
73
84
57
81
81
62
80
69
72
48
58
38
66
99
68
38
58
51
47
50
56
66
56
91
92
106
43
50
46
35
28
73
46
48
35
38
53
52
42
31
24
23
25
27
41
41
61
51
51
103
67
37
43
38
56
76
74
43
34
46
40
49
57
49
31
37
48
36
48
56
73
73
43
67
63
63
42
48
50
33
48
46
38
31
31
27
24
16
17
27
35
57
32
20
19
22
18
26
42
46
46
40
26
42
84
67
66
60
67
68
57
51
52
55
56
39
63
48
62
47
51
50
49
42
101
49
45
30
31
19
36
51
60
58
47
32
33
46
59
43
57
64
62
45
17
26
21
31
41
37
21
23
34
58
57
28
27
17
35
31
29
67
145
63
23
27
29
26
18
31
27
62
76
34
27
25
34
34
28
36
59
53
43
42
22
17
25
31
30
31
46
43
95
104
45
50
33
27
34
20
32
25
21
27
28
31
23
38
69
72
61
48
42
63
42
10
10
32
30
32
39
33
32
61
57
23
27
35
23
15
20
25
29
28
23
13
32
25
34
38
38
27
28
23
17
27
57
47
29
56
54
43
50
43
39
81
59
78
47
53
61
42
31
41
51
93
130
126
122
100
86
64
65
108
38
34
42
36
25
40
30
18
47
62
51
33
28
45
21
64
51
21
21
25
33
26
19
21
18
17
25
22
18
25
30
29
18
24
31
26
24
27
19
16
18
21
20
33
47
31
37
36
34
36
31
44
41
47
22
26
24
27
34
43
47
40
39
41
52
50
42
20
19
30
31
31
29
19
28
65
56
48
27
34
58
40
14
19
24
32
28
17
18
16
70
66
72
36
92
46
26
22
19
31
30
30
43
45
42
22
18
22
17
27
34
39
46
28
27
32
34
68
49
55
48
58
60
62
105
86
38
42
26
16
46
37
19
18
26
58
82
69
50
104
150
85
81
73
66
92
80
74
95
96
94
76
56
57
63
68
61
55
42
46
59
43
58
82
56
108
96
66
52
52
46
43
37
43
49
62
47
25
27
34
33
27
22
28
29
21
22
17
70
48
73
98
31
48
38
36
73
59
32
40
47
63
48
45
38
57
41
33
43
36
49
72
94
46
59
67
44
53
48
63
41
33
41
55
26
25
21
16
27
19
10
17
29
20
20
19
21
23
21
37
55
39
45
51
36
46
69
47
56
74
64
56
54
49
38
33
50
46
63
36
51
50
56
45
44
53
77
36
62
31
23
24
22
58
47
51
57
33
34
37
22
38
53
37
31
32
28
38
47
33
42
34
20
26
34
41
37
34
23
21
32
28
20
54
103
63
50
51
32
28
21
35
25
164
149
30
31
35
40
38
34
33
70
58
63
72
58
24
19
22
32
36
20
50
89
53
25
61
36
26
28
27
40
37
37
34
29
18
23
41
27
15
34
34
30
41
44
11
16
18
26
37
33
30
33
43
53
47
41
54
42
14
27
31
30
37
38
30
21
35
48
63
43
20
21
25
20
8
29
40
93
88
82
51
45
52
39
78
75
62
57
54
74
70
30
22
51
99
94
87
113
97
71
67
37
65
25
42
36
32
34
29
23
40
70
54
25
25
21
44
29
20
48
38
19
25
41
32
29
23
21
25
25
22
23
18
25
23
19
27
24
26
28
23
15
19
21
18
26
39
42
29
21
23
43
13
42
46
23
29
20
21
35
36
29
26
46
39
37
24
27
35
40
26
20
18
25
28
20
27
33
55
49
34
22
22
42
31
19
20
23
29
25
28
15
27
44
34
93
65
30
33
16
13
22
30
37
38
43
44
62
32
30
41
21
41
62
30
16
13
14
16
23
57
44
28
65
105
62
74
119
85
44
37
31
20
28
34
43
26
31
59
78
58
45
86
133
91
90
89
74
94
108
133
95
101
139
138
98
98
56
54
53
61
37
53
69
41
32
50
63
72
89
69
69
52
48
56
53
41
64
59
63
43
52
35
26
35
36
49
46
31
31
26
44
65
92
70
42
74
39
35
66
56
80
86
41
35
42
45
39
52
53
25
52
51
73
88
71
42
71
68
53
40
62
80
44
30
12
123
50
41
16
20
46
33
18
22
18
9
17
23
22
25
29
146
175
117
88
70
52
41
48
40
26
47
55
31
51
53
42
44
49
43
52
39
50
53
64
60
43
42
57
60
60
33
29
22
46
63
32
43
45
24
50
69
37
35
55
44
24
57
65
28
124
59
51
27
26
26
32
41
36
37
24
23
19
24
23
35
25
29
60
51
24
23
23
29
45
154
102
30
26
31
44
39
43
64
57
52
85
103
81
27
12
22
34
26
24
76
80
51
80
61
27
25
32
29
33
51
69
71
48
38
21
30
30
31
22
24
17
27
30
34
40
24
27
48
45
36
32
54
76
60
58
43
36
27
18
23
32
43
46
45
23
25
56
48
3
8
16
27
16
15
15
35
100
87
61
74
62
67
49
66
81
46
35
30
71
94
32
28
92
96
82
75
73
87
68
63
29
26
34
57
40
32
21
17
19
37
57
30
30
45
39
38
49
26
12
19
23
20
32
44
40
24
24
22
21
23
22
20
42
27
23
22
26
29
30
30
25
29
23
26
32
45
31
11
18
21
28
9
38
33
14
24
24
32
42
46
37
28
29
32
26
21
20
33
56
34
23
19
20
18
18
25
34
42
39
28
24
22
22
15
21
41
32
38
30
43
38
20
66
64
101
39
61
27
10
15
19
22
28
43
65
52
31
39
47
28
30
45
60
28
11
19
20
27
54
73
47
64
64
56
17
48
88
65
74
40
40
50
40
43
55
63
34
24
25
37
50
58
81
86
86
108
71
123
149
151
99
132
192
196
147
78
46
43
45
53
48
53
46
49
33
48
47
35
57
49
46
51
47
55
46
41
57
37
45
55
48
53
44
50
100
101
95
76
54
72
57
95
71
47
79
63
68
61
56
48
78
95
51
39
43
51
40
49
46
51
61
46
73
80
25
50
83
68
47
51
58
34
38
101
17
98
37
48
22
16
31
32
19
19
12
10
24
29
22
29
33
174
88
48
14
154
112
23
24
40
49
31
17
23
73
55
51
47
64
50
45
43
50
48
55
55
38
35
46
56
41
45
50
26
46
44
42
29
23
41
80
86
74
50
23
42
30
38
43
46
168
56
37
13
70
47
17
37
29
28
23
15
20
31
20
91
61
35
29
26
20
24
29
31
66
18
32
55
71
90
22
33
28
192
21
49
77
68
44
68
34
35
37
16
46
104
79
66
103
46
26
31
34
33
49
56
41
54
38
39
34
32
38
27
33
35
30
35
33
28
33
29
37
23
31
31
25
37
42
32
52
47
34
35
21
23
28
37
45
22
17
27
33
52
43
37
22
17
24
19
2
62
124
57
50
78
108
87
75
18
35
24
31
36
49
64
37
40
35
54
62
50
39
118
69
35
32
46
30
55
64
55
25
30
32
36
43
32
30
53
34
33
32
35
34
42
34
32
28
18
23
27
57
36
25
21
22
28
34
26
19
33
34
31
29
18
20
23
33
34
26
20
25
21
21
22
8
8
30
16
15
26
20
31
24
24
25
37
35
33
39
36
22
30
45
33
22
37
32
14
28
31
43
49
30
27
30
30
20
16
32
38
53
45
27
45
78
57
56
61
28
28
47
32
13
15
23
42
57
58
70
39
6
62
46
15
31
45
29
30
43
65
68
46
68
42
38
36
20
30
29
28
49
97
201
86
28
59
35
51
35
63
52
52
59
62
68
98
93
100
54
143
144
96
156
117
96
208
233
135
65
61
56
34
64
65
28
50
90
62
38
49
44
49
77
70
55
21
26
37
41
30
55
59
30
36
40
42
72
70
85
69
34
24
49
96
51
56
44
52
73
67
72
61
52
43
35
52
45
43
30
42
38
50
63
53
29
39
81
61
31
51
70
68
84
50
49
53
31
35
12
7
31
28
36
19
32
41
24
14
17
15
18
24
17
21
27
57
87
47
66
131
100
34
18
34
23
12
16
23
67
71
58
39
47
39
47
42
54
54
56
55
42
27
27
39
29
44
20
14
35
20
36
38
34
63
62
67
64
65
28
32
51
40
18
28
62
51
78
20
46
43
30
25
46
23
17
18
22
27
26
42
38
32
34
17
20
23
28
43
35
85
100
131
231
164
10
33
10
97
40
67
54
47
68
56
27
29
30
30
29
65
79
53
87
66
38
28
37
28
31
34
37
33
32
26
23
41
43
37
26
31
29
32
35
21
16
26
31
34
40
18
17
19
17
19
45
46
34
25
20
30
35
31
39
29
22
28
40
53
51
42
39
25
18
32
75
97
114
59
66
74
85
76
49
33
29
33
32
45
62
58
41
43
33
64
96
60
28
60
54
41
31
29
27
58
62
65
38
32
25
20
27
42
24
30
16
33
32
29
48
35
31
20
16
31
32
43
30
28
45
28
22
28
24
17
21
29
37
50
66
60
48
23
32
13
21
33
45
35
25
27
4
17
20
23
32
31
17
22
28
26
33
51
43
44
55
41
25
24
35
35
33
44
30
31
42
36
38
30
21
19
21
27
24
20
19
22
30
33
33
32
33
42
58
37
31
19
27
53
41
24
20
38
54
40
33
31
18
55
44
38
59
56
19
32
36
46
41
49
55
22
15
14
29
25
24
25
47
56
118
85
57
68
42
48
21
74
124
138
95
50
26
68
59
63
74
106
214
190
115
55
99
196
125
77
75
88
59
81
70
60
64
85
63
35
35
40
50
48
54
51
48
40
28
42
41
38
70
98
85
115
56
64
64
83
79
76
47
60
47
38
45
63
37
43
32
60
58
70
64
79
40
30
46
40
32
36
43
52
55
36
23
62
48
41
69
73
54
78
57
40
41
48
37
24
12
14
26
29
15
25
26
24
27
40
34
25
30
27
17
21
79
78
52
38
85
48
29
29
42
49
26
20
27
18
9
51
72
88
65
29
66
77
86
65
33
94
78
60
21
22
28
50
80
32
16
19
16
46
52
42
70
82
82
74
31
29
49
43
26
13
17
28
57
48
20
19
25
31
47
28
23
28
24
20
11
23
39
34
28
30
20
22
22
46
28
128
93
90
112
44
67
198
188
82
38
41
23
28
39
33
33
34
23
38
49
56
67
48
66
53
44
35
31
32
26
45
41
29
23
34
33
32
32
37
39
28
23
36
36
51
56
32
30
35
23
22
27
31
36
22
20
28
38
35
33
20
26
22
17
29
33
54
107
119
73
39
31
28
47
93
117
141
85
76
68
64
64
60
70
66
44
28
32
46
50
45
61
49
58
106
69
29
25
34
36
45
31
38
29
50
45
51
55
19
15
13
17
31
38
17
18
19
26
25
27
34
33
26
24
27
27
33
31
37
42
34
21
22
25
22
13
34
48
48
59
67
50
35
64
42
41
59
46
44
42
47
56
33
25
32
42
31
10
18
25
30
24
45
58
39
28
39
26
16
40
40
45
49
53
45
46
66
35
31
31
28
20
15
21
27
42
32
37
65
56
40
23
44
35
62
45
15
21
48
55
69
43
15
23
35
28
22
20
17
33
42
32
45
47
59
50
42
14
16
21
23
24
36
24
32
18
48
51
50
55
51
55
67
54
38
104
198
174
207
105
44
134
93
85
72
51
95
199
181
117
145
80
209
121
133
106
87
51
63
57
40
76
75
53
50
32
69
77
61
52
32
41
37
37
37
28
48
72
105
116
77
48
63
58
72
52
58
103
78
38
46
47
45
32
39
55
93
67
69
63
83
67
31
48
49
39
39
46
45
53
64
56
56
44
85
38
20
51
65
51
43
55
50
38
18
32
41
35
23
14
41
26
19
28
23
44
71
37
22
19
19
33
40
72
140
34
73
32
19
52
65
34
17
41
50
39
51
66
54
45
56
80
75
54
42
38
51
59
82
33
20
20
35
66
36
29
20
24
46
56
83
66
81
77
72
42
22
35
23
32
27
37
30
30
26
20
20
21
21
18
17
17
26
23
14
12
16
29
33
25
20
30
32
33
74
14
62
65
53
80
49
103
168
207
159
49
57
25
19
24
24
29
31
26
45
58
70
57
45
63
73
75
39
30
41
32
42
38
31
17
40
48
58
52
52
54
30
34
45
33
51
65
33
37
38
25
19
25
32
35
25
29
39
34
29
34
28
24
23
19
21
55
92
111
95
57
42
45
55
60
49
84
96
67
99
80
81
81
57
63
64
50
41
75
68
48
39
38
34
57
74
38
28
29
28
40
32
36
36
37
42
40
29
43
43
14
13
27
39
38
27
24
19
19
22
21
30
25
31
35
27
26
26
27
38
34
34
29
23
35
36
25
33
29
60
88
82
47
23
54
55
52
55
51
54
66
59
67
52
35
36
29
29
46
33
22
29
38
51
46
44
51
80
45
30
48
52
55
71
97
83
67
78
30
17
26
27
18
14
18
47
68
48
37
51
52
41
20
37
31
48
30
21
38
90
71
69
45
16
33
55
33
19
25
34
34
54
43
32
64
71
51
54
51
39
42
46
38
28
31
54
15
46
44
54
62
42
59
84
69
67
148
167
176
231
122
48
142
89
60
57
56
149
125
118
129
192
55
215
146
144
134
57
88
79
80
78
53
43
84
56
48
60
83
73
40
50
77
50
42
35
29
38
66
92
76
51
65
63
55
51
45
89
121
81
58
49
42
41
40
33
94
83
33
47
66
100
62
41
56
52
43
48
41
42
57
59
56
47
40
72
65
72
71
67
63
41
57
54
40
32
42
49
76
28
22
33
13
65
83
38
28
116
47
19
23
23
22
22
45
73
32
59
20
25
65
45
25
11
27
68
76
37
52
33
57
77
64
42
29
35
40
59
60
42
30
15
15
31
67
42
64
14
29
32
54
73
51
51
59
66
56
45
30
22
30
33
59
58
39
25
22
23
29
24
17
26
23
22
16
34
29
16
23
27
27
36
32
25
58
105
4
23
33
34
58
110
169
101
114
67
65
75
57
44
34
27
34
58
27
39
74
96
65
58
80
102
72
27
23
35
34
34
32
31
24
36
47
59
51
57
41
35
34
43
35
33
46
32
35
37
56
25
25
37
28
26
45
50
41
34
33
31
22
28
31
44
74
80
71
46
44
43
49
71
67
51
71
67
103
111
70
77
60
46
82
56
69
111
111
68
60
38
32
30
35
36
34
40
36
31
48
36
41
28
35
36
23
14
36
53
13
17
34
40
33
23
16
20
24
22
30
28
20
25
33
31
34
30
24
31
32
31
39
34
36
36
32
37
53
72
84
80
58
48
52
57
56
39
31
50
67
58
59
44
39
34
40
34
54
34
30
39
40
36
37
56
58
86
87
71
56
46
63
96
108
114
97
81
42
32
30
55
38
11
31
57
47
30
41
39
43
42
24
21
24
26
34
21
36
69
78
64
60
59
57
68
29
23
52
61
38
48
45
26
46
59
58
53
73
122
138
59
32
25
66
51
19
34
53
47
52
41
53
75
83
91
90
148
199
218
161
44
112
159
44
44
46
173
115
77
93
135
65
209
113
92
114
51
80
90
85
85
54
47
98
66
64
57
66
60
61
87
100
69
53
43
37
40
52
80
84
63
81
77
36
44
47
90
77
61
64
59
36
37
46
58
94
62
28
29
72
107
45
53
55
48
40
44
44
51
70
58
42
47
43
62
77
108
61
46
63
48
54
52
45
49
52
38
63
70
43
42
28
137
81
33
30
71
33
17
21
26
21
21
23
17
24
26
14
16
32
29
19
21
38
71
58
27
42
48
58
80
33
36
33
30
37
52
87
42
23
26
21
26
46
38
78
11
14
13
32
36
38
55
63
73
51
47
29
22
28
70
50
47
32
37
33
25
28
26
22
30
23
22
22
33
26
19
22
29
50
48
34
24
42
56
15
18
22
21
21
151
186
55
43
24
66
78
77
76
63
32
41
79
50
50
102
91
68
75
97
94
75
28
26
30
36
32
37
35
32
26
42
49
33
42
34
35
32
34
35
26
35
30
27
33
56
41
48
47
24
22
35
42
43
32
45
36
25
33
66
77
63
48
63
62
49
41
42
72
67
80
88
85
116
80
52
63
44
65
102
52
76
131
85
55
52
47
46
43
27
28
40
33
24
33
47
39
36
22
24
29
11
9
24
29
11
14
33
32
29
24
13
17
31
18
29
26
21
21
21
27
33
29
20
21
28
29
38
42
37
25
23
58
93
98
85
70
74
95
60
77
63
34
21
36
45
41
47
35
38
45
59
35
24
19
41
51
37
31
43
49
46
77
95
96
91
83
90
97
104
106
104
97
89
78
63
77
53
20
55
49
26
22
48
36
34
39
26
20
19
30
48
17
23
31
81
82
92
72
40
48
22
21
52
66
58
33
23
26
39
47
67
55
87
124
161
70
32
28
57
34
25
34
69
43
54
49
75
70
75
103
55
104
211
201
159
46
158
218
76
51
61
204
148
72
102
156
98
191
90
79
82
93
59
79
67
67
74
69
78
68
68
59
71
59
79
91
91
76
64
53
57
67
49
64
97
78
85
75
31
47
47
52
41
42
62
62
32
29
40
70
84
59
47
26
64
79
39
63
52
33
41
31
57
71
80
71
54
56
61
65
61
68
45
46
57
49
56
71
57
52
54
25
60
88
36
53
63
151
81
69
41
27
46
40
27
26
18
22
20
15
23
22
17
26
27
19
29
37
56
53
29
25
46
67
60
59
29
51
54
39
40
32
65
52
20
28
33
28
26
29
49
34
38
29
27
17
33
74
85
82
87
81
33
23
25
86
40
25
40
47
36
32
27
28
27
27
19
21
22
21
20
19
25
32
54
38
35
33
25
25
23
22
21
19
5
102
138
38
32
35
59
67
59
78
94
58
62
92
81
77
112
74
63
80
85
78
79
35
33
32
51
48
45
44
39
38
55
56
43
37
38
36
33
29
27
26
30
28
21
25
39
57
69
51
23
20
22
28
29
22
53
35
30
40
81
74
34
38
84
78
52
53
52
58
69
83
99
92
75
48
45
52
57
83
71
41
56
82
51
53
44
61
52
48
28
31
37
23
18
30
37
37
30
16
21
25
24
14
14
11
15
20
31
26
25
27
18
20
33
18
24
25
26
23
20
23
22
20
15
15
19
21
25
33
32
25
54
105
96
99
84
76
95
102
70
85
57
35
26
26
35
32
37
30
30
47
56
40
10
29
47
49
43
45
45
33
49
86
90
97
117
130
120
100
104
92
100
118
125
115
100
78
73
43
65
34
27
33
51
34
29
31
22
29
21
34
39
21
20
33
98
102
101
71
17
33
27
19
22
50
76
38
17
23
43
49
66
57
113
81
101
78
42
32
26
30
44
79
65
46
56
46
103
57
70
99
54
58
179
196
128
65
228
225
156
93
132
231
189
124
159
202
101
138
99
107
71
119
68
65
56
52
77
71
49
67
57
57
84
73
69
69
69
67
70
69
78
80
55
53
79
88
96
45
39
52
49
35
39
50
73
47
34
31
42
63
77
54
47
39
49
47
44
58
46
25
43
32
60
80
74
70
70
70
70
54
49
35
69
80
65
45
71
79
65
40
41
17
57
68
51
35
71
95
94
99
41
46
75
54
31
25
21
23
21
22
34
30
23
55
73
18
31
38
46
29
33
45
65
73
68
40
47
57
63
52
40
24
26
42
25
36
65
44
37
33
22
59
72
62
49
37
46
77
86
71
108
128
58
28
21
56
41
31
58
48
31
36
33
32
30
22
17
18
19
20
21
22
32
25
47
31
42
39
28
29
18
20
18
32
16
31
64
25
46
34
57
45
34
66
98
90
88
101
76
85
93
84
75
78
52
87
57
33
36
44
66
64
56
62
60
71
68
62
73
57
30
36
30
28
22
23
26
35
19
18
46
61
58
43
23
19
30
34
22
29
44
25
30
45
62
47
24
55
74
43
52
73
72
36
71
78
89
69
51
59
37
40
67
66
40
44
37
53
65
59
62
60
49
42
23
31
30
31
34
25
37
41
30
13
28
30
40
19
16
22
22
36
33
26
28
19
22
34
31
26
27
26
29
25
28
26
18
16
18
20
15
15
16
21
19
36
101
127
67
60
55
84
105
65
68
58
49
44
30
20
48
41
31
23
18
30
52
59
36
58
48
43
51
61
46
39
66
88
99
93
100
119
124
118
104
102
103
115
112
117
112
95
101
50
53
28
27
34
50
36
30
25
18
29
27
27
26
29
24
44
101
95
70
84
36
51
44
30
26
37
76
81
59
16
35
58
58
45
96
81
68
67
49
37
38
56
94
152
38
49
31
33
85
29
79
75
26
100
131
163
114
86
216
211
199
147
207
225
222
193
158
131
81
73
94
106
75
98
88
62
62
53
70
61
43
71
51
56
72
78
61
62
49
52
69
74
79
71
59
56
62
90
96
28
38
50
46
52
43
70
85
42
42
55
62
64
55
33
27
46
42
44
44
36
31
32
38
42
44
60
58
59
62
63
56
41
53
57
95
92
66
40
72
57
57
46
48
34
23
51
113
11
54
59
70
54
29
72
67
36
30
24
27
22
20
22
30
22
27
53
88
38
21
30
24
23
60
78
71
70
67
57
48
47
57
56
39
38
38
36
40
59
97
64
56
57
21
54
56
62
68
66
61
65
59
51
72
108
90
42
27
26
41
48
47
38
28
34
39
36
31
21
19
19
27
24
20
35
38
14
63
51
74
38
33
38
22
21
20
47
27
18
33
51
93
35
48
33
39
77
76
69
69
63
49
72
78
84
88
80
43
78
42
49
55
69
52
49
77
87
85
74
50
44
61
60
26
26
34
35
30
25
42
55
26
22
44
48
38
27
23
12
41
65
43
51
40
30
33
40
86
47
32
75
44
55
61
61
63
33
63
87
75
68
86
58
13
39
78
78
97
82
44
62
75
50
60
49
51
57
26
42
39
30
34
31
53
36
25
23
30
35
29
17
19
26
24
35
35
26
36
29
28
42
27
26
21
19
26
26
24
20
16
18
22
28
25
28
29
33
18
33
38
60
45
48
54
64
66
46
40
45
68
65
47
15
42
32
24
25
17
36
79
66
58
42
46
50
65
90
72
67
76
68
67
81
94
107
116
109
107
103
90
84
97
99
103
125
82
24
37
30
31
34
51
34
27
20
17
27
36
43
36
25
23
31
44
73
52
45
50
57
57
56
68
44
88
121
96
20
38
68
54
42
6
39
58
49
54
34
58
96
141
156
20
61
35
52
48
41
56
54
29
145
96
71
86
88
141
154
119
143
200
236
201
167
97
92
103
67
90
82
78
97
84
68
61
80
83
63
55
60
68
61
61
79
74
67
41
50
56
40
57
81
63
60
57
55
41
56
48
44
31
54
41
61
79
66
52
87
61
51
35
25
25
30
36
44
36
25
20
25
35
35
28
28
51
86
59
27
51
51
57
57
55
55
42
30
42
81
43
101
111
92
44
49
103
17
68
93
54
37
10
60
39
44
48
23
26
20
20
20
23
21
25
19
43
62
38
31
22
24
77
70
39
50
71
91
39
44
50
63
62
72
57
45
51
51
70
78
44
74
4
37
30
40
71
50
39
45
51
58
105
52
77
65
39
24
55
54
31
27
28
36
39
40
36
29
25
27
29
20
21
40
38
19
73
67
109
50
59
105
43
36
34
61
36
16
94
153
170
41
28
30
44
60
73
56
48
59
54
46
76
71
46
49
40
38
37
59
52
44
43
65
70
70
73
58
43
43
36
27
42
57
51
45
51
30
29
49
32
14
12
27
26
34
35
26
48
64
51
31
31
37
30
71
135
66
24
26
65
68
38
44
41
29
80
92
70
78
84
30
21
48
73
83
101
56
53
75
88
35
37
65
55
67
23
66
54
27
42
79
38
13
19
28
29
43
33
38
69
30
42
38
33
24
26
27
22
30
25
25
22
24
22
30
28
26
19
22
21
25
29
26
27
40
14
14
9
49
51
49
54
45
34
55
52
39
44
38
29
33
29
18
27
27
9
43
55
58
56
54
53
57
78
77
79
99
88
75
74
73
94
106
102
93
94
93
90
81
70
72
77
78
89
33
23
37
44
24
37
23
7
13
23
25
23
19
15
21
20
15
23
75
100
37
36
33
55
76
29
32
64
32
16
53
54
56
34
29
28
29
36
57
34
38
121
87
84
68
58
69
48
47
28
48
61
56
40
123
60
57
82
98
49
100
89
64
121
172
132
146
124
184
125
57
78
60
58
71
64
61
45
62
58
63
58
47
61
69
58
79
83
70
58
70
72
38
25
69
55
42
60
47
30
55
68
66
41
62
36
22
51
59
63
88
32
20
30
35
34
27
29
32
25
28
21
31
27
31
35
33
59
114
50
53
57
23
28
54
68
64
91
75
145
139
90
139
145
106
64
49
4
18
58
66
72
70
6
45
44
41
28
29
17
23
21
13
25
34
36
30
41
45
66
22
24
13
29
29
30
40
74
74
52
52
46
47
59
65
86
51
48
57
60
67
22
26
13
28
24
39
50
34
44
47
62
65
118
39
31
40
39
29
48
59
40
40
50
42
26
35
35
32
34
33
27
7
34
25
37
40
67
51
51
108
115
92
41
38
76
87
45
25
126
80
44
28
25
26
37
71
67
41
53
55
57
50
56
56
55
71
78
55
41
37
51
49
56
51
51
86
49
47
30
36
44
45
37
27
34
45
38
53
24
24
34
38
37
34
33
43
64
45
36
38
27
22
34
23
49
154
120
29
17
38
69
60
48
78
97
100
79
81
63
58
49
48
48
52
30
43
94
27
21
81
52
37
48
68
84
37
4
67
51
29
36
42
41
28
34
23
17
24
45
67
51
23
33
32
31
28
13
25
23
22
21
28
19
25
19
20
37
50
41
14
17
15
28
25
18
44
33
20
60
71
56
70
86
44
40
76
38
40
35
18
13
20
21
25
32
18
47
68
51
37
41
49
50
29
40
56
48
49
94
111
107
114
123
99
73
87
92
93
94
87
87
68
53
47
72
73
54
44
44
37
14
17
18
19
36
77
38
21
44
13
32
39
20
41
47
38
27
30
32
40
29
53
39
22
68
64
50
44
32
16
53
63
79
98
100
123
102
28
46
42
91
44
100
115
72
13
37
42
35
30
37
32
56
75
61
80
84
89
98
33
140
116
113
193
65
82
107
75
64
48
59
53
47
67
19
51
100
53
19
40
98
65
74
56
63
53
50
46
28
31
46
44
47
52
73
49
38
48
49
75
57
23
50
65
81
25
14
15
33
39
26
35
42
63
28
33
20
21
39
52
30
35
24
5
77
72
25
30
44
43
56
120
153
137
186
106
119
174
229
207
103
84
10
0
11
57
115
72
16
56
91
70
49
43
55
40
25
19
28
35
25
26
41
47
35
18
15
11
26
65
37
45
77
28
44
45
64
61
67
70
60
44
47
49
46
53
49
51
68
37
28
54
59
41
73
62
66
61
64
32
39
51
38
20
28
24
37
53
82
93
52
45
32
14
23
39
60
36
50
53
35
58
78
92
16
35
70
31
79
108
66
56
34
30
15
5
5
12
31
17
26
84
73
77
66
56
52
68
57
62
67
61
55
62
52
51
60
49
48
47
62
78
45
33
45
35
48
45
28
36
44
45
33
62
34
44
32
29
18
18
22
47
42
36
42
50
29
32
38
33
90
104
31
43
74
97
70
77
95
101
83
55
47
55
46
51
61
64
52
38
78
68
53
47
72
91
47
42
52
45
47
36
19
35
41
48
33
45
52
23
19
21
17
26
40
50
28
26
32
28
29
24
19
10
13
15
15
15
12
22
26
26
38
51
30
13
15
18
28
33
62
111
117
71
84
65
67
79
42
31
32
34
44
36
33
36
52
25
24
26
9
57
86
71
51
36
34
51
64
43
29
28
35
28
59
83
87
101
102
72
66
73
67
68
63
62
49
32
38
48
73
74
66
61
52
39
20
27
20
12
19
62
59
58
85
63
32
41
21
29
37
30
27
34
26
20
33
50
27
22
46
40
44
50
30
40
67
68
80
115
219
161
136
149
57
104
51
43
140
194
182
131
62
55
50
67
79
53
56
67
52
51
64
86
76
43
98
103
87
108
62
100
81
74
69
43
42
60
65
59
49
118
70
46
39
50
70
63
54
43
56
63
39
31
26
51
47
62
68
86
76
33
53
32
41
74
54
24
50
75
28
11
28
26
24
20
28
30
32
56
25
25
22
26
38
20
30
38
27
17
31
16
25
48
59
54
81
86
98
131
143
119
103
162
202
81
37
42
61
41
13
11
35
25
13
41
113
81
60
31
35
26
15
26
25
79
34
24
32
39
18
15
17
12
30
46
65
88
70
9
35
64
71
70
73
37
25
43
35
30
64
44
32
59
54
47
68
74
69
48
45
56
55
36
70
73
48
36
38
39
19
34
47
58
63
64
59
64
49
61
66
38
43
64
55
50
22
17
20
37
15
48
78
47
89
130
67
15
16
26
45
30
22
20
25
25
41
67
49
58
55
52
32
46
29
46
57
48
49
50
39
35
45
39
31
45
58
67
53
42
53
37
37
27
26
36
31
39
48
36
32
51
32
36
42
61
39
29
30
35
40
34
20
23
39
50
83
43
74
120
116
89
65
84
83
76
53
66
58
54
99
71
43
42
37
73
80
36
39
68
32
53
49
31
48
48
50
35
74
18
28
34
31
31
29
26
28
25
27
34
43
35
27
23
17
21
28
35
38
60
74
33
9
13
16
20
23
25
26
33
21
20
18
24
26
29
34
26
77
71
74
85
82
61
35
39
21
23
45
32
34
51
52
17
24
23
25
74
48
48
43
26
20
18
35
38
39
61
55
65
92
87
78
82
83
71
68
66
64
52
43
32
69
118
119
115
127
62
46
62
42
36
36
23
33
27
15
64
90
55
31
40
28
25
25
25
27
29
31
26
28
31
21
35
27
25
33
40
32
40
35
47
20
57
82
108
132
111
118
114
90
114
70
92
153
162
155
213
127
60
50
70
97
85
58
52
68
54
70
88
74
58
67
94
103
88
46
72
87
93
64
53
74
55
58
46
55
77
63
77
63
82
50
29
32
22
35
48
35
31
30
43
47
99
60
59
56
69
48
35
31
57
27
21
25
24
16
18
28
18
16
19
25
31
40
32
25
20
24
28
21
25
23
36
38
31
21
15
15
60
90
69
61
48
46
75
100
60
44
71
45
78
138
162
139
132
89
32
20
23
17
36
53
45
27
20
26
19
31
30
27
31
26
30
41
52
24
25
17
25
43
34
74
61
64
28
29
56
62
79
83
42
25
46
39
24
42
37
29
30
33
51
66
74
63
54
46
49
42
55
62
68
54
52
37
28
54
67
66
52
60
68
73
73
66
71
53
34
73
81
67
47
19
20
17
17
56
54
78
118
105
103
23
11
15
29
68
52
22
27
26
27
49
59
52
41
38
43
32
38
32
42
43
38
48
33
28
41
39
31
39
46
40
43
44
52
45
42
51
72
45
29
27
42
72
43
41
43
34
34
57
77
59
21
26
46
31
23
39
39
32
64
76
53
73
114
112
79
72
97
69
66
89
139
141
102
120
46
25
45
31
68
45
22
43
67
28
60
41
31
33
68
79
97
104
21
22
29
29
41
43
33
35
41
40
37
40
16
15
15
21
26
38
66
87
72
75
62
45
26
29
37
29
33
36
10
15
22
21
19
21
23
29
33
86
82
93
77
47
60
41
37
19
24
48
33
29
30
33
23
20
18
23
27
25
44
44
22
37
25
16
25
53
83
80
77
94
80
84
87
81
71
73
60
49
36
37
75
151
159
154
141
143
91
59
60
34
29
33
24
27
28
33
58
60
40
21
24
38
30
25
21
17
21
34
41
33
29
20
56
75
53
46
51
41
44
40
55
35
53
81
80
94
101
84
77
82
93
76
107
167
181
152
183
69
35
28
54
79
78
65
67
55
28
58
70
83
72
72
85
104
79
60
67
75
80
75
66
72
65
65
50
49
44
63
76
58
59
33
56
50
30
55
45
29
32
37
52
46
70
64
58
82
66
38
30
27
37
38
31
31
18
14
34
27
17
22
21
19
28
28
20
20
36
34
21
16
28
29
32
44
42
35
73
80
54
56
69
73
41
21
33
85
66
59
83
83
167
140
96
147
121
86
55
20
10
23
34
45
46
76
43
37
32
44
42
34
47
51
54
76
63
38
43
42
58
59
52
68
57
64
22
19
24
28
55
72
20
22
31
32
26
18
24
27
24
41
58
67
69
70
40
56
65
50
49
63
55
59
59
45
42
53
63
47
57
52
72
87
83
70
73
48
60
90
88
67
61
48
39
25
41
71
31
36
76
41
114
43
10
15
21
47
48
40
28
24
21
44
43
35
22
33
36
28
41
39
37
36
36
36
27
29
41
38
37
33
27
27
39
45
60
53
39
39
78
46
37
33
48
69
41
29
31
41
33
44
56
53
38
10
35
45
36
37
44
36
70
85
80
60
92
98
69
76
96
61
51
83
112
80
117
96
52
21
25
14
35
33
30
48
45
39
45
24
22
58
101
108
106
75
45
42
46
56
37
35
29
41
39
30
32
32
19
16
15
21
29
42
50
77
46
39
54
62
48
35
32
29
35
55
18
16
17
16
16
12
22
56
55
71
88
95
47
30
48
50
30
24
28
32
24
23
20
15
20
21
15
14
18
28
51
58
36
51
62
45
46
58
71
79
82
90
91
94
85
69
59
53
41
28
33
51
105
167
156
146
140
139
114
66
59
19
22
30
29
20
28
53
40
36
39
25
21
34
24
20
23
23
21
24
32
49
41
37
73
104
68
52
58
59
54
54
65
51
43
70
83
88
75
80
73
65
85
79
96
147
168
126
146
53
48
29
51
55
60
58
75
52
22
37
43
48
68
70
60
79
76
71
75
67
72
69
72
61
61
59
51
49
48
69
68
54
60
76
76
50
52
61
40
43
49
40
42
38
74
74
42
49
34
28
28
27
32
44
34
26
16
42
49
25
23
29
19
17
24
19
25
33
56
35
23
14
16
35
24
34
39
35
63
67
28
25
80
70
27
46
73
74
85
90
85
111
119
74
42
75
63
54
34
41
54
21
24
46
48
60
42
44
43
48
67
81
66
49
48
66
58
50
53
47
38
40
75
65
52
57
33
18
15
16
38
43
16
19
24
24
25
26
28
35
29
48
71
58
74
79
64
59
71
68
45
45
62
72
82
80
63
64
60
41
52
54
75
84
79
62
71
62
73
85
82
59
79
73
64
64
68
42
25
14
20
28
150
55
19
19
17
19
23
32
22
21
24
36
34
29
23
34
32
32
40
30
30
36
38
27
25
30
31
36
41
23
21
22
42
56
65
63
57
47
48
40
53
37
45
58
33
36
27
33
39
31
44
48
45
24
26
55
48
36
44
40
67
87
77
64
75
80
74
64
56
46
55
60
64
49
91
70
78
46
23
36
33
32
42
47
38
37
31
22
48
107
109
109
65
60
90
49
50
66
25
24
21
38
32
25
28
24
33
21
13
29
50
48
47
79
49
16
28
48
44
33
21
25
35
48
40
25
16
19
29
26
64
75
39
38
67
61
31
41
43
49
31
33
33
24
23
23
21
15
14
14
12
15
40
45
53
63
49
43
63
79
89
86
89
92
104
103
106
97
89
64
41
33
27
26
38
57
96
144
153
148
148
143
131
75
50
21
26
34
31
24
27
49
22
28
50
48
25
23
27
22
25
26
23
20
37
69
68
72
79
95
66
54
60
54
58
81
78
50
32
44
67
71
58
70
66
67
87
85
87
111
120
93
99
70
71
51
46
45
40
49
66
52
28
28
41
35
64
70
62
65
75
72
69
65
70
56
70
56
48
51
47
42
50
62
58
63
72
94
58
42
53
51
44
57
56
45
33
33
76
63
27
30
45
34
33
32
34
39
33
21
17
53
44
23
26
28
19
23
23
20
32
53
49
29
28
22
14
30
24
29
34
35
30
31
35
19
77
57
49
75
99
66
75
77
73
68
50
43
40
31
24
22
15
47
71
11
17
34
31
29
30
36
32
58
98
104
62
40
39
52
41
47
53
42
35
39
73
54
52
44
42
28
15
17
27
23
17
22
25
28
32
36
47
47
32
47
59
49
70
66
61
46
61
55
41
26
87
88
86
80
67
71
58
37
41
71
74
74
69
65
71
81
76
82
80
59
89
90
85
81
52
19
22
20
64
60
134
42
33
23
19
26
35
19
22
28
33
32
35
32
31
30
30
39
35
26
37
37
33
26
26
25
25
29
34
28
39
34
43
58
66
62
73
65
37
41
52
36
40
42
33
64
49
39
45
37
44
53
57
66
33
46
53
51
39
33
59
81
59
60
58
57
62
47
35
40
65
68
87
107
60
60
83
81
69
80
54
24
44
49
42
35
32
31
95
107
88
87
44
63
115
52
37
40
27
37
35
38
30
29
34
28
40
25
20
41
66
56
59
88
57
21
15
40
50
63
56
54
59
31
55
43
21
29
39
51
82
54
33
39
50
30
29
46
38
39
40
39
29
26
25
22
20
18
13
10
12
21
45
50
48
62
63
44
59
97
108
111
114
112
120
117
112
101
101
74
33
29
32
32
40
57
99
144
161
152
142
138
121
67
35
29
32
34
33
35
28
27
24
28
43
57
31
21
39
26
22
22
24
32
60
76
92
82
77
65
51
46
50
39
67
91
82
54
33
37
34
49
60
56
53
68
89
94
83
95
90
84
67
81
79
77
60
53
27
53
61
64
36
37
62
65
65
62
69
75
81
70
63
70
77
60
63
58
40
43
41
34
47
58
53
66
61
61
36
41
41
41
46
54
48
50
38
36
57
44
27
39
57
43
38
34
31
40
41
25
26
37
35
26
28
24
25
27
27
23
30
48
27
25
30
33
19
25
29
30
30
39
40
39
73
29
60
66
81
91
96
67
58
55
75
45
44
59
48
34
27
19
38
45
43
40
32
35
31
53
38
27
24
77
105
70
58
44
43
59
37
47
43
39
48
49
55
34
56
46
34
40
19
21
19
21
18
34
31
34
40
52
59
41
30
38
34
59
68
41
32
35
44
32
35
28
81
75
64
51
64
70
57
32
43
81
69
77
78
89
80
88
85
78
84
73
93
93
99
62
31
27
26
40
108
78
78
29
42
20
20
40
43
17
25
39
33
29
31
24
25
22
26
28
29
42
50
36
20
27
35
23
24
25
23
36
51
55
47
57
65
56
61
53
54
44
44
35
41
24
27
62
70
57
48
45
39
45
70
73
43
33
48
49
24
35
50
66
59
40
60
42
27
42
56
51
54
95
119
114
49
61
72
89
107
96
54
20
43
55
37
42
31
45
120
72
69
65
48
47
83
66
33
17
41
58
70
60
48
37
40
40
42
36
33
43
53
47
48
67
41
43
25
48
79
96
104
107
109
40
48
49
25
30
29
52
43
29
63
63
58
29
34
35
22
30
40
36
21
23
17
17
16
14
29
35
22
21
34
45
41
59
75
75
89
108
106
103
105
115
119
120
116
110
106
87
44
34
64
50
41
79
137
151
143
114
106
116
69
36
26
27
32
30
37
35
34
31
37
31
25
37
27
25
36
26
21
26
31
42
61
62
84
60
75
47
38
29
33
35
78
64
71
72
42
59
27
34
56
63
57
61
93
94
77
97
85
90
76
82
79
88
94
73
38
71
80
85
61
50
71
84
65
63
66
87
81
72
73
74
87
78
60
56
42
36
39
37
46
63
54
54
52
38
36
43
42
36
36
44
43
48
40
40
48
37
28
28
27
38
39
28
26
43
43
29
33
25
32
34
30
24
28
25
27
23
25
25
18
23
33
45
24
32
31
26
25
37
56
51
70
34
62
87
78
101
95
65
58
63
74
71
57
73
47
33
38
38
61
47
35
86
69
48
49
88
48
32
39
68
72
35
55
48
49
60
46
46
27
29
38
52
38
28
56
64
32
49
37
27
21
26
32
40
33
28
32
63
45
22
34
25
31
69
59
29
32
40
36
39
41
40
44
39
55
43
50
56
44
29
43
57
50
63
74
89
73
75
86
64
76
80
87
79
89
34
31
35
39
43
55
62
37
19
32
15
36
36
16
38
30
35
34
27
27
31
23
21
24
21
31
51
46
29
23
27
40
32
21
29
16
32
44
54
52
68
59
54
51
40
56
46
54
37
42
33
14
23
48
35
41
32
33
24
32
28
43
31
25
22
29
60
43
42
72
39
80
42
27
37
47
50
48
103
63
51
54
71
72
67
83
91
43
30
55
55
36
42
44
74
125
84
61
53
30
45
37
58
51
25
53
59
93
96
100
66
44
47
43
41
30
41
45
29
38
78
60
63
60
40
78
70
77
106
123
62
11
25
23
19
13
34
34
44
60
54
55
33
43
32
23
25
27
29
18
17
15
16
15
25
67
77
43
18
34
45
34
46
66
91
99
115
129
109
108
125
130
123
113
107
95
91
63
45
128
109
63
117
160
129
93
70
98
115
48
28
28
31
34
27
35
21
30
62
34
30
32
29
17
26
21
26
26
38
35
32
39
36
37
53
77
59
53
41
29
33
59
34
64
83
54
60
34
26
54
74
73
82
92
76
77
93
78
85
78
66
71
76
98
95
62
89
103
82
106
69
60
79
77
104
89
82
57
77
76
68
79
87
64
48
56
46
44
34
28
45
41
46
73
47
44
47
51
36
40
47
44
44
39
40
50
31
31
22
23
34
45
30
32
32
27
35
38
20
23
34
25
22
27
27
19
20
30
24
22
23
43
58
35
40
31
25
32
29
31
27
20
16
85
86
69
84
64
55
59
59
58
66
68
67
37
48
35
29
27
36
47
63
95
42
41
68
30
43
46
17
45
46
35
54
59
51
36
18
19
14
42
70
20
40
60
69
39
55
44
28
23
25
46
27
17
11
18
26
20
30
50
26
38
40
18
19
41
47
46
54
52
43
42
35
61
41
15
15
15
22
19
14
19
15
24
36
34
45
59
54
53
53
58
57
49
21
20
25
30
17
9
30
28
23
19
15
70
35
27
86
52
29
33
35
27
30
21
43
58
75
53
35
32
20
29
21
15
31
30
27
34
42
38
47
54
50
54
47
36
36
48
53
55
48
48
54
42
26
51
40
19
28
23
18
27
32
41
36
30
30
66
74
59
48
42
33
38
24
20
17
37
46
67
68
23
43
36
64
56
54
85
80
56
44
60
54
39
38
62
97
66
42
72
60
38
57
74
77
74
44
55
70
80
118
121
67
74
69
47
43
43
52
49
34
31
116
116
87
105
42
104
102
44
41
53
31
14
16
31
23
29
26
17
22
30
39
36
35
28
20
27
30
38
35
20
16
20
20
33
47
61
73
64
35
18
20
32
45
74
71
86
118
136
132
116
128
128
112
98
86
70
60
50
50
161
139
111
128
154
143
139
118
145
158
131
31
23
30
23
23
35
21
19
21
27
38
29
16
14
36
24
25
27
31
15
22
29
18
23
27
53
58
67
76
22
33
34
26
50
85
66
37
44
47
79
67
86
83
82
79
86
87
96
93
81
80
78
74
84
89
74
97
96
90
146
136
83
94
129
89
69
42
46
48
57
65
72
80
54
64
60
44
35
25
24
29
15
28
57
59
59
37
38
51
66
53
43
41
55
34
34
41
39
28
35
43
62
47
27
26
29
39
33
21
23
21
21
21
30
27
30
28
27
26
30
24
39
24
22
38
35
35
37
38
36
36
63
40
93
65
45
56
39
69
59
48
55
51
52
47
67
106
97
50
30
42
47
60
79
43
54
29
35
44
43
21
71
30
46
61
50
62
30
23
27
18
26
31
15
27
64
49
21
26
22
30
35
21
51
61
15
19
14
30
36
58
39
29
27
17
33
15
39
62
44
26
12
32
35
31
18
28
27
28
54
64
53
49
51
48
56
48
46
19
23
47
38
14
27
38
51
63
68
36
36
36
38
18
69
88
51
23
27
21
46
68
84
32
22
25
28
41
58
87
82
60
35
28
26
29
50
29
31
48
30
29
44
40
54
43
37
39
36
41
30
14
32
49
37
52
61
46
67
38
52
58
35
23
17
18
34
47
38
47
54
71
75
59
52
33
33
33
18
33
31
28
27
25
36
22
54
76
15
45
79
52
68
42
44
56
56
66
53
37
20
75
71
40
50
57
68
61
52
43
47
55
71
80
59
63
59
80
116
101
95
59
47
42
46
27
2
79
127
154
136
135
102
53
51
49
58
57
28
21
32
27
33
33
33
24
40
33
40
45
30
17
16
21
22
5
9
21
19
19
49
61
57
38
49
42
43
98
77
24
16
33
90
119
109
101
96
91
69
56
64
61
48
31
43
54
159
150
135
122
163
149
157
154
148
169
159
29
22
27
13
32
33
17
19
15
27
24
22
31
28
33
28
23
23
30
50
28
15
19
50
20
43
71
81
33
22
29
45
60
46
64
57
38
58
49
34
45
83
57
61
82
91
71
79
96
84
89
74
85
62
81
84
106
76
63
82
115
85
78
104
89
67
74
40
47
76
86
93
90
84
74
52
75
60
28
41
48
60
94
74
53
49
30
46
47
55
37
36
24
37
31
21
31
47
38
36
41
60
37
16
26
26
18
28
24
24
25
25
29
33
81
57
34
29
50
30
27
49
36
19
7
27
36
23
30
39
65
84
106
90
45
45
42
54
84
39
51
45
51
52
96
103
28
93
71
59
66
72
95
92
49
43
33
31
34
28
32
28
8
44
46
42
58
23
34
25
17
17
28
23
38
48
41
32
36
30
29
26
33
31
57
27
11
35
60
52
106
49
34
27
37
29
27
4
12
34
22
17
62
48
37
36
61
44
28
40
41
50
53
49
54
63
68
76
87
84
104
109
61
59
110
99
95
66
41
42
55
18
15
52
83
62
28
37
33
45
63
70
30
31
32
43
41
50
71
56
36
35
26
23
26
34
51
34
39
50
50
49
43
39
33
38
33
33
31
28
30
34
24
25
46
60
20
22
50
45
49
27
60
72
40
21
68
42
56
65
48
57
55
42
25
32
23
19
22
40
28
19
19
32
39
72
54
77
125
87
61
67
34
33
44
33
36
53
62
78
74
59
38
26
44
46
55
42
32
45
71
85
108
44
24
27
38
95
45
66
75
49
36
26
45
108
70
78
94
66
98
88
60
35
35
44
78
56
20
31
36
23
22
28
33
20
28
28
43
42
25
29
27
16
15
13
22
18
41
62
52
54
51
64
59
56
66
73
89
79
74
97
69
72
67
51
52
56
64
48
15
13
29
23
18
79
188
155
107
137
140
139
136
120
133
120
37
39
29
20
14
24
13
23
21
23
22
21
30
35
39
29
27
22
27
21
28
30
19
54
32
64
84
82
54
92
36
30
67
89
74
40
34
34
51
38
37
58
57
34
70
83
65
73
67
83
79
94
101
77
107
103
67
139
118
107
107
103
90
88
94
71
53
25
80
99
73
74
72
109
75
66
79
81
63
41
68
64
60
36
57
43
43
42
33
43
43
44
49
15
28
32
29
43
50
37
33
43
30
30
30
28
31
40
40
37
26
36
51
57
92
22
12
23
29
38
18
11
25
24
52
82
101
122
121
118
113
70
81
78
39
61
82
74
114
74
51
55
69
54
72
73
23
27
34
76
90
65
66
67
58
59
47
23
34
26
21
20
37
41
57
68
41
44
36
23
18
19
14
12
31
29
13
15
24
35
38
48
49
34
39
21
19
50
65
50
60
39
25
43
45
25
21
24
31
49
53
31
34
51
39
24
25
17
28
19
29
29
49
47
40
43
61
75
62
64
65
39
29
12
16
26
48
42
61
63
84
64
12
16
30
25
20
6
22
31
37
21
24
37
33
38
39
69
68
52
46
57
30
37
46
44
48
33
38
48
52
52
36
30
39
49
41
30
19
30
45
41
24
40
30
49
43
41
53
39
32
28
47
46
39
38
28
33
54
58
44
39
46
37
26
33
37
21
23
45
47
26
34
37
31
54
70
99
77
67
57
53
43
47
47
40
35
51
62
73
63
89
69
34
52
31
56
72
55
45
65
78
45
35
50
51
36
59
50
49
45
30
47
63
82
111
65
55
67
68
78
68
32
26
35
38
47
37
30
26
23
19
16
22
27
17
20
41
65
62
46
62
67
30
17
21
28
34
44
41
33
30
52
60
73
86
86
120
133
115
94
93
87
60
39
55
62
49
37
29
106
164
177
151
104
30
105
144
106
122
140
133
129
114
74
73
40
25
14
18
16
17
23
24
15
20
18
19
21
32
28
24
26
21
15
22
38
32
23
47
42
52
61
69
61
109
70
40
48
66
67
58
30
21
53
40
48
36
19
18
41
67
59
71
74
81
73
81
81
86
95
119
62
114
153
91
113
125
102
80
82
91
58
64
96
83
58
65
87
58
36
57
56
89
82
42
61
47
58
79
47
49
43
53
38
47
48
44
40
39
38
44
42
38
42
39
33
26
27
30
27
16
24
27
14
22
21
30
39
65
60
64
72
67
78
120
123
135
148
164
171
169
170
160
164
100
56
53
72
56
46
50
63
67
129
43
28
43
50
38
39
34
41
46
54
67
65
48
46
63
87
99
101
32
27
41
39
45
66
55
81
61
18
21
25
19
21
19
13
14
9
9
13
26
44
49
45
43
31
38
40
33
51
34
42
47
52
47
27
36
38
27
30
30
27
44
50
29
56
44
42
42
24
31
28
24
34
27
35
40
40
37
44
52
54
57
58
43
12
13
25
18
46
51
45
55
80
85
76
51
38
32
25
20
33
50
49
25
28
37
28
21
32
81
41
27
33
51
40
44
48
51
39
37
33
30
45
34
30
28
26
32
33
37
46
48
43
26
24
70
57
44
31
51
44
24
17
20
29
59
51
50
39
21
37
45
41
40
33
40
30
23
51
58
45
45
44
31
23
32
34
77
100
75
56
58
53
62
58
48
53
42
24
41
46
53
86
92
44
37
42
19
34
48
52
38
36
48
32
62
81
40
38
52
57
42
43
43
60
73
99
80
69
92
103
64
65
69
30
27
49
32
30
21
24
25
24
18
19
26
21
15
28
53
61
69
55
53
66
36
23
30
34
39
34
25
24
26
42
46
76
82
113
115
92
57
51
66
69
47
50
68
67
52
39
152
218
223
222
225
162
70
73
88
83
94
125
124
102
64
59
57
31
23
20
19
26
32
39
24
18
16
15
17
24
27
39
25
26
20
30
33
33
31
37
31
27
38
42
48
46
87
64
62
60
68
49
49
42
50
55
27
44
63
41
20
23
60
70
50
68
80
88
94
82
76
100
122
100
60
119
87
112
107
94
88
116
90
90
82
89
91
56
66
72
55
68
88
76
75
70
63
68
53
69
71
46
46
52
83
53
50
45
34
24
50
26
34
31
30
28
36
27
37
42
49
46
47
56
71
75
65
70
76
72
90
160
167
119
59
53
143
133
110
123
120
107
97
78
68
69
57
39
60
61
50
46
52
54
51
109
73
36
33
33
41
42
39
64
65
50
58
50
50
42
46
59
67
76
40
72
82
44
49
79
58
47
30
19
41
30
25
21
19
21
22
20
33
25
15
40
45
38
30
27
45
34
26
42
46
46
49
43
31
29
36
41
33
20
28
41
43
29
29
52
29
35
43
40
24
27
40
44
45
34
31
30
32
44
47
52
63
61
62
38
37
64
54
47
29
18
25
65
67
52
68
51
27
19
39
34
38
39
34
23
36
38
28
31
48
29
25
28
35
40
38
40
48
46
42
29
24
36
41
36
35
33
28
36
46
58
54
48
56
55
64
58
35
24
35
45
44
40
34
34
60
49
36
38
11
23
31
19
35
21
32
38
36
55
58
34
28
36
22
20
36
66
84
76
75
68
52
56
66
39
47
50
42
32
43
42
44
96
85
24
38
27
23
25
24
35
33
28
41
47
78
80
44
43
41
60
41
48
72
79
73
85
99
81
81
112
57
49
62
35
31
59
33
17
15
21
22
26
18
20
27
19
20
42
53
68
61
43
36
41
38
25
24
27
29
34
27
16
44
49
37
51
55
71
56
39
26
23
66
59
44
54
52
50
44
120
235
232
234
226
165
105
77
66
66
70
72
89
104
92
78
91
59
26
24
30
26
31
30
31
24
21
25
21
18
17
32
40
16
21
25
54
50
45
28
38
39
25
36
30
36
33
77
79
83
55
51
43
36
43
79
69
42
50
80
66
19
24
56
70
52
52
66
57
78
84
78
88
113
123
78
107
105
111
97
87
62
99
80
92
63
75
87
64
66
63
80
120
120
85
60
86
90
78
78
62
43
44
52
59
94
61
44
49
41
37
53
45
49
62
69
69
76
69
79
77
73
61
63
64
67
56
48
46
43
36
43
121
121
73
22
22
73
71
65
60
51
41
41
63
58
46
64
66
77
56
58
53
52
39
38
90
118
68
29
19
41
64
52
64
53
32
45
46
52
56
47
45
51
46
31
44
67
65
64
86
43
19
19
27
33
32
29
18
21
21
22
31
40
27
15
47
35
32
36
47
47
43
39
46
45
44
50
39
33
49
35
41
29
28
42
44
39
32
51
36
25
44
53
57
20
25
46
39
51
55
45
34
35
42
30
50
64
63
70
42
31
46
48
43
24
22
34
41
39
26
38
30
23
22
36
26
30
25
33
23
40
37
33
27
20
28
28
27
37
41
33
37
45
49
33
29
28
49
63
48
45
47
34
42
45
55
55
61
80
70
39
37
42
25
20
41
52
49
45
33
42
32
24
34
22
34
40
20
31
30
24
35
46
41
44
31
25
30
15
30
40
71
71
68
101
66
56
54
57
54
89
88
67
66
47
61
77
113
59
19
29
20
26
26
17
25
28
24
42
73
80
58
49
42
31
50
39
48
65
68
69
80
91
49
54
79
50
45
58
32
25
45
39
21
20
22
24
26
22
18
22
20
38
63
44
54
44
30
41
26
27
25
26
21
25
32
25
10
53
39
35
46
43
39
22
22
27
38
77
60
49
55
48
39
66
206
237
221
227
150
83
60
64
65
67
73
79
78
94
97
101
110
59
24
21
31
27
26
27
21
21
20
31
26
23
15
27
32
13
21
30
42
46
54
37
45
71
53
44
27
34
31
82
97
88
50
40
37
30
38
84
76
54
47
65
70
28
37
47
57
62
57
68
41
60
76
75
75
100
112
103
103
99
97
98
94
59
91
85
79
58
86
82
70
68
66
107
119
93
63
47
96
88
69
72
59
47
66
78
78
94
77
75
76
73
75
74
74
68
72
69
63
65
60
57
51
41
32
31
30
26
15
15
13
9
8
19
40
46
34
35
45
34
42
83
45
34
35
72
110
77
57
77
90
85
58
69
64
54
36
38
71
94
69
35
26
31
71
57
54
50
30
44
46
64
70
46
48
51
38
30
49
61
69
58
67
26
22
23
30
22
29
22
14
18
17
15
30
29
20
25
40
33
45
45
44
35
40
46
50
43
41
50
39
36
58
47
45
45
46
51
37
36
43
67
44
40
55
64
60
23
40
56
31
30
48
54
34
48
65
37
42
42
53
54
33
28
26
25
26
19
29
52
34
34
32
23
28
28
24
24
30
34
20
28
27
39
28
29
19
20
32
21
25
43
47
35
34
40
42
25
33
35
56
63
46
44
53
36
29
36
55
53
59
68
50
41
36
53
36
24
37
44
37
46
32
36
32
24
43
51
50
47
36
28
42
37
36
38
29
33
34
21
33
21
36
38
58
50
66
91
48
65
47
52
71
101
117
86
85
67
106
125
116
58
28
18
19
24
24
18
25
22
20
57
77
66
43
39
43
34
34
33
37
38
42
57
66
52
28
40
45
48
41
55
31
20
25
33
26
20
19
26
23
25
16
15
21
63
62
28
28
29
40
45
20
19
22
29
33
24
24
20
13
39
25
27
46
34
29
23
28
34
64
78
71
63
56
61
39
130
235
218
237
171
66
55
57
54
59
63
71
82
80
84
85
89
87
50
23
21
28
24
23
27
19
17
24
31
22
23
17
16
26
14
21
32
24
28
47
55
64
73
55
43
24
28
30
78
74
67
61
71
37
29
35
69
80
47
45
48
64
33
47
47
37
51
74
66
52
60
68
71
90
103
92
92
85
81
86
94
85
84
93
79
76
78
92
69
68
61
61
104
85
70
78
81
94
88
84
79
78
78
88
86
80
75
69
73
67
64
65
58
51
44
34
27
21
21
21
16
13
9
10
15
11
14
15
18
20
17
22
37
25
30
34
65
74
45
45
95
44
36
40
104
112
58
60
78
100
88
63
66
60
56
40
37
46
51
50
41
42
30
56
59
72
73
48
53
52
89
97
54
53
44
35
32
86
70
63
51
46
34
45
32
31
22
23
18
17
16
15
15
21
16
16
27
24
37
56
39
25
32
32
38
58
54
44
51
38
33
52
60
60
70
56
44
33
39
50
67
59
57
57
60
49
34
55
59
32
23
35
47
38
56
77
55
36
26
35
30
25
39
37
22
16
27
27
42
42
42
42
32
61
45
22
18
31
29
25
31
23
29
26
27
21
30
38
19
25
36
39
38
27
30
35
27
39
49
49
38
31
39
51
40
20
35
55
43
44
45
30
56
49
49
52
38
43
38
31
54
43
46
53
28
47
59
48
36
33
22
34
52
54
32
30
19
19
10
42
32
30
36
58
40
49
40
40
68
54
62
59
67
99
69
65
88
146
125
86
94
62
40
22
27
20
22
28
23
27
69
47
43
43
31
42
36
25
28
21
28
39
45
47
62
54
30
34
58
40
36
31
25
23
18
21
16
16
20
19
22
19
13
21
62
30
15
17
21
54
34
16
25
16
22
51
23
20
20
23
30
33
21
26
19
17
27
31
41
70
72
78
75
55
58
57
201
225
220
225
79
51
53
44
45
46
50
56
54
57
57
47
57
45
30
21
24
28
30
26
24
23
18
29
30
20
23
23
16
22
14
19
33
31
20
36
58
60
41
30
33
22
18
29
59
36
43
70
98
46
28
35
48
76
47
62
64
54
33
53
58
34
44
81
46
60
66
70
82
102
107
83
71
77
84
89
77
63
90
75
70
86
99
85
64
75
66
65
83
75
87
109
111
85
88
90
84
69
69
60
47
40
31
27
21
23
23
21
15
11
15
16
22
21
22
23
22
24
25
25
36
24
27
30
35
33
25
33
47
40
33
33
56
62
47
43
59
35
27
37
92
76
38
69
76
91
85
68
57
48
53
35
29
40
53
46
45
48
43
45
63
109
99
64
60
52
89
99
63
56
46
33
30
79
64
61
57
45
66
55
36
32
18
17
25
22
16
16
20
21
15
18
21
22
33
57
35
22
44
36
33
69
61
46
54
41
30
42
55
66
70
59
38
38
44
56
68
58
59
53
45
37
42
47
47
41
46
48
38
50
53
51
50
37
30
26
23
19
33
46
34
25
51
30
24
38
38
37
35
66
56
25
24
25
20
29
34
17
21
23
27
32
32
33
32
28
29
22
38
26
24
28
27
43
58
52
26
33
45
46
47
41
38
41
34
47
38
33
43
42
39
46
45
35
23
29
59
42
39
54
34
33
26
39
41
33
21
17
35
55
37
27
12
11
17
41
29
17
39
51
62
55
18
50
60
75
79
81
79
88
53
44
71
124
75
69
96
99
96
32
32
21
29
29
30
35
40
29
31
44
33
29
22
26
25
27
33
49
48
67
113
46
27
33
63
69
9
17
26
32
20
24
22
20
15
17
21
30
18
24
20
11
16
14
15
31
26
19
22
15
28
44
31
23
23
29
45
42
31
23
32
25
26
29
47
63
74
64
71
65
31
118
238
217
227
133
37
48
35
34
41
34
36
44
25
26
24
17
22
18
14
16
23
28
36
29
27
28
27
29
27
34
38
37
21
23
22
24
36
29
27
41
40
29
36
41
33
35
27
42
43
42
40
59
58
42
20
35
40
50
57
78
100
52
51
67
59
65
72
77
47
64
71
76
93
73
76
81
76
93
100
90
71
81
78
76
97
100
101
90
85
90
91
88
72
73
59
52
42
46
33
18
18
11
9
11
13
13
16
22
22
30
42
39
41
48
51
54
55
44
43
33
25
25
29
29
32
24
23
32
36
24
23
27
48
43
35
38
41
39
58
57
55
55
27
49
86
74
58
65
65
62
75
71
69
57
51
33
36
63
54
40
50
52
41
51
55
89
95
69
61
32
41
29
42
65
73
34
50
73
56
46
45
53
83
41
28
27
20
23
24
18
13
19
19
36
29
19
20
19
21
62
44
30
40
35
36
61
56
45
52
49
27
31
42
47
50
57
48
44
51
56
72
58
49
42
35
33
30
35
40
48
48
50
38
39
48
35
37
36
26
28
27
25
18
37
40
37
47
35
24
20
25
32
32
19
38
37
41
34
29
22
23
16
27
24
25
38
32
27
33
39
35
33
34
25
19
16
33
50
38
32
23
65
44
29
33
33
20
35
39
54
53
41
50
42
31
35
36
21
23
31
33
37
27
33
35
20
17
42
54
71
22
17
24
29
32
23
27
26
20
47
18
20
53
59
70
23
21
46
46
78
92
93
56
69
80
54
58
71
72
67
75
67
93
53
30
29
32
25
20
29
29
45
23
28
30
28
22
36
36
65
48
45
42
48
63
4
23
24
30
69
12
20
19
26
31
25
22
27
14
16
29
31
22
21
18
22
23
23
20
9
18
18
16
18
26
17
30
31
32
37
24
18
24
46
50
20
27
32
52
69
89
73
67
80
31
200
232
221
185
33
46
22
28
27
26
31
26
29
19
17
8
11
15
20
23
17
17
16
22
40
45
28
30
48
43
48
51
33
32
21
30
37
55
31
44
56
49
56
41
37
39
54
55
69
27
56
40
42
38
22
20
38
71
38
40
72
86
79
69
75
70
80
74
72
63
44
76
72
81
78
59
100
119
101
100
97
91
90
90
83
72
64
45
39
33
31
23
20
14
12
8
10
15
25
32
50
45
43
48
52
65
63
77
99
49
41
43
40
62
91
65
58
41
39
29
27
23
23
24
33
22
29
33
37
35
24
32
19
37
43
37
41
38
35
113
81
88
89
57
48
57
64
82
53
46
75
105
71
76
71
53
49
49
52
42
30
33
40
23
40
45
29
43
78
35
25
16
13
51
87
62
17
89
110
56
54
66
84
53
50
38
23
33
36
24
24
23
20
28
33
31
21
21
16
26
35
30
26
18
23
36
66
76
45
34
50
38
40
44
42
38
40
44
40
60
65
54
65
33
40
34
16
29
36
38
37
31
31
35
38
39
31
24
28
21
23
16
38
37
42
37
34
35
36
26
23
32
44
37
29
30
30
42
33
33
23
20
21
20
22
35
29
19
32
28
27
24
19
25
35
34
27
35
40
46
49
46
58
57
49
30
24
29
40
37
37
33
46
51
35
30
17
38
43
48
45
16
34
33
41
34
46
22
42
66
48
39
30
29
40
28
27
30
46
77
91
103
101
78
73
78
45
44
31
59
92
90
53
61
94
72
42
79
67
97
74
65
62
43
58
81
90
41
21
25
29
20
25
30
37
46
40
33
78
122
90
25
11
23
38
15
27
39
32
27
10
13
22
22
27
22
17
23
35
24
17
17
18
19
26
25
29
20
17
27
19
33
26
21
20
23
26
21
28
38
44
28
14
23
24
15
25
34
35
52
95
97
79
74
46
63
245
211
232
104
44
25
25
24
27
27
23
22
19
26
28
23
18
20
25
29
27
29
31
36
51
54
58
48
49
50
68
49
30
6
11
14
35
53
49
34
31
29
30
23
32
33
41
66
58
47
69
43
57
40
37
23
31
52
49
65
35
31
55
39
52
100
86
88
98
101
107
114
98
104
102
84
72
60
47
42
27
22
5
7
10
1
1
1
2
14
23
34
43
52
43
56
63
78
96
117
111
75
82
71
60
85
59
78
52
32
35
23
23
32
88
52
22
32
40
35
32
23
29
30
38
27
28
31
31
28
26
23
31
45
35
33
19
84
139
92
82
82
100
70
63
62
61
65
56
43
62
106
63
60
61
47
59
49
40
48
40
37
41
47
39
78
97
48
30
19
34
38
18
59
51
38
42
66
89
76
61
40
51
26
45
50
37
42
70
38
23
24
32
24
26
32
31
23
26
25
37
35
14
35
26
39
55
62
24
34
52
44
35
34
48
52
35
37
31
40
43
46
41
23
26
22
19
35
31
35
24
26
28
30
44
36
25
25
27
28
31
24
32
32
30
35
31
36
35
24
42
55
32
28
20
19
26
43
24
23
25
25
22
29
23
25
19
23
41
30
50
46
24
13
41
44
29
27
55
41
48
53
49
50
26
29
27
31
35
34
53
47
36
35
41
49
24
27
32
49
36
15
19
28
27
32
39
30
39
54
34
67
34
28
26
28
30
10
52
98
89
106
90
65
58
75
84
90
89
90
56
44
52
75
88
37
48
47
37
56
36
66
58
31
49
119
60
26
26
29
20
24
26
34
30
32
41
103
109
125
70
46
85
74
50
105
95
58
28
14
22
17
18
25
25
26
19
19
19
17
21
27
27
29
38
25
24
18
28
20
26
21
19
19
19
18
20
14
16
27
23
19
10
29
44
30
39
53
39
65
107
100
82
68
52
200
242
219
182
35
29
25
28
25
28
23
27
21
18
21
23
31
30
27
34
41
45
44
47
56
50
39
33
19
13
28
38
54
114
130
117
89
52
24
18
23
43
36
21
29
37
51
52
41
54
73
47
41
58
32
53
68
44
60
76
83
83
97
110
116
84
104
97
91
76
54
45
28
29
10
9
7
6
5
5
7
15
24
28
37
38
66
69
75
113
77
63
67
107
151
77
62
86
69
96
132
108
76
74
58
68
59
65
72
36
42
46
45
35
36
62
93
34
19
28
33
36
37
40
57
55
37
30
35
29
22
30
44
45
60
45
47
36
143
110
89
58
95
125
71
72
61
83
112
70
50
66
111
53
30
36
81
72
47
44
46
35
39
52
69
53
85
120
61
34
30
35
33
21
26
34
36
46
34
34
28
47
57
43
59
44
56
62
37
47
46
15
27
19
24
26
26
10
16
29
28
29
24
17
25
29
32
14
23
23
41
52
45
55
51
65
53
50
99
60
28
26
29
34
32
27
27
23
30
35
31
20
35
38
30
37
39
25
26
27
26
26
24
18
16
25
33
25
32
38
39
41
40
28
23
24
22
23
56
33
26
22
21
23
24
22
24
22
22
31
28
28
29
34
31
36
38
33
56
46
43
44
50
37
30
29
24
16
31
31
27
27
34
28
43
25
36
18
20
34
35
23
22
22
28
23
31
39
27
36
35
21
47
40
43
27
23
29
59
97
107
60
58
112
78
87
81
97
90
89
103
75
41
72
78
70
24
29
36
51
36
33
55
39
40
43
70
45
43
34
28
18
24
28
23
31
18
42
131
81
56
43
76
114
77
87
85
48
21
14
10
17
15
26
23
22
23
18
28
31
23
13
30
30
39
36
31
30
33
28
21
23
18
18
19
16
29
41
29
26
24
13
23
38
23
34
43
38
34
49
101
112
101
82
71
110
247
213
223
112
32
35
29
25
21
24
17
20
19
18
16
18
24
38
41
47
50
54
50
46
40
33
24
19
22
36
43
33
26
94
169
170
199
184
151
78
24
43
22
10
23
37
17
17
22
32
45
41
69
89
78
91
95
85
84
86
79
74
124
142
140
45
33
27
18
14
10
17
19
14
26
38
38
43
57
73
64
66
75
73
80
64
78
64
52
98
70
59
83
107
119
63
49
69
64
80
78
72
65
53
38
39
51
70
67
33
57
64
49
42
25
49
66
53
43
44
40
36
44
27
67
50
29
30
38
30
24
24
36
55
50
69
38
20
52
39
55
38
92
85
66
60
45
49
75
76
52
51
48
35
31
26
47
58
44
54
40
33
46
56
71
61
67
92
76
40
24
35
36
17
33
29
27
14
12
37
56
45
40
65
53
58
61
58
34
28
29
20
17
12
29
20
20
39
29
35
26
32
25
16
22
20
21
15
11
15
16
24
26
27
21
23
24
20
19
26
26
31
21
18
18
20
16
22
35
27
30
18
32
22
14
23
24
27
22
21
28
27
24
19
16
22
27
21
23
25
33
39
32
20
22
21
22
36
38
32
33
36
29
25
19
23
22
25
23
27
25
23
20
26
31
31
36
31
45
38
37
39
35
46
40
28
19
28
35
24
23
15
34
42
37
24
25
21
17
33
37
26
22
22
28
30
29
32
21
17
21
17
33
36
40
29
35
41
78
94
67
54
30
82
65
83
105
129
101
97
85
70
33
51
64
66
40
53
68
65
55
44
29
31
40
46
39
44
63
36
28
23
20
25
30
55
31
46
82
50
34
22
53
82
77
75
37
27
15
16
19
15
17
26
24
24
24
21
32
31
26
14
24
29
36
37
30
37
28
22
19
25
26
19
19
26
37
35
27
25
20
13
33
65
49
28
42
42
57
89
106
113
95
90
86
174
235
203
192
59
20
22
16
16
15
16
18
17
17
16
14
16
19
28
39
47
54
54
51
47
31
17
18
23
31
35
29
23
26
56
168
123
158
171
173
165
114
64
61
55
47
65
64
68
77
78
137
136
74
60
51
41
36
31
25
26
28
32
54
65
66
31
22
33
55
78
69
75
79
94
80
76
59
74
68
73
61
49
63
79
73
42
59
62
45
95
99
48
84
104
81
41
59
62
65
63
70
48
43
44
43
47
63
87
53
40
88
73
36
27
9
31
51
54
49
31
30
25
30
32
24
32
34
38
34
26
20
26
37
45
56
73
34
40
30
70
46
60
77
62
30
61
90
50
47
68
38
38
40
40
45
34
26
37
50
58
56
52
56
44
24
34
39
44
37
30
35
34
28
22
28
29
20
24
45
64
58
29
29
57
87
69
45
33
41
27
21
21
25
18
23
26
29
46
34
37
21
29
25
25
20
21
23
27
25
31
46
29
28
31
35
28
26
48
56
78
78
41
32
36
31
24
26
42
27
27
31
33
43
49
29
20
19
19
19
20
24
19
23
20
21
23
27
23
24
27
23
30
24
26
33
33
24
31
29
21
20
28
25
29
22
23
22
25
24
25
28
31
23
23
29
27
33
30
32
47
34
30
29
51
37
24
22
32
32
26
20
20
37
40
25
20
27
27
20
32
33
30
27
26
35
34
25
27
34
28
19
20
39
50
52
54
64
56
73
90
52
51
50
57
55
98
129
121
104
104
59
62
46
44
57
67
59
50
79
83
64
40
21
27
30
26
29
43
49
22
27
29
9
27
30
41
41
80
66
60
43
19
53
57
62
39
40
67
26
26
31
21
20
21
23
22
22
23
32
33
30
14
17
34
34
41
30
30
22
18
20
23
23
18
17
38
34
30
26
23
16
17
27
63
64
19
34
40
63
85
97
101
81
76
94
214
203
203
165
44
28
21
19
18
16
14
13
14
14
9
12
12
16
17
23
32
35
35
36
32
21
15
22
26
29
25
23
23
25
41
155
103
126
143
152
163
163
116
81
75
64
58
54
47
45
38
104
109
39
20
18
19
23
17
29
32
23
19
28
30
30
36
45
48
95
92
72
73
79
94
81
80
67
73
59
59
56
38
46
64
68
61
80
103
84
80
94
67
84
94
67
46
57
60
59
63
72
50
47
55
71
62
69
73
36
48
75
57
26
27
71
61
54
51
53
52
25
12
31
47
5
32
35
51
41
32
35
31
44
48
64
59
35
53
35
107
57
55
67
66
63
88
107
57
81
97
39
37
43
48
50
27
24
41
59
54
57
48
43
31
21
29
53
48
29
28
48
35
24
20
32
33
25
75
96
89
37
27
27
71
86
88
45
35
41
30
24
22
37
40
22
28
35
38
36
35
26
24
21
28
21
20
21
22
27
24
39
40
42
37
46
38
34
41
55
64
54
34
35
49
41
30
30
34
30
27
29
29
36
47
30
24
25
21
22
24
25
19
27
36
22
25
29
21
26
33
29
31
32
31
35
36
47
29
31
23
28
29
29
31
21
16
20
27
31
29
24
32
28
28
26
28
30
22
31
52
36
28
26
36
31
26
24
27
29
27
24
22
29
27
20
25
36
38
32
32
31
31
26
30
39
30
29
44
41
30
21
26
41
47
54
69
81
41
45
80
60
50
70
76
55
90
132
98
76
72
61
54
47
43
61
61
51
42
72
78
53
38
38
23
23
14
25
34
45
27
29
28
6
33
27
26
42
79
53
86
56
22
58
77
45
20
39
97
46
25
31
21
21
18
23
21
19
23
31
35
30
17
16
29
34
47
35
26
17
17
27
29
19
17
14
41
34
27
26
22
14
23
23
65
56
41
42
29
46
80
76
70
61
66
113
213
179
203
149
33
29
27
32
31
30
26
25
27
21
19
16
15
17
18
18
21
23
25
26
23
22
20
23
20
19
15
20
24
22
37
136
104
124
127
141
137
158
138
75
39
35
25
20
18
18
11
42
41
21
18
12
35
47
55
72
62
47
38
30
28
25
31
42
43
79
77
71
54
51
58
77
76
86
77
59
59
50
45
40
48
52
88
101
105
85
68
90
88
97
88
81
59
50
56
58
70
66
62
71
63
63
67
67
54
43
41
45
41
45
76
101
71
45
57
56
70
39
18
43
52
11
37
32
43
40
46
51
27
59
61
53
44
33
41
51
84
47
32
46
73
82
103
93
49
98
79
37
37
41
42
45
24
29
54
82
30
33
36
31
27
29
30
63
59
36
34
39
29
24
21
29
27
29
72
88
60
41
45
27
81
66
72
29
27
44
40
32
27
42
41
24
33
31
36
33
34
37
26
22
24
27
25
19
17
19
19
26
34
37
32
44
38
35
31
33
39
33
35
37
42
43
34
32
25
33
30
27
28
32
33
27
28
30
28
24
22
27
24
31
41
28
22
28
28
30
30
33
27
32
29
37
45
50
37
32
31
35
35
32
30
21
18
23
25
36
36
29
46
35
26
24
30
33
23
37
43
31
32
20
19
23
25
19
20
24
21
23
20
24
21
22
31
43
51
35
36
38
33
18
27
37
28
34
51
24
24
28
26
28
31
32
60
73
24
21
76
57
43
86
83
56
86
97
79
64
74
72
54
38
42
67
55
39
44
61
52
40
42
63
39
26
20
27
29
52
41
41
24
16
37
27
24
28
40
42
91
46
22
42
72
40
33
26
66
45
23
28
16
24
17
19
23
21
21
32
38
31
20
17
31
49
48
31
22
17
21
24
29
21
18
14
35
37
27
21
17
17
22
25
65
44
65
38
21
32
67
48
45
49
67
133
191
191
197
138
20
19
24
30
28
30
29
33
32
30
32
23
22
18
20
21
20
20
24
25
22
23
20
18
16
14
13
17
18
16
37
108
70
116
117
126
126
140
117
82
29
16
13
19
30
35
29
31
30
28
26
21
35
47
65
73
69
75
65
41
20
23
28
31
33
51
83
80
50
49
59
81
80
97
75
58
61
44
43
42
46
35
94
91
79
70
68
100
95
93
71
70
77
73
81
68
79
63
61
80
62
53
63
65
48
57
41
32
32
58
85
52
40
43
66
51
57
52
31
41
42
17
31
29
24
29
68
51
24
57
49
37
33
26
27
42
37
26
20
30
54
59
82
69
45
59
35
32
49
56
31
36
33
25
43
74
17
15
28
29
36
23
45
45
43
35
36
34
24
24
25
23
17
22
30
38
20
57
67
27
57
48
36
15
12
39
52
43
33
42
24
30
46
32
34
28
34
39
32
29
22
32
33
20
23
24
24
28
28
32
26
35
36
33
31
29
33
41
42
35
33
39
33
30
22
22
26
25
29
33
29
29
28
26
26
17
19
24
24
35
29
30
29
28
33
31
25
33
28
29
29
36
42
33
35
29
31
31
38
32
26
27
31
33
20
29
36
39
58
38
18
25
32
34
28
42
30
19
33
19
16
14
19
18
22
22
15
23
24
25
23
23
24
41
56
27
40
43
35
18
22
29
30
30
28
10
28
33
19
13
27
15
45
57
22
17
74
38
34
79
49
61
104
57
79
86
124
71
67
52
52
64
55
46
57
53
41
50
55
70
63
27
24
30
37
51
44
58
25
22
40
30
25
17
14
43
68
30
23
24
37
53
44
24
22
24
29
27
21
24
16
12
22
22
20
43
45
32
18
24
52
63
45
23
17
21
29
23
23
23
17
16
33
36
26
15
13
20
25
27
53
40
44
17
33
34
40
38
41
44
76
158
192
211
185
135
20
14
14
12
9
11
12
18
16
24
27
24
22
19
18
20
20
18
20
21
20
19
15
15
15
15
15
16
13
11
47
82
27
91
110
103
121
113
71
85
60
35
27
36
46
42
39
41
49
32
22
25
15
31
37
35
51
78
77
63
30
25
31
35
28
36
82
70
52
71
77
66
77
75
61
51
53
47
44
56
48
33
85
71
66
75
70
95
86
66
59
50
93
123
121
69
107
73
45
60
50
62
60
53
34
45
46
32
31
44
36
11
31
63
66
46
33
51
46
40
34
27
27
36
26
41
82
37
32
38
20
29
31
25
25
14
16
17
23
36
29
39
55
53
42
34
31
32
61
77
31
31
33
20
26
36
27
19
27
30
44
20
71
32
26
33
29
44
28
23
26
27
21
20
17
10
14
55
66
28
25
30
19
20
13
24
65
51
28
41
18
32
48
36
25
22
30
31
35
29
24
32
29
20
28
37
29
27
29
33
24
33
40
40
34
33
30
43
38
31
33
33
25
23
19
17
18
26
26
31
28
25
22
21
21
14
22
23
23
36
26
28
38
30
28
24
24
37
37
33
30
28
23
22
25
29
24
25
33
31
21
27
36
35
24
16
26
29
26
30
18
26
34
23
19
38
27
19
28
28
24
18
21
28
34
31
23
46
40
24
26
21
21
29
44
30
37
44
35
35
20
22
26
24
19
26
28
29
22
9
29
27
46
47
12
20
48
23
39
30
26
75
90
56
98
77
110
72
73
78
64
54
57
54
77
49
71
94
78
57
61
24
17
22
47
51
51
72
36
18
42
33
26
26
16
31
37
35
30
30
44
72
28
23
30
22
26
22
34
21
17
11
15
16
24
61
44
29
18
42
56
49
48
20
19
23
31
43
30
20
16
16
38
33
17
17
16
23
41
30
48
35
13
27
55
44
38
59
54
54
104
197
216
191
175
138
27
17
16
12
10
11
12
14
15
18
18
24
21
19
17
17
19
20
16
14
17
19
17
16
12
12
11
12
13
14
51
63
42
61
87
92
106
65
30
47
52
42
35
43
44
32
36
43
40
40
29
20
16
46
36
23
26
41
70
70
66
32
23
29
29
20
46
56
58
86
71
43
58
48
63
49
47
54
66
78
38
43
58
67
59
73
74
77
69
57
84
79
69
139
110
52
149
79
35
39
32
41
65
38
25
25
30
28
37
33
32
44
72
72
54
55
31
44
67
70
55
55
37
48
40
73
59
26
44
34
21
24
39
36
23
20
19
16
30
44
30
31
54
46
29
76
49
29
43
61
41
38
20
29
39
31
33
27
30
35
37
24
66
55
42
37
18
43
32
25
25
33
33
31
29
15
21
43
39
25
26
21
24
20
23
17
70
41
14
33
29
28
35
31
20
16
23
28
33
25
24
35
23
22
31
33
34
24
24
21
25
46
44
49
44
36
33
34
29
39
32
34
20
22
26
36
26
28
29
28
21
15
18
25
30
31
35
34
36
35
40
37
30
27
26
16
25
41
35
36
28
25
18
18
31
36
20
19
18
26
18
20
31
25
32
15
24
18
17
19
34
26
25
20
27
29
26
33
32
38
36
28
16
22
29
39
48
65
55
50
55
23
32
28
35
38
29
48
53
37
23
32
24
41
48
29
32
26
34
11
17
50
66
32
7
35
33
23
36
25
22
74
69
61
63
17
36
65
46
60
45
56
60
56
62
53
113
118
84
74
61
44
19
21
45
61
79
90
59
32
36
31
23
26
18
16
18
27
26
31
36
52
26
28
34
29
25
29
31
20
27
19
12
14
27
48
40
21
27
53
33
40
44
13
14
24
22
30
31
20
20
18
20
25
17
16
19
27
39
34
41
37
35
46
50
48
31
55
85
104
141
196
207
186
171
126
32
36
38
41
38
45
46
38
46
39
36
33
21
11
16
16
18
13
14
11
11
14
15
18
21
17
9
13
18
20
13
31
59
33
43
77
42
39
48
50
46
53
48
47
56
46
43
21
23
64
35
21
31
60
54
25
24
36
54
37
63
45
40
26
40
41
40
50
41
64
77
34
45
67
67
48
54
54
59
77
50
72
32
57
69
82
85
73
72
70
97
57
23
84
57
52
132
41
47
64
56
43
66
71
87
46
27
30
25
34
53
79
83
53
34
58
49
34
58
84
103
94
46
28
36
42
24
27
59
39
34
27
25
25
22
31
23
33
53
45
33
20
33
23
61
92
55
20
23
18
38
45
33
38
39
29
32
34
23
41
32
23
32
86
72
38
15
39
36
28
19
38
28
26
27
11
29
22
23
20
31
27
37
30
18
10
26
17
12
27
27
35
49
46
14
18
22
25
34
38
17
47
46
52
44
25
38
34
30
24
33
47
34
31
40
33
29
22
30
38
26
31
28
30
39
52
33
24
24
19
17
21
24
32
43
48
50
42
45
36
36
33
26
29
24
20
31
29
34
33
25
34
31
19
32
39
24
19
25
25
28
70
26
9
38
37
25
17
20
20
16
16
20
22
20
20
30
39
32
39
42
44
20
50
61
27
58
53
54
49
51
32
25
22
14
47
38
57
59
34
50
54
45
52
51
47
66
38
37
19
14
37
33
14
11
25
35
26
18
48
47
69
76
60
86
94
54
54
64
64
44
48
51
34
49
109
85
54
73
92
96
65
51
51
54
119
124
92
70
26
31
25
18
23
31
25
26
30
25
25
31
33
31
23
25
26
34
30
15
24
28
25
19
16
21
22
25
20
41
41
26
24
12
18
29
22
24
23
29
28
20
16
9
16
22
8
17
23
21
34
38
25
4
13
19
8
8
13
24
53
158
196
190
180
145
110
94
84
65
53
48
34
26
18
22
14
5
5
12
13
6
4
6
14
13
9
8
7
8
9
13
23
17
59
59
34
27
28
37
57
35
27
26
31
33
58
52
47
43
51
56
62
34
6
12
46
39
21
46
57
38
28
24
39
17
22
53
57
43
37
29
46
28
37
31
32
51
44
75
106
85
81
59
59
62
34
49
9
39
60
80
80
67
64
78
82
77
46
101
83
61
63
69
26
59
120
129
90
52
74
105
60
26
32
31
34
92
79
49
35
37
82
94
47
62
59
113
177
105
62
64
90
79
50
29
33
24
20
32
30
26
15
39
51
71
51
31
37
57
43
81
95
27
26
37
27
33
50
45
48
58
40
29
23
26
26
28
31
37
29
17
37
23
28
30
22
22
25
16
23
20
21
34
35
34
29
19
24
37
29
22
18
22
15
11
15
15
28
26
24
21
17
26
23
35
30
36
45
43
46
34
28
39
37
38
32
28
29
22
25
36
31
33
32
39
41
17
7
35
33
41
44
35
31
24
22
21
26
33
32
32
35
25
28
38
29
37
32
32
31
46
61
31
16
22
13
26
23
30
15
34
54
26
22
29
25
38
152
75
22
24
34
26
23
20
21
26
21
23
24
24
30
23
21
25
29
34
31
27
33
30
51
35
30
36
45
39
57
50
35
19
29
50
63
59
58
62
48
36
38
39
37
54
59
31
17
7
18
30
17
9
46
38
25
23
29
43
61
85
98
80
107
83
72
63
59
60
66
53
33
75
70
28
62
85
124
86
48
46
60
102
98
66
70
63
65
46
18
26
45
42
35
33
24
15
33
34
35
30
23
21
25
27
24
24
22
30
26
28
19
20
28
31
15
49
33
39
34
27
26
34
24
24
18
29
25
20
23
11
17
15
10
23
25
26
26
27
38
55
80
110
142
172
197
220
227
241
223
79
37
36
31
25
15
17
9
6
8
16
20
17
18
29
48
27
11
13
61
42
9
12
11
8
5
13
19
28
37
34
39
38
28
40
52
68
92
55
38
29
40
53
61
56
56
56
48
50
41
16
12
20
50
40
34
47
42
31
23
22
48
39
18
37
86
56
56
34
34
31
19
22
31
42
55
78
79
78
82
73
56
21
47
91
15
50
61
65
75
62
58
68
77
78
61
96
108
66
99
85
52
98
122
61
42
61
46
39
56
111
76
39
43
85
54
34
34
27
101
80
30
40
39
50
60
89
115
95
87
79
73
44
28
28
45
48
25
23
27
36
33
29
27
66
84
48
75
86
52
31
32
27
27
44
55
23
39
49
45
27
36
36
31
21
22
38
37
21
27
19
19
19
34
40
17
19
69
36
24
40
34
24
24
22
19
29
27
23
12
21
15
10
17
30
22
38
26
28
20
28
29
24
22
28
49
56
86
92
45
30
38
33
35
39
30
21
22
26
23
31
33
22
14
9
13
12
13
17
10
8
13
20
25
22
21
21
27
31
28
29
28
36
45
44
30
30
33
52
38
27
16
25
33
17
9
25
17
21
24
23
24
38
31
52
95
62
39
38
33
28
21
20
25
19
20
24
31
32
26
27
18
16
27
36
39
35
33
33
41
37
42
60
53
21
51
49
25
24
24
53
62
57
49
36
49
35
41
45
38
34
34
28
9
9
21
21
25
25
26
17
21
25
24
33
65
101
84
62
69
59
65
51
42
50
52
66
51
82
96
85
59
23
67
85
49
53
57
80
62
90
97
62
67
50
31
26
30
33
31
10
21
51
36
25
27
19
35
25
18
20
18
19
20
26
22
22
13
14
25
27
21
31
15
33
27
22
21
27
19
25
32
32
27
20
20
14
18
14
20
37
30
30
22
79
186
207
209
206
208
196
187
167
124
113
98
37
34
23
15
16
14
11
24
38
44
36
37
34
34
46
63
24
13
11
96
82
4
13
18
28
36
36
30
38
33
27
32
38
37
58
77
62
41
42
44
39
47
53
53
53
42
42
35
37
29
13
7
22
47
47
52
69
55
37
16
27
42
43
34
29
55
52
41
42
33
30
38
46
25
54
57
59
67
80
93
89
51
63
49
55
55
61
70
62
36
62
96
96
41
47
43
65
76
76
90
61
38
58
64
35
49
41
57
45
39
49
92
93
48
67
66
37
51
81
73
97
23
36
29
33
18
71
116
84
44
28
61
81
49
57
112
79
35
31
34
29
30
30
27
40
36
34
53
51
19
28
39
38
33
23
25
21
25
61
64
26
31
37
30
14
40
90
47
23
14
11
23
14
52
53
22
52
56
29
46
37
36
21
29
20
27
25
27
28
27
24
19
15
25
32
25
33
26
18
30
36
29
25
28
27
22
35
69
64
39
33
32
29
31
37
33
26
20
23
31
24
18
12
22
23
39
33
30
28
26
20
22
21
24
18
21
24
21
18
14
25
35
40
53
57
37
14
30
47
14
16
25
24
14
20
12
20
25
23
22
14
16
25
30
107
111
51
28
32
37
35
24
21
24
25
29
23
25
33
24
26
25
31
31
29
30
35
35
33
30
42
44
49
54
42
19
22
18
30
45
37
36
29
26
20
35
27
43
41
29
21
33
26
7
14
21
22
29
21
16
14
23
32
32
20
33
59
48
75
86
67
72
76
39
29
51
51
65
79
106
104
48
34
52
68
61
55
55
58
60
67
71
41
52
40
39
28
34
50
29
49
75
60
32
24
31
43
65
31
17
21
24
31
19
18
27
26
10
19
22
24
20
16
15
22
23
23
17
24
25
20
37
32
25
20
17
14
13
13
26
41
35
30
33
104
146
150
149
126
116
101
84
52
118
140
138
163
149
14
16
17
12
15
48
76
68
59
67
49
45
52
56
16
13
13
94
83
2
15
20
31
42
36
29
32
38
33
21
27
43
50
53
51
36
46
43
37
52
50
61
52
39
35
29
24
18
12
8
23
50
44
56
69
59
26
21
53
33
39
31
29
41
51
31
60
38
25
35
55
41
44
60
44
72
85
88
71
50
55
59
50
51
51
67
101
47
68
110
55
39
58
26
33
58
77
54
34
40
53
54
47
55
56
57
54
46
33
70
82
34
40
55
46
85
82
71
41
22
25
42
43
26
33
54
47
23
22
65
101
47
32
49
44
35
41
48
23
30
31
21
38
57
32
36
64
67
32
38
32
23
22
20
20
35
30
41
26
55
41
19
64
65
76
42
14
47
49
14
22
50
48
36
48
34
39
65
30
29
24
22
18
24
26
25
31
31
30
25
27
30
28
23
24
26
24
30
27
22
32
34
28
29
27
30
34
52
38
31
28
29
37
40
40
34
29
21
12
12
18
24
23
43
36
36
35
30
27
33
27
24
23
23
16
22
35
32
37
45
35
40
37
34
28
37
37
25
18
21
21
17
21
20
17
26
33
38
22
23
19
29
98
104
44
14
27
24
23
23
26
26
29
29
22
21
39
27
33
31
32
34
31
28
36
36
29
35
39
41
40
45
39
23
27
29
43
39
24
22
19
26
25
21
24
36
31
21
14
32
17
13
16
28
38
38
22
13
16
24
37
36
27
20
28
44
85
59
53
77
86
75
58
53
45
36
74
95
70
57
58
45
47
66
54
61
77
75
77
64
33
34
33
37
25
27
44
49
61
57
39
35
36
43
47
49
22
25
27
23
40
31
25
31
28
17
14
21
22
21
18
24
21
26
23
19
20
25
21
34
28
22
16
16
19
21
20
33
23
24
29
30
76
93
69
59
54
44
47
34
54
196
172
192
209
102
7
16
16
13
32
85
104
74
76
92
54
52
65
44
8
10
19
102
72
3
17
17
24
35
29
21
27
30
30
30
48
40
36
50
39
23
34
53
49
60
51
61
52
41
32
21
18
12
9
8
33
58
43
48
46
33
12
30
77
42
48
53
52
42
42
43
55
47
40
24
46
39
41
69
53
56
78
92
77
53
65
58
43
65
51
51
79
47
56
66
43
62
43
27
34
33
53
38
62
66
71
54
55
73
96
54
43
44
57
50
46
29
17
23
75
83
51
43
23
20
22
39
38
23
29
32
26
26
24
61
69
36
18
36
38
38
51
48
24
34
39
40
48
49
25
32
62
66
17
38
49
36
31
31
26
42
51
60
67
94
92
67
107
54
32
26
13
71
124
31
44
51
43
33
29
38
47
70
42
23
25
21
19
23
25
27
28
24
30
29
32
29
22
27
24
23
23
25
30
23
28
32
33
42
30
22
20
39
28
29
34
30
40
42
35
21
16
19
21
21
24
25
29
34
31
36
36
27
31
32
32
25
25
26
20
20
38
33
43
56
41
38
40
33
26
26
26
29
24
18
18
23
20
18
18
24
28
32
28
31
25
28
61
65
38
23
21
16
20
24
33
34
30
22
21
28
40
24
32
29
28
30
27
37
45
29
23
31
37
39
44
40
28
38
42
37
48
28
21
27
37
31
31
26
28
28
33
19
22
32
15
14
23
39
43
31
13
9
14
28
38
39
35
25
30
47
70
46
40
54
71
65
71
57
45
31
64
58
40
48
53
28
30
47
43
81
88
70
59
45
34
29
33
34
27
29
32
49
45
35
31
35
63
50
40
39
21
27
24
19
37
37
30
30
30
25
17
22
23
29
20
27
23
21
25
29
17
20
38
42
31
21
14
16
17
24
34
38
13
21
30
21
34
40
38
37
40
57
48
28
122
216
192
216
180
25
14
15
12
25
74
115
103
81
98
96
58
65
69
29
13
12
30
86
39
9
14
14
19
32
40
26
28
20
23
36
56
42
31
37
30
21
27
48
56
62
54
51
42
49
39
18
14
12
8
8
39
54
43
37
24
16
8
46
77
53
51
66
58
37
35
34
50
62
63
37
39
36
52
70
66
53
76
86
79
61
76
56
50
82
63
49
64
57
50
47
44
67
39
37
40
49
62
42
67
53
74
71
71
90
96
56
36
43
97
46
37
32
11
19
63
47
29
22
23
17
24
30
26
21
28
34
27
36
36
61
45
34
32
35
35
44
55
44
49
62
43
53
56
40
34
36
46
39
33
73
84
65
28
28
44
81
90
81
112
111
108
84
75
89
41
27
30
41
93
45
40
40
43
24
30
39
41
54
45
29
26
20
22
27
29
25
27
25
22
24
31
33
30
26
25
24
21
31
36
26
28
31
32
42
31
26
22
24
24
26
31
30
43
33
20
21
20
20
33
27
19
21
29
21
25
34
33
30
27
27
28
23
26
29
33
21
31
27
38
47
35
37
40
28
22
21
22
27
24
20
23
23
18
24
24
24
25
25
29
35
26
26
36
34
29
26
17
26
30
29
31
39
33
26
33
41
39
20
24
28
28
29
23
31
37
24
24
27
32
37
38
36
25
36
41
38
40
39
30
30
43
31
30
40
39
30
33
25
30
26
16
11
20
42
30
21
15
8
8
27
33
37
32
30
31
32
43
37
40
46
62
39
58
58
48
49
54
33
29
33
34
26
32
30
32
81
64
59
37
30
42
32
29
29
26
30
33
41
39
41
31
33
66
37
34
35
23
24
26
28
33
33
29
27
29
26
24
19
23
34
21
23
21
18
27
30
16
23
45
46
40
18
14
14
12
13
43
34
13
21
40
17
20
18
38
42
48
78
52
45
164
200
216
217
112
10
18
14
14
60
121
124
92
94
119
84
72
86
74
20
18
13
46
66
14
11
11
13
17
24
45
38
46
39
30
34
46
43
40
26
29
30
30
40
47
58
51
38
33
54
46
21
12
12
8
11
35
38
33
26
18
13
15
57
62
54
51
56
43
44
51
35
55
71
70
61
51
43
59
67
68
62
80
77
68
62
69
68
63
66
61
68
68
65
59
47
37
52
72
51
50
78
67
49
44
36
66
55
90
85
72
59
43
54
115
41
41
37
21
27
35
28
27
17
23
21
25
25
23
21
24
40
44
43
58
71
38
37
43
22
26
41
53
36
52
66
36
40
43
42
48
40
39
27
59
98
98
85
27
39
79
103
104
94
123
94
92
66
49
111
57
32
36
16
33
54
39
24
36
29
40
36
38
44
39
35
24
20
30
33
33
25
27
34
30
17
28
37
40
24
25
26
23
43
44
33
49
46
35
31
31
29
24
20
23
25
25
27
41
28
25
40
32
24
27
24
18
17
17
13
19
30
37
31
24
25
20
20
25
23
31
25
30
30
35
27
23
27
23
26
28
27
25
24
22
25
29
18
14
29
36
36
39
28
30
32
23
29
25
22
19
15
20
33
36
32
27
34
33
43
51
48
41
20
21
26
27
33
28
18
16
20
27
35
27
35
26
30
24
29
32
36
35
52
34
26
29
30
37
48
47
46
29
28
24
20
29
6
12
34
21
22
35
24
5
24
29
31
26
27
22
15
20
19
50
66
57
38
44
51
51
58
46
38
27
36
27
37
46
32
27
50
39
56
46
43
45
35
26
25
22
27
33
38
39
42
28
38
41
20
28
23
21
20
30
36
27
28
27
25
27
24
25
16
21
33
28
18
18
21
26
21
25
38
33
36
37
19
13
14
14
12
48
34
19
23
42
19
39
34
33
30
49
60
43
90
182
209
221
176
41
19
12
14
35
104
142
117
92
110
123
79
80
69
60
19
12
14
60
59
12
9
10
13
14
12
36
47
62
60
41
37
44
36
43
33
32
35
30
30
30
43
43
31
31
47
45
27
14
13
7
16
27
25
22
22
19
12
23
52
49
48
50
41
34
59
74
60
58
63
66
73
67
53
51
61
64
61
68
66
59
57
67
68
66
48
49
87
71
57
56
37
34
45
95
66
72
76
58
67
33
46
58
17
81
66
54
50
42
55
80
35
37
36
30
27
32
31
30
19
26
33
28
23
25
19
23
45
56
49
65
73
33
32
33
18
31
38
46
31
27
35
28
26
32
40
46
42
38
27
47
87
94
81
55
84
100
94
104
110
102
54
66
48
60
69
37
28
26
23
23
51
47
21
34
49
47
44
49
43
33
31
29
48
43
40
36
31
29
39
43
19
25
31
39
25
23
21
27
42
45
45
64
55
42
26
33
31
22
22
19
21
21
24
35
29
33
38
26
26
17
20
22
19
9
12
19
31
42
28
27
27
20
22
26
18
23
31
32
38
39
22
21
19
11
27
38
36
30
26
23
26
27
17
14
25
36
40
45
34
31
24
23
29
21
15
12
17
26
28
30
27
27
27
27
47
51
47
40
20
22
19
26
28
30
23
15
13
23
36
24
33
26
22
27
34
32
30
41
33
20
29
30
29
42
41
40
55
36
18
19
29
53
3
15
23
23
25
48
43
16
30
32
31
23
22
24
17
8
24
63
64
34
34
35
44
48
55
36
44
33
39
27
30
50
38
25
37
52
56
57
56
35
36
31
28
24
35
28
25
26
30
37
41
30
21
23
27
23
16
21
25
18
26
25
27
28
25
24
21
23
31
35
14
18
23
26
20
44
46
30
36
21
19
15
15
17
28
55
50
33
32
23
28
52
34
19
24
48
44
47
142
211
214
187
94
12
18
12
16
76
132
135
105
100
123
105
91
62
28
20
17
9
21
70
42
9
9
7
11
12
13
34
49
50
47
52
47
49
36
31
36
34
37
31
18
22
28
39
37
37
40
38
29
17
14
9
18
20
21
22
22
20
14
34
43
37
44
50
43
38
49
71
70
57
52
68
71
66
63
45
49
57
53
43
45
53
61
81
48
84
68
54
80
70
48
38
32
44
52
67
70
79
58
70
85
35
44
47
27
45
54
41
39
29
36
31
41
37
28
27
39
32
25
29
32
26
35
30
30
27
26
22
44
55
54
46
50
38
31
26
26
45
51
44
32
23
28
28
33
52
44
35
47
31
24
21
74
89
73
94
114
91
107
114
120
84
14
33
33
43
34
23
28
27
25
18
23
32
24
50
81
69
66
58
44
31
27
56
101
57
44
42
36
33
38
40
28
23
25
35
22
19
22
35
36
34
52
50
39
39
32
32
23
22
28
20
19
22
25
28
25
18
15
15
21
22
25
24
24
15
16
26
33
32
27
28
28
26
30
33
32
32
35
29
36
35
34
23
21
17
26
47
47
32
34
32
31
32
31
22
26
24
22
27
37
33
19
19
17
23
13
14
20
20
24
26
18
21
27
30
41
43
44
29
24
25
22
28
24
25
21
21
24
27
18
20
21
18
16
34
36
35
34
29
3
15
34
34
28
12
17
29
35
49
27
28
35
27
4
11
17
12
21
54
37
38
37
28
28
25
20
28
20
22
33
47
27
15
28
38
60
44
46
24
37
35
28
14
18
53
37
47
87
76
76
63
49
39
27
18
32
24
24
41
29
35
36
49
29
25
21
23
30
24
14
18
25
30
25
22
19
24
28
31
30
30
31
27
24
25
41
33
22
39
31
35
47
21
10
14
14
13
28
51
49
36
23
17
46
42
27
21
46
44
40
64
164
212
194
140
36
14
14
14
35
118
142
119
87
111
128
93
101
52
94
53
16
8
20
73
28
7
7
14
12
11
14
27
46
36
52
102
56
42
39
30
26
30
37
41
39
39
41
41
45
59
48
34
25
18
17
15
16
12
16
13
17
21
24
62
51
31
46
65
56
45
47
55
61
68
60
59
65
68
70
54
54
40
43
48
44
50
69
80
73
125
69
78
40
43
60
58
15
43
52
50
49
59
51
50
43
39
33
37
53
37
37
57
60
34
42
48
39
43
26
32
44
17
39
43
52
28
23
22
38
41
37
35
46
58
40
26
22
43
47
35
33
46
61
64
16
25
39
44
35
68
65
30
49
44
26
29
65
54
87
81
88
101
110
104
123
89
35
52
40
31
32
37
38
32
35
31
15
21
23
40
107
104
90
53
83
44
40
90
110
61
42
43
36
34
43
47
30
23
33
36
30
27
45
54
46
32
44
43
45
29
27
19
15
15
27
34
33
42
24
26
28
22
32
33
22
23
49
51
41
21
27
22
20
20
25
26
19
24
31
36
44
34
33
25
22
20
27
20
21
22
33
51
49
34
46
50
50
72
62
25
41
47
30
28
36
33
20
19
19
23
14
23
17
11
17
18
18
21
24
29
43
34
23
25
25
29
28
26
31
30
22
22
23
10
15
26
23
22
14
28
28
26
25
9
13
19
20
25
32
32
28
28
16
40
49
27
16
35
3
11
16
8
9
30
40
67
63
30
26
28
29
38
28
7
24
27
15
18
43
54
61
63
63
25
29
38
20
15
8
24
43
96
103
90
67
43
30
35
10
13
28
19
14
53
39
45
33
46
30
28
24
25
32
21
20
23
24
33
18
26
21
30
33
31
35
33
23
23
43
33
32
18
34
33
17
25
21
44
60
27
6
9
21
45
55
33
14
29
49
26
19
13
30
15
23
82
198
208
172
78
14
14
16
14
59
127
141
92
98
133
119
105
66
86
112
71
10
9
19
65
22
9
15
20
23
26
28
34
34
33
49
72
66
36
27
26
22
16
21
22
24
28
21
27
60
96
52
25
29
23
16
12
16
25
42
41
26
9
44
62
38
56
75
48
70
76
76
42
46
74
60
55
77
76
61
94
106
77
57
53
56
51
69
89
82
105
65
75
64
46
74
73
31
31
57
58
68
116
78
35
13
62
49
18
29
35
28
48
47
33
45
46
43
36
33
45
25
29
45
30
35
33
32
42
20
32
39
48
66
57
37
29
42
51
41
24
15
56
65
46
17
21
46
53
61
74
89
40
33
55
71
7
80
34
56
83
75
56
54
43
80
94
93
79
49
27
29
49
46
38
71
77
33
31
18
10
36
108
110
76
53
56
55
65
83
36
66
49
43
45
53
33
32
29
38
38
52
49
41
52
53
29
61
40
26
28
21
13
20
25
25
20
26
36
28
23
28
36
24
39
23
26
37
57
48
51
29
23
18
17
35
26
22
25
36
33
43
45
39
17
17
17
13
24
38
21
16
26
48
48
48
45
38
58
87
45
29
31
39
44
35
13
12
18
28
16
7
14
19
31
20
11
13
25
40
36
44
32
28
18
37
22
26
24
32
36
11
43
27
8
20
27
27
22
28
27
32
27
26
31
25
23
9
27
43
35
26
35
8
16
36
46
31
23
16
17
19
16
37
39
36
38
39
28
35
28
33
39
45
43
45
63
42
73
42
39
56
71
72
49
40
41
15
19
14
48
64
81
75
73
52
48
36
29
28
36
32
22
22
29
26
36
40
56
40
28
29
27
23
23
16
28
24
4
22
27
31
30
31
31
54
33
18
47
33
14
11
22
20
43
17
23
62
82
100
61
46
17
9
51
48
27
21
40
30
37
46
38
17
21
34
80
123
207
154
33
14
13
18
20
97
139
128
81
105
131
104
104
32
109
97
69
11
11
16
24
13
12
9
17
21
26
20
29
27
32
34
27
28
26
23
21
16
17
10
11
9
11
15
38
69
90
50
32
33
20
15
16
28
33
35
31
33
20
59
67
66
75
50
35
60
53
75
61
22
55
62
59
80
60
74
54
78
94
44
37
50
64
51
65
97
73
76
72
95
64
49
55
53
84
83
53
109
81
54
33
20
67
67
34
41
39
30
33
33
39
61
41
21
18
27
37
38
33
31
20
33
66
31
38
30
10
21
45
74
43
38
33
75
28
39
41
19
22
38
26
21
18
38
35
101
109
101
55
36
35
47
10
93
70
65
109
58
31
33
36
42
57
112
91
59
31
20
47
58
57
93
70
25
22
34
67
67
114
91
57
47
54
42
43
83
56
65
67
60
39
51
36
22
11
21
46
32
26
25
47
22
44
49
32
29
24
28
25
23
32
34
25
17
20
29
18
48
47
37
35
55
35
23
24
43
75
25
15
18
15
9
29
27
31
39
33
44
34
25
12
21
18
22
22
35
25
17
15
14
12
10
27
35
58
79
64
47
46
29
26
31
26
22
20
15
22
7
17
27
39
15
24
21
21
26
23
22
25
28
19
25
17
26
19
16
44
46
59
35
15
19
20
22
23
24
19
21
20
28
34
41
45
23
15
31
29
28
36
32
15
34
39
42
25
17
21
18
21
30
33
17
28
34
29
31
25
32
34
37
43
22
31
36
47
13
30
59
65
61
57
48
32
50
78
46
46
56
58
63
59
47
32
61
48
60
45
50
43
37
22
27
40
42
33
38
38
28
12
12
17
15
24
21
26
25
26
30
28
25
28
44
44
48
67
28
35
38
29
18
46
29
42
55
57
56
66
43
45
24
41
38
20
26
38
30
41
53
40
25
20
45
87
39
95
99
12
15
16
15
43
127
138
101
91
116
124
97
77
36
110
85
44
10
16
11
9
12
8
18
20
17
23
25
33
30
28
23
23
24
18
15
15
13
11
10
7
10
12
34
44
60
80
59
36
27
18
27
27
25
18
20
23
8
21
57
77
75
50
52
69
66
75
114
71
64
74
65
43
38
53
60
57
69
60
46
67
65
83
46
73
92
51
29
52
70
70
53
64
60
54
49
73
78
56
53
44
60
74
78
45
72
67
88
52
38
39
75
54
30
33
36
40
40
50
33
22
42
42
30
25
25
47
55
75
80
30
36
19
67
35
44
36
26
21
22
25
21
39
50
52
96
81
63
91
62
67
73
62
101
102
96
129
86
48
48
43
38
46
71
53
68
104
38
19
61
76
56
21
34
25
28
51
83
74
49
48
81
53
63
70
78
81
74
89
68
24
29
30
20
11
21
53
34
38
36
38
73
72
17
11
22
26
26
25
26
29
45
26
33
53
37
25
51
31
43
40
24
37
38
24
28
55
31
18
22
24
24
25
28
23
25
17
25
30
27
16
12
17
27
26
24
15
13
16
21
20
26
29
47
60
103
83
49
41
18
26
31
38
38
30
14
29
8
29
33
42
25
31
25
11
58
44
18
22
22
24
16
20
29
25
32
51
52
46
45
21
23
21
26
24
21
25
21
23
34
24
33
39
33
25
34
23
23
24
28
28
26
22
28
25
10
22
33
37
17
10
12
25
40
20
10
16
33
32
22
18
17
31
31
21
35
53
46
37
52
68
49
42
71
68
67
54
20
52
52
52
45
34
50
52
43
57
66
48
27
27
24
40
29
28
33
47
45
35
11
21
24
25
35
31
16
29
29
26
20
20
34
57
65
43
54
69
55
46
24
35
37
39
21
39
36
28
20
27
23
30
26
20
32
42
27
32
33
36
27
26
41
49
34
30
29
19
11
19
8
80
138
120
93
98
122
115
91
65
71
98
73
24
13
19
24
14
12
20
25
20
23
28
28
30
28
28
24
20
16
14
14
11
15
10
8
8
10
26
39
52
52
70
55
31
21
24
30
23
20
20
17
26
112
46
43
60
52
51
80
66
56
73
87
41
61
53
50
59
50
76
66
81
91
45
52
61
31
59
69
65
74
52
49
63
65
65
70
89
78
36
45
71
73
51
49
54
66
51
45
51
89
70
65
40
38
48
80
30
35
36
52
47
50
47
21
20
17
18
22
24
23
37
47
109
72
32
43
16
21
30
33
26
28
27
28
39
25
27
65
74
87
80
60
77
64
95
103
106
103
74
90
114
80
51
55
31
36
36
37
42
43
75
72
42
47
74
40
27
56
30
20
36
65
60
62
81
85
81
83
106
89
83
70
65
50
28
33
23
19
13
24
27
49
52
51
48
59
37
25
26
33
28
26
32
38
39
45
30
35
51
30
45
49
47
57
41
28
27
36
25
23
27
36
37
32
28
18
26
23
21
24
18
21
24
17
15
16
16
23
25
24
21
17
19
25
36
35
32
38
44
60
65
55
57
34
30
29
32
40
30
29
23
16
44
39
35
30
35
34
29
78
81
43
29
18
24
24
25
37
34
30
46
57
43
34
19
16
25
24
20
22
22
22
22
27
29
26
27
32
34
31
29
23
20
23
38
38
19
23
18
13
27
31
36
37
30
40
31
39
57
77
38
20
31
21
9
17
27
29
34
41
33
45
51
63
56
55
42
68
42
58
53
42
57
52
57
42
36
40
56
41
54
53
36
24
45
31
36
26
27
32
45
56
52
40
38
31
34
57
18
20
33
33
25
18
19
32
50
42
38
44
50
44
40
20
52
50
38
32
59
14
22
38
36
17
27
38
24
31
28
24
25
32
39
53
56
43
24
26
20
33
79
39
15
15
107
131
102
90
114
123
95
88
83
88
86
62
20
10
19
40
28
19
20
19
13
19
23
23
22
21
20
18
13
10
12
12
12
11
11
10
14
24
37
43
49
52
59
40
24
21
26
23
22
22
20
19
15
142
163
55
51
50
68
76
38
71
90
68
49
71
46
62
79
89
91
63
104
116
43
84
89
59
104
66
60
56
60
93
92
64
61
81
77
70
58
64
73
98
65
56
83
73
46
50
48
69
60
28
48
81
92
85
36
29
27
37
46
40
17
20
24
17
22
22
29
28
25
31
61
49
52
41
17
22
32
43
27
29
32
29
36
48
46
55
76
56
46
60
44
67
105
120
93
114
77
92
60
40
52
45
25
33
47
40
35
21
23
39
34
36
80
72
62
54
23
24
42
50
58
66
64
70
92
104
93
75
75
87
48
33
27
28
21
21
16
21
29
40
50
60
47
29
31
34
34
31
27
35
42
39
46
82
28
56
55
61
57
41
67
69
27
40
29
28
33
29
21
35
35
30
29
21
26
26
20
22
22
24
27
21
19
20
23
23
15
22
17
20
18
24
36
31
28
29
35
45
58
58
45
35
28
26
27
34
31
43
25
16
39
31
28
37
30
49
65
87
76
43
43
33
19
24
13
22
24
23
47
39
29
19
9
11
20
21
18
27
20
23
22
25
44
12
17
25
29
30
32
35
21
18
34
34
14
24
11
14
13
15
20
32
49
46
80
95
111
100
88
39
27
39
26
27
25
39
46
30
27
48
59
50
37
48
46
67
47
43
52
58
49
43
47
42
40
49
43
38
43
34
30
34
46
39
44
38
32
47
49
50
55
57
39
22
33
59
25
27
32
34
32
24
28
32
36
36
39
30
32
31
28
59
58
36
27
42
58
6
20
46
37
17
31
43
23
21
19
26
24
30
35
47
59
35
12
22
15
58
107
84
54
49
123
118
91
94
121
113
85
92
98
93
85
55
22
11
17
38
45
30
18
14
11
16
17
18
17
21
16
16
14
13
13
10
10
8
9
12
22
35
43
40
43
51
48
34
25
23
27
26
21
18
19
16
42
166
216
136
67
43
48
55
38
72
78
56
58
75
42
61
80
118
93
45
70
94
42
81
125
90
91
61
64
63
79
106
113
78
72
76
83
71
79
70
80
101
73
50
74
104
47
57
54
58
59
39
50
72
92
71
48
34
25
30
39
40
24
23
24
23
25
25
29
26
23
33
30
42
47
25
19
24
30
42
33
27
29
27
29
55
70
47
68
58
46
67
42
93
121
110
94
104
79
76
52
65
51
25
25
38
41
40
30
15
9
27
39
78
102
84
77
63
30
39
56
54
64
72
59
75
99
93
71
61
69
82
47
27
28
26
24
23
16
32
52
46
54
56
34
17
20
40
33
26
27
47
38
35
38
104
33
59
46
81
52
31
45
47
23
36
36
32
34
28
23
28
29
24
26
27
25
28
23
26
27
22
27
24
21
21
24
23
16
18
17
22
20
20
36
29
24
31
27
48
69
54
32
29
30
31
28
35
42
36
26
7
23
29
40
47
32
70
84
86
35
30
57
63
30
26
49
48
22
14
36
17
23
20
15
18
22
26
20
31
20
25
27
32
50
15
20
21
24
26
30
45
29
17
24
28
19
24
12
20
57
56
45
64
102
37
121
129
109
78
99
63
25
39
40
42
29
30
35
19
24
34
45
64
49
53
59
67
56
46
46
49
48
34
36
48
41
37
26
37
29
25
32
38
37
39
50
39
32
45
49
36
40
45
26
18
27
39
34
41
42
35
35
29
44
30
31
46
51
30
31
34
36
66
49
33
18
32
43
13
17
28
20
21
31
32
23
19
22
28
29
30
32
31
38
28
6
15
7
70
98
103
94
85
115
105
88
105
119
98
85
99
96
73
73
54
23
20
22
24
52
47
27
11
7
16
14
16
15
21
18
18
17
15
12
8
9
8
10
16
30
39
43
40
40
44
37
34
23
25
33
33
18
13
22
16
51
192
210
201
93
37
27
39
53
75
63
53
51
69
42
50
83
107
79
49
44
69
77
69
95
61
70
64
62
75
81
75
106
95
84
53
103
78
61
64
82
92
66
50
55
96
45
61
70
53
56
56
54
48
53
46
39
38
27
31
33
46
32
28
21
24
17
19
25
30
29
32
24
38
29
23
46
32
19
24
24
19
19
23
31
61
74
47
56
82
77
78
71
111
106
99
94
70
61
64
77
91
43
33
30
40
34
49
31
23
28
32
51
106
91
90
85
76
64
56
62
49
64
76
67
85
87
88
80
68
70
68
54
29
31
29
28
25
16
38
57
55
55
37
22
25
32
48
34
29
26
61
39
35
37
73
37
46
53
58
43
28
25
33
45
33
31
32
29
24
26
27
25
21
20
20
19
25
21
23
27
22
26
21
20
21
21
21
22
23
17
26
38
34
35
35
27
31
24
44
65
44
37
26
32
40
31
34
38
24
28
13
22
39
50
48
39
73
82
73
19
28
59
83
43
43
103
93
31
6
26
17
28
28
30
23
28
27
21
30
18
23
26
34
40
31
32
21
26
22
26
33
33
30
26
37
51
45
45
35
116
138
130
152
168
61
101
101
86
83
87
71
43
47
36
47
31
17
35
30
22
22
34
90
69
72
62
56
51
59
37
35
52
33
33
43
36
23
36
43
23
25
30
28
32
41
48
32
23
31
49
36
32
25
28
32
28
22
27
47
50
37
31
33
52
25
35
42
51
32
33
43
50
27
54
54
20
16
31
33
17
13
10
23
25
25
28
24
23
27
32
36
35
40
25
49
35
18
7
58
90
98
100
100
92
100
88
115
111
85
90
104
86
47
54
52
18
25
27
12
39
49
36
17
8
14
10
13
11
16
20
22
19
13
12
10
11
11
15
25
38
39
39
43
36
34
32
43
27
22
32
32
22
19
27
24
27
137
207
214
113
42
40
30
42
68
54
43
52
62
45
43
79
74
83
78
56
64
98
75
38
42
109
65
64
76
93
62
92
93
83
43
93
75
44
65
76
98
62
70
62
61
62
62
58
47
46
51
56
52
34
30
26
33
23
26
34
52
22
34
18
24
10
14
27
35
29
20
22
33
26
30
61
48
27
22
19
15
17
20
27
51
54
44
44
68
95
86
96
100
73
109
89
61
47
80
87
63
64
67
35
34
38
56
34
34
44
31
43
80
54
78
86
68
82
65
67
53
69
74
71
82
68
92
92
80
67
64
61
33
30
28
27
24
19
34
49
45
39
17
13
53
67
61
73
43
27
65
50
35
51
40
37
44
64
27
33
30
33
37
63
39
20
24
28
25
26
28
21
22
18
15
22
25
19
21
24
23
26
22
18
21
27
19
25
35
31
38
56
55
36
38
34
30
32
37
41
40
50
27
27
44
31
27
27
22
39
33
35
42
34
35
41
51
68
53
43
25
40
70
42
60
86
75
39
21
37
35
27
29
28
17
19
17
21
26
17
17
19
28
24
28
35
22
26
18
26
29
47
58
39
45
97
68
86
46
80
158
174
181
159
101
67
89
109
109
109
87
78
85
33
42
33
40
60
59
45
36
37
66
53
72
55
47
49
55
34
28
45
33
23
25
35
47
60
44
31
31
24
19
34
53
54
38
16
34
52
42
44
14
47
42
40
36
34
40
42
35
26
37
37
26
39
28
24
35
31
37
44
24
67
53
24
11
22
61
14
16
15
20
18
31
33
25
24
28
31
35
32
48
39
90
93
42
15
33
85
93
97
98
85
100
89
115
95
78
98
105
83
60
62
41
10
20
22
11
22
24
33
30
22
16
8
16
14
15
22
27
22
18
16
14
11
15
22
36
42
36
35
36
32
28
36
58
35
13
18
25
31
35
34
31
26
21
179
220
141
50
58
23
17
27
36
30
64
54
38
33
54
78
118
80
64
51
55
69
43
89
127
52
76
70
115
91
81
73
80
70
74
67
77
75
75
89
66
81
67
62
80
50
28
51
41
42
46
52
41
28
29
32
22
23
36
50
31
33
15
22
10
21
33
25
18
17
31
38
32
25
29
49
54
50
45
29
28
23
15
13
27
33
29
19
71
66
74
64
56
97
87
83
45
82
68
34
92
73
31
28
39
37
29
32
37
52
29
49
49
25
55
53
63
59
65
80
82
70
72
71
71
74
72
63
43
56
56
32
27
25
24
21
18
47
64
28
20
16
16
82
82
88
130
70
60
63
56
43
80
47
44
53
46
34
30
38
36
32
45
38
20
22
29
24
27
24
19
24
21
28
38
32
30
30
26
21
24
30
19
16
37
19
24
36
55
47
45
54
45
33
35
38
39
35
27
42
50
28
28
49
28
24
31
20
35
25
28
32
22
33
53
59
40
36
35
19
22
30
66
63
46
59
64
67
31
53
33
34
20
18
9
15
26
20
21
19
23
28
20
20
24
18
17
13
48
94
110
90
34
51
116
29
49
38
41
107
81
79
96
84
97
110
107
104
108
104
94
67
42
60
64
62
57
51
60
53
43
52
35
61
70
54
48
35
23
31
52
35
14
31
42
56
48
48
46
32
20
29
37
55
68
43
19
33
25
28
26
15
43
39
55
76
72
73
64
39
26
24
23
38
47
28
33
66
43
25
30
44
41
21
24
12
47
74
15
20
16
15
22
43
40
22
46
38
64
42
32
53
88
98
87
41
33
35
65
68
95
88
91
95
96
110
78
84
102
97
88
94
88
37
11
19
27
27
22
18
37
30
29
22
25
42
30
17
24
27
24
22
20
14
9
16
35
40
36
35
32
26
33
30
37
49
30
11
13
16
38
55
41
29
32
14
95
181
190
62
50
28
32
27
51
62
54
44
37
39
46
117
94
48
80
46
48
58
59
74
47
33
62
61
54
76
41
55
86
92
104
66
113
80
82
34
50
55
51
56
28
45
56
56
37
27
52
40
35
39
35
37
28
21
21
19
41
19
15
23
22
29
26
18
19
26
33
28
24
28
25
49
45
62
60
40
30
28
33
32
30
26
14
14
7
12
11
10
17
21
27
44
30
24
25
23
14
21
20
20
35
31
23
19
17
70
38
39
56
19
18
64
63
54
39
63
67
65
58
61
84
75
76
37
30
72
43
27
26
28
20
18
12
74
83
16
13
39
59
72
103
115
104
112
128
93
74
79
136
42
69
53
52
60
55
57
29
31
20
29
22
22
20
24
33
31
16
22
27
32
43
33
30
29
31
29
24
28
23
13
27
19
19
19
34
21
18
36
43
36
32
38
29
29
28
29
28
25
40
61
27
22
27
19
25
25
24
17
8
18
62
51
42
18
17
38
26
6
36
88
50
70
60
66
28
33
18
25
17
21
19
13
21
18
23
24
10
8
15
19
15
17
20
83
97
109
153
107
41
68
87
27
27
23
132
110
25
19
30
62
58
74
101
93
99
96
111
89
56
90
123
57
51
51
60
70
69
31
20
55
69
36
34
37
18
33
51
53
28
28
36
46
58
54
58
37
60
63
37
53
49
39
28
13
14
12
19
14
24
41
53
66
50
111
99
52
84
51
29
49
56
45
59
102
107
74
27
42
33
19
21
6
95
92
11
27
18
28
36
54
37
28
82
69
144
125
112
202
98
76
70
23
41
31
29
40
71
81
73
81
107
98
73
98
109
83
84
77
68
26
15
31
52
40
20
20
35
50
27
16
40
72
47
14
24
25
23
22
18
15
14
31
37
35
36
34
33
29
25
32
39
50
116
29
20
20
34
42
31
29
27
35
29
38
176
86
32
39
29
49
46
42
61
63
72
47
40
47
32
56
93
37
55
52
46
25
14
79
97
107
87
56
40
81
83
58
68
64
79
85
91
47
62
57
48
71
33
32
37
51
30
20
55
43
36
37
42
27
16
23
38
39
30
18
19
29
38
29
26
33
26
26
22
28
35
31
28
22
33
28
15
17
28
44
90
92
66
105
77
62
40
76
72
45
14
43
14
3
10
5
12
15
18
16
13
7
9
21
45
52
10
42
62
22
24
45
51
85
67
97
92
89
115
115
99
101
131
130
150
141
152
162
130
55
24
22
21
20
14
43
55
15
20
70
117
55
144
117
96
100
100
121
98
114
123
85
105
94
83
75
51
45
37
29
26
25
27
26
22
23
21
52
39
23
15
32
23
63
31
31
21
24
36
33
27
25
25
25
28
34
27
16
27
38
29
28
33
38
32
34
27
32
29
19
14
52
31
18
23
24
26
15
12
14
49
36
10
32
28
56
94
53
29
20
46
38
41
41
77
57
10
10
14
15
21
19
13
13
16
12
29
48
41
10
26
19
1
20
42
106
110
82
69
170
167
76
31
31
87
179
113
46
31
23
38
26
32
34
73
78
98
96
108
91
36
48
84
69
51
51
63
60
58
59
45
90
77
46
51
32
34
45
42
40
31
34
46
51
52
58
57
98
138
69
23
52
34
41
48
16
14
16
25
33
37
30
46
51
33
36
42
84
126
67
48
40
30
52
91
12
77
93
59
41
35
20
22
6
112
121
13
23
17
31
29
46
38
98
104
88
120
120
140
103
39
55
17
47
119
121
76
39
36
44
59
59
52
75
84
100
85
79
81
76
58
13
15
30
22
36
36
33
37
38
34
20
37
52
69
15
20
30
21
23
20
14
26
37
41
33
33
30
27
23
33
37
31
54
96
32
29
43
35
21
24
18
22
23
44
20
108
123
17
43
20
34
41
44
62
65
66
54
23
19
41
74
101
61
85
59
25
27
45
48
66
83
60
64
69
67
69
63
92
63
23
49
56
83
39
42
47
30
41
28
32
47
38
39
60
58
72
72
38
17
23
36
42
35
36
22
22
29
19
49
45
26
24
17
22
27
23
21
37
56
78
62
31
48
81
83
83
70
81
64
39
31
64
80
54
49
36
58
40
26
20
7
20
24
27
18
38
112
129
23
25
39
24
32
41
63
79
97
70
105
100
184
200
204
186
163
174
131
148
163
134
135
147
119
123
57
31
28
20
26
20
13
16
11
88
147
147
96
147
140
156
135
147
142
80
29
12
6
7
18
9
7
19
27
28
24
22
26
33
20
17
20
20
24
21
20
23
27
37
40
82
41
4
20
44
37
36
22
24
37
34
30
27
47
59
38
24
31
34
35
30
33
29
36
44
41
11
36
32
21
25
32
30
7
13
40
74
52
48
43
58
60
51
55
80
81
62
38
32
34
51
25
14
44
48
16
12
18
8
13
33
48
61
39
39
28
46
35
45
154
132
19
97
156
91
192
107
113
84
83
155
141
53
44
61
24
17
19
28
32
53
96
118
109
110
104
54
44
47
44
43
112
73
48
61
79
79
64
41
38
45
28
29
33
33
31
34
31
51
33
36
69
143
156
101
35
43
51
19
19
19
39
28
28
42
27
38
47
43
100
45
61
38
63
72
41
67
39
43
90
65
72
61
59
60
28
34
26
27
8
111
88
17
19
16
14
43
47
115
143
97
136
121
146
69
28
52
88
138
196
195
171
132
63
34
33
35
32
13
25
84
101
75
79
74
79
34
22
30
29
15
19
42
32
24
29
33
15
30
47
42
19
13
19
23
23
16
19
32
36
34
34
31
28
25
31
34
37
34
30
50
40
31
42
30
16
18
17
22
19
35
23
101
171
17
27
32
33
38
37
60
72
57
60
57
38
54
105
113
50
76
60
46
63
43
17
38
54
56
64
37
30
107
127
106
19
27
52
66
75
32
37
49
31
26
28
37
31
29
15
24
31
31
38
30
39
36
32
31
43
45
29
31
29
34
41
67
37
31
33
36
65
74
107
143
122
89
98
144
168
143
152
154
153
201
53
19
40
60
60
26
36
31
25
22
36
14
7
29
26
27
79
111
175
105
18
14
16
13
21
24
27
25
15
21
21
18
29
31
36
48
94
123
133
177
180
141
134
130
131
145
48
31
24
28
23
21
22
4
78
140
133
132
116
133
153
151
102
51
23
19
47
81
64
68
46
60
64
20
21
23
30
15
27
20
36
37
23
21
31
37
33
31
38
27
63
132
44
11
18
21
31
25
24
22
32
28
37
56
67
53
29
34
29
32
32
24
47
56
32
43
57
49
26
36
32
36
51
40
16
24
27
45
73
70
56
83
75
28
41
84
74
26
29
43
41
41
36
58
60
39
23
13
8
7
14
37
49
28
21
24
11
21
72
160
176
124
66
94
143
146
191
60
105
144
83
68
83
72
78
100
49
22
22
20
24
29
104
127
123
117
119
95
95
84
66
42
98
86
70
64
85
68
39
34
40
54
43
38
34
26
39
42
57
58
60
57
85
128
141
64
33
41
41
12
24
28
56
64
40
25
35
47
27
42
113
107
61
55
68
42
49
48
47
59
67
48
66
63
73
52
29
28
28
27
16
78
87
19
25
15
20
50
62
116
145
112
129
162
156
32
33
177
206
212
210
190
171
146
130
73
30
28
24
18
11
31
55
80
73
71
68
24
50
40
41
23
21
28
34
25
30
28
17
30
38
30
19
14
13
22
28
21
27
37
38
34
37
31
29
28
37
35
37
30
32
40
37
31
41
44
22
15
21
25
20
31
24
69
200
50
21
38
33
38
39
56
60
56
54
44
46
54
70
50
59
62
68
59
54
41
107
104
79
74
85
108
84
85
101
82
66
91
70
104
69
24
42
37
30
23
24
34
24
29
44
27
21
33
34
43
41
41
34
26
28
27
29
37
32
36
32
52
45
42
43
25
63
94
130
185
121
127
77
126
187
131
147
130
89
84
60
47
42
45
36
31
33
36
30
58
19
27
46
23
40
85
78
104
132
31
71
37
22
20
9
21
26
30
62
22
22
44
31
31
40
12
20
27
37
97
141
166
178
154
154
157
47
31
27
26
24
23
11
28
135
131
134
138
150
155
119
62
27
21
74
109
133
125
110
131
150
134
71
51
22
37
47
37
33
53
47
49
57
39
30
37
41
45
37
30
49
56
32
26
17
26
35
30
26
28
23
17
17
75
73
41
26
51
46
40
35
32
32
50
39
41
53
46
23
37
37
36
43
38
32
18
31
54
70
84
70
71
55
25
31
65
86
44
11
40
33
39
91
67
79
46
33
15
22
6
15
20
21
20
21
15
51
73
52
153
137
66
87
138
91
142
176
119
151
124
62
39
55
66
95
110
83
85
51
42
38
47
116
122
123
85
119
130
88
80
68
52
74
89
89
67
70
50
21
37
50
48
44
49
42
38
48
38
73
60
58
53
63
79
93
58
38
23
24
59
73
24
36
52
46
31
112
89
30
88
132
92
71
72
54
45
45
73
64
48
51
44
50
50
57
83
36
27
21
26
12
94
106
17
26
16
18
36
54
70
105
86
148
194
86
45
155
155
224
205
190
191
166
134
149
90
27
28
24
17
14
13
19
46
65
64
41
28
53
37
45
26
27
25
27
24
23
29
15
29
40
30
19
15
17
24
37
21
34
37
39
36
36
29
27
33
43
37
38
29
35
41
36
35
36
45
32
25
26
25
21
27
27
30
152
143
21
35
32
42
42
42
44
42
46
40
47
51
49
42
63
49
59
60
54
36
160
120
97
87
98
141
117
99
69
94
95
130
83
77
85
43
40
34
36
23
21
25
19
24
46
40
36
41
36
46
33
31
34
22
24
35
34
33
26
34
41
39
45
42
36
48
142
113
172
155
98
139
117
93
75
141
160
77
56
50
45
46
37
24
28
24
27
43
26
61
55
37
77
74
20
82
51
36
42
26
53
30
33
125
98
112
138
122
153
110
122
86
38
38
108
117
93
68
19
25
46
67
101
149
180
137
37
30
29
24
24
15
30
140
139
147
153
145
112
82
39
31
62
91
123
126
133
126
137
106
117
96
42
37
23
49
61
54
32
50
46
44
50
48
36
34
40
39
42
37
47
34
28
42
30
24
27
35
28
25
31
30
25
44
47
39
29
52
51
36
35
21
21
26
34
37
49
46
33
28
28
34
35
38
43
32
42
59
62
64
51
55
40
39
24
34
60
69
71
69
54
48
72
65
67
58
46
43
50
15
18
17
9
10
19
34
109
84
36
134
157
124
98
79
52
134
175
156
129
79
52
61
47
66
115
107
103
111
94
85
67
41
68
90
89
77
104
105
65
62
62
78
67
70
71
70
65
44
19
39
61
58
34
46
41
47
70
67
54
55
42
30
36
42
52
48
32
32
32
100
69
17
34
36
33
52
122
89
76
102
107
68
91
55
42
63
54
82
51
52
55
31
44
34
53
113
55
23
21
28
13
108
111
14
23
19
18
25
42
94
64
75
196
124
31
86
195
78
200
206
186
196
156
135
139
79
110
49
20
19
18
10
14
18
36
42
19
18
25
31
48
37
21
22
25
26
23
31
17
31
38
28
15
16
21
28
40
26
37
36
36
37
33
29
25
37
45
32
40
28
32
44
34
44
28
39
34
33
31
26
24
25
27
19
75
209
53
27
36
42
39
35
55
49
40
42
44
42
40
49
38
32
47
52
59
40
177
135
127
132
140
163
146
92
72
97
62
140
93
90
128
76
43
43
39
24
21
20
20
18
31
34
47
37
40
38
45
34
31
28
24
37
36
38
69
32
54
37
36
43
38
83
122
108
174
151
62
147
129
56
33
106
179
80
38
55
45
38
30
23
22
21
21
25
25
150
94
33
81
96
8
37
27
32
27
33
49
63
100
121
92
132
184
154
171
159
163
64
34
27
110
178
165
155
117
90
45
15
24
69
101
71
31
28
29
23
23
12
42
192
128
112
101
75
39
26
36
71
106
129
127
111
106
104
100
53
47
38
25
19
24
33
30
37
20
31
38
35
33
37
41
41
49
53
38
34
47
38
28
44
36
21
31
32
22
37
39
39
38
30
34
40
27
32
35
30
26
17
23
24
29
27
31
39
27
27
25
37
40
37
32
42
46
46
44
42
53
57
41
43
28
30
37
66
86
77
72
57
43
61
47
61
56
58
59
50
32
23
12
29
86
106
90
58
48
96
169
169
134
65
85
141
153
118
91
74
69
72
32
72
118
102
112
106
115
111
84
43
61
79
74
88
82
62
81
58
52
72
79
67
53
60
55
57
37
47
61
62
30
49
83
91
111
104
79
76
33
20
24
26
37
68
46
37
48
81
32
27
50
59
45
67
71
99
118
104
78
67
81
40
44
80
81
45
37
65
43
53
40
45
83
135
94
21
27
27
18
89
100
15
23
21
15
38
76
138
58
112
138
38
37
83
107
37
137
215
191
187
161
128
125
117
165
44
15
18
17
14
15
12
15
20
9
8
14
40
46
41
20
22
33
25
23
27
17
30
28
22
14
21
25
27
41
33
35
35
34
37
33
32
25
40
45
33
40
29
29
46
26
48
27
33
31
30
33
29
26
25
26
25
28
178
141
72
60
39
42
44
62
53
39
45
45
33
33
41
30
25
32
44
60
45
179
146
152
169
176
174
128
80
122
88
39
141
123
143
167
93
55
68
62
25
21
20
23
18
21
23
56
75
51
27
65
43
25
35
38
30
35
59
104
39
56
37
27
46
53
93
57
67
122
161
52
144
126
76
33
54
151
77
32
48
45
40
55
25
20
21
18
35
30
203
110
47
74
90
12
17
14
52
44
35
68
122
144
57
32
107
177
139
163
135
111
55
99
91
132
168
173
175
172
171
133
80
39
17
34
32
34
28
26
26
22
15
29
114
74
42
31
20
45
77
105
113
114
142
104
71
78
126
66
27
25
17
16
16
27
33
32
23
15
24
31
35
43
30
32
36
51
62
34
35
46
34
24
37
27
27
37
26
27
40
40
39
42
34
30
36
27
19
24
21
22
20
25
35
32
22
20
27
30
33
42
50
44
31
21
37
45
40
31
39
75
68
56
40
34
45
40
51
39
58
59
44
59
60
50
56
53
59
56
70
36
28
57
114
171
168
85
96
66
86
160
157
169
145
145
126
98
79
92
98
86
54
29
73
86
90
113
104
111
110
94
79
96
83
84
83
64
54
94
59
49
59
83
68
51
53
47
60
51
58
54
51
44
87
135
137
129
106
121
93
40
43
26
32
58
93
71
42
49
40
19
42
74
112
90
58
40
115
114
107
64
59
51
54
58
74
75
10
37
82
56
116
57
95
119
142
134
25
28
22
20
55
93
18
26
22
12
55
119
110
74
124
41
25
53
40
31
32
57
163
183
175
182
132
151
160
100
19
13
13
15
18
11
15
14
11
9
11
20
43
35
36
24
22
35
25
21
32
18
24
21
19
18
26
29
24
44
32
33
36
32
35
35
36
29
40
38
38
38
30
29
47
20
47
36
25
32
26
33
32
30
25
25
28
21
83
186
110
74
36
41
52
52
44
41
44
44
35
37
31
42
32
24
38
54
35
176
146
162
172
161
165
95
109
137
73
52
146
156
174
179
70
66
99
101
31
22
26
26
23
18
28
98
112
59
39
56
40
20
44
62
42
80
98
87
58
46
45
43
53
51
83
48
47
77
125
101
126
113
108
38
35
79
44
47
68
50
43
81
18
17
19
16
48
32
123
92
61
55
57
30
87
60
63
35
36
78
140
109
41
59
121
171
140
187
107
56
113
177
181
176
154
161
157
154
178
181
158
124
68
34
40
38
30
24
27
20
18
18
20
22
41
58
72
112
148
150
130
119
152
63
32
47
120
57
23
26
20
27
66
32
42
57
29
19
28
32
40
48
39
30
26
43
47
34
41
38
37
38
23
24
34
32
25
32
29
36
42
39
29
27
30
29
24
28
16
20
20
22
34
31
30
28
27
52
41
58
54
44
31
31
37
36
34
36
36
60
67
65
40
32
40
39
45
37
57
40
26
63
61
51
44
49
76
57
43
29
68
149
195
176
166
166
181
104
153
179
175
172
167
126
72
52
77
93
100
67
38
58
63
46
67
109
108
107
102
93
98
84
76
79
61
58
74
63
61
64
74
80
55
51
73
66
44
52
68
64
64
76
139
133
130
103
93
100
66
69
91
43
50
97
82
84
64
38
34
24
36
81
122
102
35
39
70
75
91
52
40
42
76
78
49
37
28
48
92
116
158
108
141
129
134
151
39
24
21
22
32
81
22
28
25
17
48
96
39
81
84
58
50
34
15
39
33
23
59
152
182
190
168
185
106
11
15
11
13
11
11
11
16
13
8
11
18
21
26
29
37
26
18
26
31
28
50
24
20
18
22
24
28
30
25
44
33
33
36
31
35
36
35
32
37
31
39
38
30
29
44
24
40
47
18
34
28
32
34
31
26
26
28
27
19
113
81
51
41
29
42
41
38
46
39
37
43
52
33
37
33
29
36
47
15
175
155
166
171
126
155
124
158
105
55
70
154
161
170
177
45
98
119
140
41
24
32
25
20
36
45
124
86
79
78
31
46
53
60
60
95
165
136
74
63
31
55
71
60
34
91
62
91
94
79
154
105
72
68
66
32
25
36
55
87
65
34
58
26
25
24
14
22
36
34
58
42
42
17
55
165
123
92
30
30
64
94
52
58
153
159
161
161
196
107
78
164
145
173
171
156
164
166
158
167
157
164
184
164
48
37
37
30
26
25
19
21
21
12
61
120
149
153
129
145
139
141
128
141
47
50
59
52
32
23
25
44
74
121
36
30
40
31
26
35
36
38
25
46
40
31
39
33
30
36
30
68
60
20
47
31
27
29
24
27
30
43
28
24
31
30
29
33
36
28
16
18
18
23
24
34
40
43
61
45
47
37
51
37
35
29
9
11
28
22
33
55
33
27
36
32
42
48
58
53
43
64
35
38
20
30
72
69
48
34
77
168
191
172
166
168
167
171
181
179
172
168
156
107
50
22
37
40
97
96
61
59
77
25
35
53
108
111
106
80
50
54
74
90
65
46
68
89
54
80
74
51
98
72
61
101
85
58
73
81
99
116
116
150
136
124
96
114
85
59
102
127
68
57
91
92
99
49
28
42
20
17
41
44
47
28
21
14
47
81
84
57
65
95
100
61
51
67
85
59
116
144
146
131
129
139
157
67
24
26
21
22
34
34
27
26
20
29
41
37
83
95
81
44
15
11
24
31
34
18
96
193
182
178
110
18
17
8
13
14
10
9
10
14
13
18
14
18
39
40
40
40
33
27
23
27
35
52
27
17
17
28
29
32
29
33
34
54
37
35
33
36
35
33
36
33
34
42
39
31
32
29
29
25
55
24
24
32
31
33
31
34
32
29
29
26
57
105
40
70
28
30
31
30
55
41
35
41
49
38
31
24
25
38
48
11
179
155
165
174
136
161
167
162
164
68
113
165
157
169
173
100
171
126
182
68
37
40
23
8
84
49
44
66
120
95
64
110
142
72
39
167
179
133
101
44
34
39
56
61
84
118
42
125
148
95
106
71
54
33
45
23
25
44
26
35
63
26
27
62
77
30
23
47
66
72
72
39
86
63
42
95
74
96
62
24
26
38
54
84
179
158
133
155
129
85
143
135
46
116
181
157
165
165
161
172
163
157
151
203
110
19
34
24
19
26
24
22
13
48
138
151
142
135
114
136
137
139
120
141
119
102
139
105
22
33
61
81
103
53
37
34
26
25
33
42
31
34
23
36
32
31
30
25
23
31
50
106
49
60
82
37
41
35
32
35
30
28
15
29
25
29
33
30
42
48
24
30
18
18
26
26
53
54
45
39
26
32
56
29
24
30
24
28
20
24
33
32
40
63
49
36
41
65
63
31
62
70
44
17
14
42
79
30
23
113
194
174
161
170
170
165
164
159
164
173
176
144
85
66
77
63
34
36
184
168
170
87
46
35
39
72
100
97
116
47
44
36
78
70
40
50
73
123
107
109
76
74
79
70
89
100
101
86
90
76
87
136
144
146
139
107
112
136
127
112
82
126
46
33
56
102
47
20
35
69
32
17
54
47
21
17
18
26
64
110
134
123
164
153
132
147
81
58
59
38
116
138
137
129
142
151
150
115
28
28
21
18
26
36
27
24
18
39
75
61
95
108
56
22
17
11
11
14
24
21
30
175
212
132
26
18
15
11
14
9
8
13
10
13
22
92
16
21
49
72
64
48
17
28
23
17
21
41
30
21
23
35
31
32
32
41
23
67
56
35
39
33
33
36
33
29
36
41
42
30
29
24
28
20
38
36
17
26
28
31
34
36
31
30
26
36
47
141
78
131
37
48
52
51
40
36
40
40
44
39
33
29
23
30
37
2
175
163
162
172
146
165
156
153
179
129
175
179
158
167
158
174
174
155
188
152
125
103
23
15
45
51
92
54
45
90
155
177
160
119
164
161
130
98
46
129
128
42
55
145
211
69
21
71
134
5
21
35
30
39
17
38
55
26
31
147
163
78
34
113
85
14
85
156
96
79
149
72
88
80
11
125
121
29
37
30
12
84
127
178
177
83
17
30
15
52
120
136
31
77
184
155
167
160
161
176
162
161
161
171
169
24
34
30
18
19
24
16
14
165
137
134
142
137
130
139
138
141
126
149
139
97
102
140
94
35
67
18
36
106
40
34
26
33
31
18
20
27
32
19
24
30
31
28
36
78
82
71
135
98
60
108
89
58
34
20
29
19
19
16
18
24
31
26
29
30
28
32
19
19
19
26
43
24
25
25
29
35
36
25
26
12
29
34
23
35
63
40
44
92
81
60
38
54
38
25
42
38
29
23
23
25
7
67
108
133
163
153
162
165
168
177
181
189
190
168
119
68
77
110
113
101
97
129
172
154
133
38
96
108
28
80
54
3
111
37
95
87
81
89
56
43
55
210
217
213
190
205
164
149
214
217
147
28
63
94
112
151
132
129
116
86
85
28
48
117
90
60
31
18
41
57
37
21
44
32
18
35
27
72
26
89
104
50
139
124
143
156
119
43
105
75
41
73
86
116
133
138
147
130
140
144
138
140
30
23
26
22
21
38
26
21
23
32
68
81
102
92
38
27
26
16
14
17
23
27
15
60
184
52
13
17
13
13
13
12
12
14
15
11
24
76
5
13
26
87
71
86
32
33
23
18
31
23
27
22
27
31
38
32
35
41
36
44
83
44
27
33
34
28
35
30
33
39
35
27
26
23
26
20
14
53
21
17
26
25
31
37
33
33
31
35
29
124
112
134
132
142
78
25
26
40
33
26
35
35
22
33
26
30
35
5
172
157
163
163
140
170
170
158
162
180
169
172
161
172
159
155
170
157
65
199
190
165
31
14
4
73
61
28
24
74
173
167
141
184
167
144
75
61
106
192
92
39
45
123
190
96
24
47
27
64
39
33
26
30
20
33
34
39
57
101
100
60
23
16
127
52
51
66
9
27
59
40
28
47
50
115
136
40
12
119
115
73
168
121
127
130
117
177
125
32
64
162
106
170
167
153
163
168
157
168
162
155
163
159
167
40
33
31
28
28
25
14
43
195
125
146
147
137
120
144
138
139
107
101
62
39
70
65
56
88
32
33
62
55
57
55
62
62
17
37
38
37
7
17
26
36
34
31
46
143
84
40
149
79
127
138
118
80
18
29
30
58
43
24
23
22
24
22
27
26
27
23
37
32
28
28
14
20
20
19
22
24
25
33
37
30
31
30
30
34
54
48
23
36
38
45
57
52
42
41
33
53
30
19
19
34
115
195
188
175
184
190
182
185
183
162
147
133
118
100
71
94
114
109
106
103
178
194
117
120
63
60
107
133
90
58
68
83
45
27
36
105
75
108
88
77
108
127
124
131
127
133
123
122
135
142
93
75
117
120
128
155
146
121
79
64
85
110
73
85
104
68
71
101
91
126
47
22
55
44
27
23
70
148
136
163
160
160
145
138
145
139
128
84
94
57
128
141
141
139
138
131
144
134
140
149
131
138
55
22
24
23
17
20
21
22
20
37
95
102
101
38
32
21
11
13
19
21
26
26
24
12
32
27
18
12
11
13
14
17
17
13
18
13
15
14
19
3
3
11
9
23
52
27
25
36
32
24
23
24
35
32
34
36
43
45
41
32
50
72
41
27
32
33
32
29
26
33
33
29
29
27
24
20
12
39
46
12
28
29
31
39
36
28
28
36
47
76
96
95
158
223
215
111
28
34
36
38
30
32
42
62
50
44
83
29
168
153
158
165
151
168
164
158
165
166
170
170
158
171
158
164
171
162
92
94
83
83
71
95
145
57
29
23
92
32
159
161
132
181
152
183
182
157
141
28
19
44
65
46
46
60
30
39
53
105
50
35
30
33
31
17
26
61
144
48
55
125
141
56
52
37
25
19
24
36
79
54
38
61
83
73
132
43
92
168
121
120
206
85
66
129
114
137
136
144
146
171
157
167
158
154
157
161
149
167
160
155
160
146
172
41
26
25
23
29
32
15
72
190
129
142
143
142
110
141
140
143
110
25
38
43
36
25
43
79
29
23
104
26
28
81
95
42
26
46
64
100
47
13
32
48
41
32
35
63
58
73
61
18
82
141
107
112
137
53
71
127
40
19
21
24
25
24
23
14
23
28
30
35
30
34
38
37
20
21
25
20
18
36
40
42
35
22
54
45
18
20
37
26
25
33
56
59
51
36
34
54
24
22
22
93
194
178
160
154
149
142
122
109
92
82
74
64
63
70
152
115
102
112
103
152
190
135
154
162
149
153
163
161
166
156
165
172
129
88
77
133
161
125
102
150
150
157
143
146
163
152
157
158
154
101
73
74
79
75
79
82
82
76
65
57
73
90
61
60
75
61
89
70
63
68
29
44
47
42
30
24
65
114
114
110
118
131
121
138
139
137
142
126
132
140
156
152
149
153
149
146
157
143
148
156
147
152
95
23
24
21
18
19
20
20
22
34
103
105
92
40
57
28
13
13
20
23
25
30
22
16
19
17
14
12
12
13
15
18
17
14
19
14
11
15
15
9
9
8
11
6
31
37
34
37
39
30
26
33
38
34
33
37
46
43
39
35
36
52
60
45
31
29
29
23
25
27
31
27
25
24
20
20
20
23
58
17
24
31
29
36
33
35
55
54
37
23
36
72
109
144
172
189
49
19
33
39
30
35
49
63
57
75
88
61
168
159
160
170
155
173
161
159
167
170
166
169
159
172
158
162
172
177
198
132
119
65
123
163
133
51
33
27
145
144
161
149
140
174
110
92
131
145
50
44
81
34
44
54
26
55
81
42
35
51
49
46
27
24
26
36
46
41
133
90
51
98
86
94
22
31
30
33
31
32
55
80
68
73
29
125
152
100
89
51
69
127
124
54
65
73
90
61
121
164
122
143
158
163
162
153
158
156
152
172
162
158
165
161
195
63
34
36
32
30
29
14
99
183
127
141
143
137
124
139
141
142
123
97
88
36
15
26
127
105
47
61
140
91
61
51
43
37
39
53
42
91
92
49
41
45
47
41
42
42
35
74
75
14
49
130
120
108
151
120
118
116
47
21
20
26
19
23
23
26
31
32
19
27
25
29
24
37
26
25
29
25
23
38
48
36
33
47
40
35
43
42
54
48
28
38
52
42
39
35
64
62
39
76
23
72
125
99
83
76
74
71
67
56
54
56
63
70
76
103
192
117
106
110
130
180
156
150
170
173
175
173
168
170
170
172
173
185
124
121
139
144
173
152
108
181
169
186
143
111
140
188
180
175
142
106
69
69
89
103
111
112
93
66
80
87
68
78
77
85
87
98
48
38
88
75
56
31
35
52
53
47
87
62
82
94
83
81
81
88
86
86
77
76
76
83
85
82
87
89
95
94
92
91
97
105
97
94
71
28
29
23
18
18
23
19
25
27
111
110
58
42
44
25
12
5
20
23
28
33
26
20
18
13
16
18
14
12
14
14
13
15
14
13
11
14
9
7
10
10
11
7
15
43
48
33
38
24
28
33
35
32
36
40
41
40
38
38
37
35
38
54
44
26
27
22
20
21
25
24
22
25
21
19
25
17
47
33
16
30
31
32
46
52
42
24
13
27
30
84
84
101
137
170
79
35
24
24
33
32
34
46
41
64
85
62
168
157
164
174
150
170
160
155
166
167
160
164
153
168
158
160
182
149
138
93
85
92
152
167
48
27
34
26
88
177
166
153
150
133
48
46
90
87
19
72
117
20
27
36
27
75
79
44
31
24
36
42
36
32
25
41
49
36
76
71
30
42
43
50
17
28
34
25
20
17
49
64
110
107
14
137
119
56
34
48
124
133
119
81
128
150
157
100
138
156
144
136
160
162
167
160
166
165
157
173
165
162
169
158
189
68
37
39
32
24
23
16
129
171
129
143
146
140
123
143
143
142
127
144
131
93
86
105
151
122
109
127
143
139
124
98
66
44
57
45
31
45
66
72
67
52
45
46
42
57
58
53
86
60
39
93
125
119
154
139
141
129
78
22
22
32
50
50
23
41
45
31
20
20
33
43
29
32
29
27
26
28
27
35
46
34
28
48
45
41
59
52
43
56
25
30
36
24
36
51
85
73
47
95
36
51
61
48
54
55
65
72
72
74
82
91
96
110
109
131
190
110
110
113
156
176
147
166
174
175
175
172
169
173
168
173
174
180
160
170
162
161
171
160
103
175
172
165
100
126
146
137
122
128
109
103
75
60
74
110
112
121
71
50
77
67
50
55
61
71
80
115
55
67
127
103
84
58
59
58
69
36
78
35
58
94
116
109
112
115
112
112
100
99
99
96
103
92
99
93
87
71
90
90
99
98
86
93
86
40
32
28
21
19
22
19
27
23
110
98
37
47
39
74
59
27
23
28
34
33
32
29
19
15
13
15
15
12
16
14
12
15
9
10
11
12
10
7
12
12
11
9
7
31
47
37
29
26
34
31
34
32
38
43
42
38
37
39
37
32
32
38
48
39
23
18
15
21
23
23
21
20
20
18
24
23
27
41
16
20
24
44
51
36
22
13
22
35
40
72
93
83
89
117
92
74
31
32
42
34
29
34
37
55
81
62
176
153
161
169
146
168
158
156
161
158
158
163
140
165
160
167
128
89
53
45
67
113
138
163
52
56
39
29
106
177
110
73
70
74
27
37
67
55
38
56
121
34
29
43
34
45
36
30
29
25
77
36
59
104
40
39
37
34
39
39
40
27
27
36
72
24
35
68
27
17
52
48
110
61
14
106
119
33
25
117
168
102
148
118
158
178
175
153
166
152
158
161
160
163
165
157
168
170
148
164
160
153
157
152
177
71
36
38
27
20
21
20
145
157
135
141
146
141
123
144
142
139
125
144
142
130
134
143
143
129
136
142
138
146
137
112
58
57
67
39
43
84
67
57
55
46
58
56
46
66
62
49
66
57
43
83
94
67
95
125
129
137
96
26
30
38
47
39
34
33
34
27
23
20
24
31
29
26
29
27
24
29
28
34
50
34
26
38
54
53
57
49
34
50
35
37
47
45
30
53
72
81
52
73
56
47
62
74
80
88
98
104
103
111
109
114
115
123
122
136
187
108
108
111
162
170
160
166
174
178
177
176
173
173
174
180
178
176
180
177
163
168
168
148
95
167
171
161
100
148
151
81
77
100
95
85
87
57
49
64
61
67
40
36
53
32
39
44
45
45
52
72
54
65
84
71
57
60
61
46
52
22
38
27
37
64
100
103
106
112
110
115
114
115
115
117
122
109
118
113
82
45
99
113
122
120
107
116
87
44
32
30
25
19
21
21
23
19
76
78
33
43
34
95
95
78
38
34
39
34
33
32
23
19
13
10
12
12
16
14
12
14
6
8
12
10
12
9
11
12
13
9
8
22
49
35
22
32
36
32
34
34
39
45
42
38
37
39
34
32
34
29
36
43
34
17
13
17
21
21
22
16
19
21
21
28
22
34
23
18
28
44
30
21
24
27
37
35
40
46
88
94
81
107
81
83
57
54
44
29
18
26
32
62
73
60
179
157
163
167
150
169
158
159
161
162
164
165
131
172
154
121
80
64
42
43
111
137
146
161
95
125
63
51
102
110
43
31
46
41
20
49
63
53
42
28
91
49
25
107
68
12
19
22
20
43
106
28
47
101
48
27
21
45
27
34
62
34
30
42
115
24
42
138
45
31
45
64
137
69
38
114
150
66
72
165
135
68
138
141
152
163
162
159
172
153
145
170
158
158
162
151
164
168
146
157
155
147
154
154
180
79
35
39
28
24
23
25
155
157
142
148
152
146
125
144
147
146
131
141
142
128
140
144
148
129
135
143
144
147
137
93
39
55
50
42
81
116
66
41
36
45
67
61
50
66
58
51
68
34
76
87
99
33
76
132
129
132
84
35
36
32
30
25
37
30
27
24
23
23
21
20
26
20
22
23
25
28
24
46
70
44
40
40
40
45
47
46
39
43
49
54
59
65
18
32
54
82
64
59
52
53
83
105
107
114
124
143
154
134
113
114
114
121
124
137
189
110
109
111
162
176
168
169
175
178
180
178
177
178
180
181
172
165
164
161
169
169
167
156
102
172
176
166
103
122
143
108
79
132
94
66
107
65
63
51
49
46
53
39
45
40
55
58
57
55
50
44
48
49
39
39
34
45
45
31
28
24
16
26
25
31
41
49
56
57
57
62
65
68
66
69
70
70
71
75
47
24
66
80
90
110
94
84
53
35
29
31
25
20
21
21
21
16
35
49
36
33
38
81
92
103
54
39
41
36
32
30
24
20
17
11
8
11
12
13
13
13
10
10
11
8
14
10
10
13
13
10
12
25
50
27
25
36
34
34
34
39
41
44
41
37
34
38
33
32
31
33
25
31
44
31
16
9
19
19
21
21
20
22
19
22
25
25
32
26
33
23
15
25
33
37
38
33
33
33
62
111
110
123
80
65
70
79
52
28
18
24
27
59
70
54
172
166
166
169
154
169
161
161
165
167
168
165
127
178
147
61
80
77
91
98
157
150
163
153
109
135
72
101
64
34
63
74
75
38
11
81
72
40
48
41
55
41
20
142
77
19
30
22
18
41
111
46
22
50
43
47
38
62
25
33
55
42
41
31
117
55
62
158
42
36
39
107
169
141
101
150
161
124
142
143
73
48
112
161
146
163
164
151
167
158
145
156
153
161
167
152
166
166
151
163
162
158
170
169
195
83
33
41
34
29
24
32
163
156
140
138
141
131
115
131
135
135
123
146
141
112
126
128
141
118
127
135
134
145
113
61
43
44
35
48
80
77
62
63
35
52
56
62
45
67
72
57
81
58
113
71
127
79
126
153
146
111
55
40
30
23
28
41
34
38
31
24
22
30
31
25
27
24
17
20
23
24
21
60
87
55
50
39
28
37
42
46
41
34
49
55
44
52
23
21
59
79
53
55
24
69
98
92
107
111
131
166
181
139
115
119
121
130
129
140
186
111
110
115
167
177
167
173
179
179
182
181
184
181
176
175
170
163
171
179
179
177
175
180
114
181
186
125
84
96
127
165
104
148
82
78
153
76
94
94
91
79
85
47
55
71
80
69
76
83
77
79
80
84
72
64
66
68
51
29
36
42
29
25
30
37
43
45
60
53
56
51
50
50
47
42
44
48
39
42
37
54
45
30
43
69
59
41
40
32
28
35
25
23
19
19
26
18
21
21
47
71
87
96
91
98
65
41
46
38
32
31
25
21
19
15
9
10
11
16
20
18
20
13
9
9
13
12
14
18
15
13
13
30
40
30
34
37
33
34
38
44
42
42
41
34
30
37
35
34
31
31
25
21
30
43
29
11
17
20
17
25
19
19
18
16
21
27
37
28
18
12
25
28
33
37
37
31
33
32
44
94
106
117
126
101
61
93
75
50
48
40
48
49
66
41
167
171
165
170
152
168
164
163
169
164
162
166
130
180
150
82
96
84
135
154
152
139
148
142
131
90
60
145
77
30
123
99
53
63
43
83
66
21
72
72
46
38
30
85
34
32
29
32
50
12
113
69
33
93
76
106
86
62
29
22
46
63
40
12
119
124
73
103
41
45
72
153
160
166
153
165
156
173
159
83
42
40
128
177
153
173
171
163
176
164
165
141
149
173
170
156
170
167
156
166
166
160
164
163
168
67
34
41
35
29
23
36
166
140
132
115
117
104
109
115
110
109
103
146
139
107
115
111
114
107
121
115
117
113
56
43
57
41
46
62
43
36
96
98
32
50
44
62
40
61
81
57
65
94
100
52
126
131
156
149
146
93
42
36
22
24
30
58
40
41
25
30
26
39
30
29
29
38
23
20
21
23
21
49
83
32
27
30
42
59
67
60
35
27
52
54
45
48
47
39
65
79
16
36
29
80
116
108
107
106
126
122
112
115
113
125
136
135
122
134
178
109
104
107
164
167
162
161
169
174
176
181
181
164
156
165
175
184
186
181
177
171
170
171
105
179
187
91
154
122
66
156
172
98
73
148
210
93
85
88
80
64
83
48
43
60
80
60
74
78
94
95
85
93
71
65
76
74
50
41
70
85
48
24
49
62
91
83
96
96
101
95
98
93
92
97
96
97
91
78
70
87
72
62
60
53
69
73
58
66
41
29
26
22
22
20
22
26
26
22
70
163
152
115
98
107
76
42
55
43
32
32
25
21
19
18
11
12
16
22
27
24
25
21
18
16
7
11
13
13
16
13
16
30
35
39
38
37
34
37
43
43
43
42
41
35
28
36
36
33
32
32
27
21
13
23
39
31
13
19
15
17
17
16
18
17
19
29
32
25
13
28
32
32
34
40
35
33
39
36
39
67
76
101
182
211
92
78
92
88
83
80
96
82
66
41
169
172
168
172
154
168
165
165
176
163
150
169
140
175
152
153
118
101
132
133
130
138
140
130
175
119
92
123
65
37
69
65
41
111
97
23
46
37
58
38
48
62
37
28
23
24
24
61
98
13
58
24
59
155
153
113
96
46
34
36
93
85
28
19
128
163
49
35
83
77
134
163
164
156
130
170
157
160
73
53
39
59
145
143
144
162
158
157
162
149
147
120
138
150
143
138
140
143
149
142
133
123
111
101
89
44
43
40
34
30
23
39
167
131
134
140
138
124
131
135
132
128
117
143
137
124
131
137
128
122
138
138
144
64
50
91
83
48
52
88
80
49
119
91
35
49
55
61
41
42
55
24
53
64
46
65
130
111
136
128
130
124
72
43
27
27
29
51
41
36
21
40
39
37
27
27
31
41
28
18
26
29
26
44
79
23
29
43
41
59
68
61
47
42
74
52
32
23
53
50
67
77
62
87
84
100
111
128
141
119
131
135
138
134
121
158
157
164
115
137
171
100
104
106
160
164
154
153
148
154
160
157
156
162
169
169
172
174
174
170
169
172
170
171
99
175
169
145
188
106
77
135
197
141
97
185
158
98
78
78
71
56
63
36
23
21
39
61
33
58
103
96
56
39
53
60
46
49
54
51
86
107
94
64
102
94
93
94
104
98
107
96
102
104
103
104
102
105
67
39
65
87
94
65
46
67
74
83
87
120
88
15
33
27
22
23
25
28
30
28
63
121
111
111
91
60
57
51
52
41
31
30
27
23
20
17
7
17
20
14
18
17
13
21
22
26
16
9
13
14
12
19
27
28
42
40
39
40
37
42
45
39
45
43
42
37
30
34
32
28
37
31
26
28
21
6
15
44
36
12
13
12
13
16
16
18
23
23
23
34
27
31
37
36
41
37
37
42
44
44
31
83
78
95
144
212
223
101
125
140
140
146
148
157
146
144
157
148
146
151
167
147
153
152
153
143
124
137
117
116
122
160
160
166
142
131
134
145
139
127
140
150
148
53
27
41
29
49
63
59
20
56
60
45
44
32
27
24
28
27
30
26
25
26
32
20
12
39
70
68
77
40
68
41
6
63
120
64
29
83
120
90
42
43
59
56
105
93
100
92
73
85
77
67
55
45
39
40
35
40
52
54
59
62
76
77
83
99
82
62
53
42
35
25
57
135
111
115
128
129
153
60
39
41
39
28
23
43
171
152
137
154
155
149
115
151
152
148
128
139
136
121
141
147
155
139
140
157
165
71
48
96
103
31
55
75
107
53
41
93
106
55
64
91
41
27
16
31
73
85
52
49
106
98
126
126
130
132
136
81
32
24
34
30
36
39
26
43
48
53
22
19
28
25
21
20
24
28
30
93
104
88
66
51
27
68
57
71
105
100
93
88
102
107
111
112
115
97
104
137
88
124
121
130
151
121
143
152
141
152
137
175
186
181
132
153
195
116
114
116
170
189
179
197
219
202
203
199
213
189
181
190
198
201
196
189
193
190
173
167
113
204
199
208
186
178
114
158
194
195
170
175
104
96
89
67
43
61
59
39
45
20
55
67
68
89
94
78
69
57
47
43
24
72
61
68
132
112
98
140
122
106
101
110
107
123
117
124
129
115
101
101
89
101
59
29
35
50
42
50
45
35
29
65
79
66
58
30
37
29
28
29
28
29
36
33
44
78
102
111
108
77
39
57
40
33
32
29
31
28
25
18
15
13
14
10
14
9
9
12
13
7
14
39
19
13
21
22
30
37
45
40
39
39
41
44
43
38
41
44
44
41
37
40
34
28
37
31
28
24
20
17
7
11
47
41
14
6
11
14
13
15
21
23
17
31
32
29
37
38
41
36
40
37
31
33
22
83
123
145
172
162
218
185
53
44
54
62
63
57
53
49
82
87
84
85
94
118
121
139
141
146
143
89
122
146
149
169
151
139
130
113
96
104
117
114
146
140
104
105
81
40
60
131
77
34
39
41
38
29
36
30
24
34
28
28
28
40
35
40
35
11
26
38
58
73
66
55
65
56
12
64
90
61
48
89
75
73
67
65
35
42
37
30
36
41
23
46
34
42
53
48
50
37
49
58
56
60
58
58
56
48
58
50
54
62
63
65
56
55
15
87
153
136
144
132
136
46
33
39
42
25
26
51
165
155
136
138
137
132
123
137
138
137
121
137
140
122
133
137
149
126
132
142
133
115
38
21
79
35
39
69
115
82
70
123
99
70
66
84
60
72
64
55
99
95
109
60
72
115
122
122
120
128
119
100
35
27
33
31
34
38
35
12
17
29
48
36
25
25
27
18
28
31
27
122
118
81
71
63
69
95
85
115
126
126
117
102
121
128
128
118
91
75
112
58
80
125
122
116
117
120
119
134
137
138
134
168
170
153
116
146
185
109
114
115
172
175
175
139
118
127
130
127
126
169
173
150
139
145
145
156
137
143
163
150
102
157
165
161
162
183
181
175
167
172
180
158
144
64
62
61
60
75
35
51
58
57
62
99
93
87
74
58
44
39
42
31
24
36
55
59
61
51
53
46
46
49
43
42
40
35
34
39
38
34
30
27
21
23
41
39
46
46
38
44
44
39
40
39
30
39
39
34
29
36
29
28
34
28
38
41
38
50
85
96
93
78
46
42
38
32
25
16
20
18
17
19
15
11
9
11
7
9
8
17
22
11
135
107
72
32
14
27
39
48
48
47
41
38
42
41
40
40
43
46
42
42
39
36
31
32
37
33
29
26
21
16
6
10
11
43
42
23
10
12
14
16
21
13
15
22
32
17
15
37
39
40
35
38
32
35
36
39
175
143
172
192
174
213
95
27
39
44
49
38
63
99
94
129
120
87
58
84
69
70
75
74
71
74
71
144
169
124
121
122
107
142
120
112
105
77
108
120
118
118
111
52
71
106
77
57
32
22
26
33
30
28
32
42
27
24
30
47
43
32
38
24
19
32
34
35
37
51
54
63
41
52
50
52
57
54
57
60
56
50
56
45
56
57
53
45
43
54
54
60
50
47
48
44
54
44
55
57
59
59
60
55
53
63
61
59
60
52
46
51
42
34
103
148
140
142
135
42
41
39
36
27
20
47
163
152
138
143
141
138
118
141
142
140
125
134
138
126
135
138
144
134
133
138
134
150
116
53
65
79
71
107
121
122
136
125
127
121
62
36
64
58
105
70
54
20
78
126
111
115
146
146
148
130
125
105
30
37
38
40
49
41
31
25
23
67
87
51
52
33
24
24
23
30
25
111
90
81
96
88
93
85
89
108
111
108
106
112
113
107
111
102
79
98
81
62
94
117
121
130
118
114
115
112
114
112
129
153
154
143
114
144
180
106
107
108
147
158
162
110
75
98
102
96
95
149
148
115
95
112
117
111
95
109
148
129
77
69
85
82
95
138
141
107
69
56
87
109
123
79
79
97
48
40
36
66
71
58
46
48
51
44
55
47
43
27
22
34
41
34
42
39
37
43
38
46
42
41
42
39
39
37
36
39
34
37
39
42
39
40
45
43
41
47
48
50
52
42
40
44
42
51
44
39
33
37
28
27
34
28
33
38
35
40
50
90
89
71
51
46
35
25
34
53
41
33
22
14
14
15
11
12
7
10
9
27
13
45
183
28
23
57
36
47
48
52
46
42
43
40
39
38
40
42
47
43
38
40
38
33
34
34
35
33
29
29
23
13
10
8
4
10
40
46
39
12
14
18
14
9
18
31
13
46
52
30
37
38
39
46
42
30
36
23
147
146
168
167
176
187
174
55
74
68
72
114
150
135
137
144
138
131
85
62
74
66
60
59
56
72
91
172
159
125
117
136
133
115
91
112
102
69
60
85
118
82
71
44
59
64
52
44
40
30
25
33
26
25
34
33
30
32
43
32
31
34
35
45
31
51
42
45
36
45
44
51
58
57
61
62
64
63
68
59
49
53
55
40
50
50
51
48
41
53
51
58
49
49
50
39
42
47
51
56
60
57
58
59
60
65
66
61
61
52
50
52
49
39
49
98
119
113
80
36
37
34
40
32
22
52
162
148
139
139
140
135
114
145
139
140
119
137
138
124
132
140
143
134
133
137
139
140
136
82
47
92
117
109
122
127
140
154
147
147
114
109
139
144
126
76
39
71
87
127
144
93
153
147
150
129
116
67
33
31
17
44
50
41
34
30
40
43
19
16
35
32
25
32
30
33
28
103
91
99
107
116
102
81
93
108
109
104
105
108
107
106
99
93
90
83
58
78
92
116
116
121
118
108
106
100
104
107
91
110
129
135
134
133
136
124
122
130
131
131
133
118
112
125
126
129
123
123
124
117
110
114
117
101
99
95
95
82
66
59
66
73
72
82
86
80
72
34
32
63
111
117
121
108
57
71
84
86
65
44
45
35
47
45
44
40
44
35
37
39
39
40
42
42
40
29
29
40
43
41
39
37
37
37
37
42
36
37
43
44
40
50
45
37
40
44
45
53
48
46
37
43
38
40
37
34
32
33
36
31
31
33
35
36
33
48
29
74
75
68
51
45
38
51
68
65
51
52
51
32
19
18
16
13
11
9
31
29
12
77
174
8
37
107
51
49
51
52
49
43
43
40
40
38
41
43
45
43
44
44
37
32
32
33
33
29
30
29
24
17
12
9
7
11
65
63
46
42
16
14
16
10
16
10
41
83
62
31
37
42
45
54
57
41
36
24
122
162
142
139
179
173
202
109
59
71
114
145
135
111
129
104
107
121
135
95
64
57
55
51
50
61
93
159
133
128
110
106
124
129
93
99
111
96
81
85
106
112
67
56
40
42
35
29
41
41
47
45
29
24
33
44
36
43
49
28
21
26
40
48
43
52
51
46
34
45
48
53
57
61
60
64
61
59
64
55
44
53
51
46
53
50
54
48
42
50
51
59
51
50
54
46
47
43
51
56
60
58
58
57
56
57
58
70
57
54
54
51
57
46
40
51
68
74
61
32
35
28
35
33
23
56
167
146
137
141
141
137
118
143
140
139
122
137
137
125
134
139
147
130
131
141
137
144
120
58
53
70
127
109
123
128
133
150
149
149
136
143
152
146
125
74
41
86
57
73
119
91
156
141
144
131
112
112
72
67
76
82
46
36
44
43
37
47
71
53
35
41
39
33
30
41
56
100
90
98
108
109
93
80
93
105
106
103
103
104
104
98
90
94
85
65
62
73
89
118
116
114
115
107
106
103
110
99
81
105
101
127
138
130
129
126
129
129
132
131
123
115
120
127
123
129
122
123
123
117
118
114
113
98
105
110
80
58
53
61
58
56
50
58
60
61
83
36
20
32
53
77
75
73
64
75
82
67
48
45
49
38
41
54
44
39
38
36
37
37
32
29
34
43
47
34
36
38
37
39
40
39
41
35
38
40
39
42
42
41
41
46
42
31
43
44
38
46
53
45
43
41
43
42
31
30
34
31
34
33
29
34
36
35
31
50
23
49
62
63
54
46
55
71
77
59
54
62
62
46
22
16
18
13
10
19
45
24
16
132
111
71
139
165
46
43
49
48
48
47
41
37
43
39
42
42
41
42
46
43
37
35
31
32
32
29
31
30
24
15
16
10
7
21
73
67
42
62
38
19
12
46
39
89
130
147
34
38
43
45
52
50
41
39
39
24
117
164
126
134
176
170
186
170
29
96
152
149
140
127
142
116
111
105
146
134
68
53
55
54
50
65
119
143
120
105
94
97
107
110
92
112
113
110
105
88
107
127
62
50
35
33
34
36
40
40
46
41
30
36
37
45
41
46
45
26
24
33
39
36
36
45
52
51
41
44
44
50
53
61
55
59
59
53
60
50
45
57
53
39
52
51
53
46
36
50
55
59
52
48
54
51
50
46
55
54
55
51
58
49
52
56
49
61
54
52
51
45
58
47
40
40
46
53
47
38
35
27
32
31
23
60
163
145
136
140
142
138
116
142
140
137
126
127
128
129
137
141
147
128
131
141
144
152
78
64
66
60
117
111
123
127
131
134
141
138
126
131
129
128
119
73
43
65
47
52
82
73
110
124
126
130
103
88
80
71
82
65
45
35
48
57
49
62
79
59
39
46
49
20
22
33
53
95
90
95
107
97
84
81
93
101
103
100
102
104
98
90
89
91
70
55
73
58
86
118
116
115
113
107
104
109
119
82
97
110
86
130
131
131
134
128
124
126
133
133
122
118
121
124
122
125
120
132
128
118
118
111
107
103
110
121
92
61
41
47
58
61
52
60
61
58
73
41
22
28
33
41
33
40
46
50
50
41
38
48
48
45
36
47
48
39
32
34
39
41
40
25
33
43
46
41
35
40
35
37
39
43
44
41
42
36
41
44
41
41
45
47
39
30
39
33
38
44
58
44
48
42
44
48
36
30
35
30
28
33
33
33
36
33
28
42
31
25
47
44
32
47
72
78
80
55
62
62
57
41
18
13
15
13
9
45
33
29
34
166
73
162
188
188
68
30
49
47
50
49
40
36
41
39
43
40
44
44
43
40
39
38
32
31
27
30
29
29
22
15
15
11
6
32
67
62
44
47
34
13
36
72
75
124
99
176
26
51
53
51
46
24
16
39
51
21
125
162
122
132
181
172
172
203
58
141
154
144
147
137
149
137
123
105
140
149
89
55
58
56
50
70
134
132
122
70
78
89
96
102
92
122
118
109
96
82
103
109
51
37
33
33
38
44
38
39
42
36
36
43
43
40
42
51
37
27
38
38
25
24
29
38
46
57
52
43
37
46
49
61
55
54
55
54
54
46
45
58
54
41
47
51
49
44
38
55
51
54
52
51
53
45
48
53
55
52
50
49
53
45
50
54
48
51
53
52
48
41
53
51
41
39
41
47
42
35
33
30
30
30
21
62
159
144
138
139
143
139
113
141
140
140
123
133
124
129
137
144
145
128
133
142
148
115
59
91
85
58
115
111
120
124
129
118
125
121
113
123
118
122
103
63
39
48
45
57
71
61
88
123
122
129
102
84
92
78
80
69
37
52
60
62
53
58
53
48
51
54
44
25
30
31
37
91
92
98
103
95
81
83
95
98
100
96
100
102
93
89
93
81
59
54
67
51
84
114
118
113
116
105
99
109
102
68
110
99
102
135
128
130
131
130
121
128
128
128
121
127
130
128
133
134
130
134
129
125
121
109
111
115
118
117
97
67
31
34
54
77
68
64
68
71
74
57
37
46
54
40
30
31
29
34
41
34
37
45
47
47
44
37
50
41
36
38
45
45
47
29
40
42
42
35
26
39
38
38
36
40
42
42
42
38
45
46
46
46
50
46
36
33
31
20
48
45
54
47
45
43
41
47
41
33
33
31
28
32
34
34
34
34
27
40
47
13
34
53
45
52
78
78
87
56
69
61
50
30
14
11
12
14
15
60
31
41
58
169
99
208
179
188
131
25
50
49
50
48
41
41
40
38
43
41
47
45
42
40
42
38
33
31
25
28
28
27
22
17
13
11
8
43
64
59
47
31
33
45
108
79
84
86
14
128
32
56
57
58
32
7
10
37
55
24
141
167
127
128
180
174
171
200
135
150
125
126
127
118
130
125
110
106
130
141
121
67
52
51
49
63
132
130
123
62
72
81
84
118
90
117
126
105
84
77
93
96
44
26
27
35
35
41
37
43
48
38
39
39
45
43
42
54
36
35
46
32
19
22
24
35
39
55
56
43
34
44
47
60
55
53
53
51
46
46
47
57
54
51
45
51
58
62
66
73
47
51
52
52
52
40
44
56
55
55
52
53
49
48
49
50
49
50
53
53
48
41
49
54
44
36
39
46
42
26
29
30
30
28
21
62
160
142
140
139
141
137
117
140
141
143
118
144
130
125
135
142
142
128
133
145
137
60
85
114
106
57
113
110
118
122
128
123
128
126
119
134
129
135
86
44
45
41
37
84
74
69
128
138
137
131
112
106
88
80
88
89
31
59
62
54
43
43
45
42
49
52
43
40
40
46
50
90
89
96
99
91
77
81
96
96
93
92
96
98
93
85
90
71
52
64
49
52
85
107
120
109
122
107
99
108
65
72
106
84
125
122
124
127
128
122
123
124
124
126
123
127
129
127
134
132
129
131
128
127
119
110
119
118
119
111
96
66
30
30
41
64
71
61
60
64
78
67
53
62
57
31
28
34
36
37
53
43
45
42
47
42
51
36
46
50
47
42
39
37
40
27
39
38
40
29
29
38
40
40
39
37
40
34
38
45
51
52
53
53
57
42
35
42
33
23
52
44
51
57
45
47
49
48
44
38
35
35
34
34
33
38
32
36
27
34
59
16
26
82
107
73
78
81
83
58
71
61
45
22
11
13
13
15
32
83
59
47
80
167
150
202
185
192
198
51
48
51
46
48
44
47
45
42
42
42
43
42
45
44
44
39
35
31
28
24
27
25
23
16
14
10
12
48
58
60
43
36
54
102
161
104
78
57
17
65
28
49
53
60
28
14
15
25
38
37
147
164
134
130
164
172
173
187
186
109
96
104
106
104
107
100
95
95
110
121
136
93
46
48
52
56
136
136
105
76
76
87
69
108
84
116
122
103
83
76
88
95
41
21
29
31
25
37
39
45
50
37
33
34
45
49
41
51
48
48
45
25
24
29
20
38
35
43
52
46
38
44
48
56
53
54
57
44
45
48
50
58
52
50
48
52
83
89
96
91
55
53
54
49
52
42
39
54
58
60
55
52
51
51
49
50
47
50
54
55
48
42
49
53
48
38
44
44
36
27
30
30
33
27
23
63
160
142
141
142
142
139
120
142
144
144
122
138
138
125
138
143
144
130
133
148
134
68
123
123
116
74
105
111
117
122
133
145
151
151
133
142
144
153
97
39
62
41
57
131
89
83
162
147
148
133
117
83
52
53
72
62
34
38
42
43
40
40
41
27
26
44
57
38
34
58
77
90
88
96
97
90
76
81
97
99
91
90
95
94
90
82
81
60
55
70
43
52
86
103
120
108
118
116
107
105
46
89
82
69
115
103
115
123
127
117
122
121
123
122
117
123
128
128
129
128
128
124
124
124
112
114
114
111
116
109
105
76
46
30
45
43
69
63
41
36
47
54
48
61
57
21
33
38
42
43
59
59
63
39
44
44
48
40
35
54
49
44
34
33
43
32
38
42
38
34
35
41
40
43
45
44
42
39
39
42
49
53
53
54
57
51
44
53
45
31
48
52
48
60
54
48
49
49
43
38
38
37
35
35
35
41
29
32
42
28
78
25
19
68
109
93
83
85
70
64
79
59
38
15
9
15
12
16
49
130
75
54
111
159
188
199
198
193
227
107
40
55
51
44
45
45
48
49
43
39
42
44
44
43
40
40
34
31
26
20
27
21
16
14
14
12
18
47
53
55
42
40
39
69
112
126
108
34
19
68
33
44
46
54
32
19
16
28
19
56
128
145
137
128
153
167
177
187
180
72
87
98
93
97
92
90
95
82
86
95
110
117
59
49
56
55
138
131
79
70
76
85
60
68
96
124
113
95
71
74
81
74
44
41
39
29
18
37
45
49
46
35
36
36
45
46
39
49
55
53
50
27
30
45
32
48
39
33
43
50
46
48
47
55
53
54
53
39
47
46
49
57
50
52
50
53
88
87
83
84
67
55
53
54
52
43
36
50
54
57
53
48
55
47
50
53
51
53
56
54
50
47
53
57
55
42
47
34
29
31
36
36
34
30
25
61
157
144
137
143
143
141
112
142
142
145
126
135
138
127
137
143
147
130
132
144
149
136
136
114
116
108
110
112
118
121
138
146
155
155
133
140
145
151
131
74
84
70
113
147
138
99
136
143
147
134
114
69
57
44
52
33
42
28
38
49
42
47
22
12
26
49
72
35
30
56
62
91
90
98
98
89
80
84
96
99
93
89
94
89
85
83
78
61
68
53
42
55
86
103
120
111
110
111
99
81
30
93
59
78
123
110
121
122
126
118
120
113
122
122
119
122
125
124
124
124
123
119
120
115
107
113
114
111
114
110
119
96
55
49
21
17
45
76
67
57
50
45
52
58
63
35
43
40
37
49
63
57
56
45
53
45
46
50
36
36
51
39
39
38
44
46
48
59
42
34
36
42
47
49
44
40
46
40
45
41
45
45
49
47
44
58
55
61
55
47
59
59
38
36
55
36
42
49
39
40
41
41
25
21
24
20
22
46
124
117
124
24
37
80
80
66
76
84
61
71
82
60
32
10
13
8
13
20
34
46
66
56
138
145
196
195
211
200
209
184
42
53
46
37
48
42
45
48
41
41
45
44
45
42
39
39
31
27
25
22
26
19
17
16
16
11
32
63
62
58
46
48
49
48
34
55
106
58
16
64
27
37
37
43
31
25
25
39
22
69
112
142
148
131
151
172
178
191
174
66
87
100
87
86
97
93
80
74
73
71
94
117
57
47
40
50
107
112
99
78
56
82
71
69
124
147
123
77
93
87
67
51
50
55
49
32
21
40
44
49
52
44
42
40
44
45
39
47
49
47
48
42
47
57
45
46
41
32
34
32
47
52
55
58
55
50
45
39
50
47
50
60
53
56
41
42
47
91
72
75
67
56
51
54
52
36
35
50
52
54
51
52
54
52
49
51
48
58
56
59
56
45
49
51
57
53
48
24
32
41
42
40
34
36
27
38
153
138
131
109
112
104
112
116
105
104
101
142
135
110
113
104
106
100
113
108
105
119
138
118
115
115
112
110
118
123
132
141
144
139
125
136
136
140
122
128
150
123
130
130
136
116
131
132
135
134
108
95
77
63
43
52
67
59
62
57
47
53
20
17
44
47
75
43
42
67
39
91
90
97
96
83
81
87
97
95
88
87
90
89
83
71
71
67
60
44
44
51
86
101
108
110
107
91
85
68
43
89
54
87
109
108
117
121
124
114
109
110
117
116
118
120
124
123
120
121
120
121
123
114
114
107
107
111
116
109
98
56
32
46
67
33
30
38
57
68
65
52
46
53
52
39
35
35
35
47
59
68
65
40
41
50
47
52
44
40
50
41
40
44
46
40
45
44
34
42
30
34
37
45
40
40
49
40
41
47
42
46
50
45
57
63
55
58
57
40
25
53
114
147
185
208
210
207
211
222
219
214
200
159
121
107
114
148
151
147
83
36
89
113
87
38
58
80
68
83
73
50
24
13
11
8
14
22
30
69
67
52
142
134
192
196
204
207
189
232
103
42
50
33
42
46
48
46
45
47
42
41
40
39
43
36
35
27
26
25
22
18
20
13
15
8
36
58
52
47
44
45
41
52
63
50
62
137
145
67
20
41
40
34
26
26
38
40
41
91
86
143
145
123
145
174
182
178
183
159
127
152
160
113
92
74
69
69
64
56
78
104
65
47
39
45
87
117
50
50
61
122
107
123
144
148
141
116
129
111
60
53
32
34
42
39
38
48
44
48
55
48
43
36
43
39
36
51
48
46
44
46
43
43
48
45
47
46
39
53
38
49
47
52
46
37
31
40
48
52
54
57
50
59
83
67
49
54
49
60
53
47
63
47
45
39
32
38
49
55
46
49
49
53
49
49
49
54
64
59
52
46
49
54
62
54
41
30
35
39
42
39
36
34
22
40
157
119
134
119
125
113
121
126
126
114
104
134
136
120
130
130
122
119
131
129
126
106
151
133
106
112
110
117
116
122
136
118
123
122
107
117
108
121
105
124
134
106
116
118
110
101
114
118
117
141
138
70
64
69
94
93
43
44
65
52
67
46
33
37
88
78
57
28
66
142
132
87
87
92
89
78
77
85
95
95
84
87
85
85
74
73
65
67
49
46
48
57
88
100
97
94
100
86
83
56
64
87
40
99
114
109
106
116
120
112
120
112
116
116
117
120
119
120
118
119
120
122
119
113
107
106
114
110
111
108
92
68
42
35
61
66
40
32
39
61
70
62
53
54
35
38
40
38
38
49
79
72
64
42
44
51
50
52
52
47
39
52
45
44
42
45
47
47
74
58
52
84
79
80
79
84
48
42
44
46
49
52
51
53
51
56
59
48
51
104
166
223
241
241
236
228
225
221
222
227
224
224
230
239
237
239
176
107
151
149
148
140
123
97
78
61
66
67
72
87
66
38
16
13
7
10
9
18
54
58
40
54
158
153
203
183
194
201
202
199
180
54
53
40
36
37
46
50
43
44
45
42
41
36
39
37
35
30
25
25
22
18
16
14
15
14
38
47
46
49
46
42
50
56
66
69
65
66
98
76
21
27
47
31
23
15
20
21
94
62
154
148
152
134
142
184
175
162
195
194
166
178
174
120
86
77
80
85
72
57
64
102
59
43
37
44
54
110
61
77
77
116
141
161
151
160
160
140
159
131
38
44
32
37
37
39
42
48
51
54
51
44
45
40
49
44
36
47
46
44
44
43
45
50
47
48
40
40
57
97
85
51
44
43
36
29
26
37
34
45
49
52
57
63
90
76
72
49
51
47
46
50
92
61
51
42
38
46
45
58
52
44
53
49
51
53
54
53
57
59
53
43
51
52
64
55
43
41
40
41
45
40
36
28
22
57
156
128
129
148
152
146
128
148
150
149
135
137
136
131
144
154
156
127
137
154
155
152
112
106
107
113
118
113
114
96
128
114
119
115
113
129
120
123
107
114
137
122
131
137
134
118
144
141
133
124
99
66
94
99
81
90
93
93
85
57
81
81
89
89
105
64
28
77
128
111
127
83
86
89
85
80
77
84
90
90
86
83
86
80
71
71
71
64
47
52
47
51
84
97
97
91
102
99
86
42
63
72
46
108
114
109
105
114
122
108
113
108
118
120
120
123
119
121
120
122
123
119
113
115
112
113
113
108
107
98
84
62
36
37
44
65
51
40
41
54
61
63
52
47
32
34
45
41
38
65
68
64
61
38
45
49
48
52
60
50
38
54
57
52
47
44
46
49
94
53
61
100
93
87
91
89
42
44
45
51
55
47
43
51
71
52
39
94
182
225
234
230
222
223
219
215
223
226
224
215
218
220
211
217
221
167
127
71
140
162
160
165
163
166
121
46
55
52
54
64
50
29
16
14
12
13
11
24
68
50
35
56
160
167
206
193
191
193
200
195
197
117
46
41
30
37
43
43
44
48
44
42
42
39
38
38
31
28
23
23
22
18
15
15
15
11
32
39
40
41
40
45
48
39
47
50
52
46
41
59
35
23
41
33
23
18
16
25
65
46
170
146
148
132
139
161
164
160
174
236
226
191
156
128
82
79
88
91
78
56
66
92
53
54
47
49
52
108
91
71
91
132
147
154
150
147
148
135
126
139
50
41
31
40
41
42
41
50
49
48
49
49
50
36
42
44
36
42
47
45
45
46
48
41
45
47
46
47
84
72
49
36
39
37
33
29
30
34
27
34
43
52
57
78
73
86
87
54
46
54
65
86
78
91
80
39
32
47
45
46
48
47
54
48
49
55
54
53
56
55
57
42
42
49
56
57
46
37
39
41
45
42
34
27
24
64
151
148
138
140
142
137
106
140
142
138
116
136
133
113
132
140
143
108
118
138
143
141
132
115
106
107
121
107
117
117
126
141
145
140
130
137
148
143
128
124
136
130
146
153
155
117
147
151
151
133
104
150
123
68
74
88
62
39
40
63
93
145
138
123
128
44
15
62
87
88
132
79
85
86
82
79
75
83
87
87
87
79
88
79
71
66
70
55
47
52
50
47
85
94
92
91
96
95
82
39
83
54
50
110
105
103
101
108
119
107
104
101
110
112
113
121
119
120
116
119
119
112
111
115
112
112
109
111
111
98
92
66
40
39
42
49
54
54
35
47
62
63
54
50
21
42
50
44
41
65
58
56
50
39
44
48
50
45
54
57
42
40
50
53
46
42
42
55
99
52
69
102
97
98
101
72
37
47
52
46
56
50
51
49
48
53
129
208
228
227
225
223
221
220
227
222
224
221
222
220
215
214
225
222
155
118
102
67
100
145
143
161
174
196
108
33
74
62
55
47
36
25
18
15
10
10
13
29
62
59
39
70
159
179
193
194
189
196
194
207
200
187
79
34
34
38
44
43
43
43
40
39
35
42
42
35
30
27
22
22
20
17
15
14
13
27
53
51
41
51
61
52
56
53
56
65
57
62
64
60
51
23
32
36
24
18
14
11
47
48
133
152
143
127
137
147
160
162
164
238
247
226
159
158
107
143
138
67
67
65
70
63
38
45
37
40
46
73
100
68
110
153
156
151
148
143
125
130
129
68
43
43
29
40
43
39
41
46
43
46
48
42
41
34
39
43
36
43
49
41
42
40
44
38
38
44
40
38
71
64
62
42
27
32
29
28
32
33
30
28
42
49
43
55
69
65
76
69
61
100
84
86
70
64
64
43
35
35
41
35
36
45
48
51
46
54
53
53
57
54
52
44
48
48
55
56
51
38
39
41
43
43
35
27
22
76
151
144
138
140
140
136
105
139
136
139
116
133
139
119
133
140
143
125
125
134
136
144
136
116
107
107
110
104
117
122
136
149
154
146
132
140
149
148
134
130
140
118
126
147
144
121
138
143
143
132
108
125
108
110
120
110
125
73
47
73
126
132
128
128
98
41
59
88
85
75
87
78
88
85
80
77
72
80
84
87
85
80
85
78
68
64
62
51
46
48
48
46
80
93
93
91
91
94
72
41
82
43
62
110
103
100
96
98
111
106
100
98
97
98
99
108
106
105
100
106
100
95
102
102
100
104
105
111
113
101
97
66
35
42
41
45
48
57
48
43
50
59
56
48
18
41
51
46
47
62
55
60
51
40
44
48
49
45
49
61
47
42
50
52
54
51
43
59
92
54
63
88
82
83
88
57
40
44
51
53
46
33
48
65
78
163
214
229
221
217
223
225
227
224
217
225
226
219
222
216
215
214
229
168
118
116
93
66
100
132
128
143
154
178
90
39
60
56
53
34
24
23
18
17
10
8
15
29
57
64
33
91
158
184
189
199
201
197
193
209
204
205
147
45
37
33
42
43
41
40
41
41
38
40
42
33
29
26
23
22
20
16
16
15
12
37
63
62
49
54
62
51
55
65
63
68
62
63
64
56
60
26
14
29
28
7
9
23
74
60
82
145
142
135
138
142
155
160
157
232
209
218
160
158
134
156
116
51
48
61
64
42
33
33
28
32
35
42
74
92
145
162
155
148
142
142
129
124
98
37
40
40
30
37
39
41
41
45
40
44
46
37
36
33
34
40
33
46
45
40
43
40
43
36
39
43
39
49
51
35
49
34
25
26
27
28
32
32
33
25
38
44
35
47
65
49
87
87
64
128
103
86
57
46
51
39
34
31
34
31
29
35
45
50
46
51
51
48
56
52
49
43
48
44
49
54
55
39
39
44
42
39
35
30
23
84
150
141
139
139
141
138
109
142
138
139
124
136
139
122
130
140
144
133
128
136
135
143
136
116
109
108
108
103
116
122
139
143
144
139
122
131
144
140
122
117
143
105
107
143
132
109
130
137
137
132
112
104
104
148
150
112
162
131
120
110
94
115
101
116
86
44
60
111
112
97
123
74
83
83
80
74
69
75
82
83
78
79
78
75
66
66
58
51
47
47
46
43
75
94
91
89
95
91
60
49
76
34
80
110
102
99
93
94
103
102
98
96
94
93
96
101
96
93
92
96
91
88
96
92
92
95
97
110
110
106
98
72
34
42
45
50
48
51
63
56
46
52
58
48
21
38
49
46
52
66
59
62
51
40
46
51
51
47
46
59
52
43
46
48
49
50
43
63
79
48
53
76
67
59
59
45
37
40
45
34
52
110
138
155
176
224
225
218
217
222
227
225
224
223
215
226
225
220
219
217
217
216
191
125
113
115
93
51
103
124
124
131
146
159
68
25
26
38
43
24
20
21
17
15
8
9
20
31
51
45
24
115
177
191
194
197
205
198
192
197
211
201
200
117
26
27
36
44
39
36
42
43
41
37
41
35
30
23
18
18
18
16
14
13
14
39
58
63
54
45
51
50
51
64
62
61
62
59
55
53
56
40
23
37
58
47
43
61
90
67
72
129
146
144
138
142
147
153
151
207
179
205
152
128
141
129
72
40
41
56
62
38
37
35
37
45
43
43
42
125
172
161
151
143
140
137
137
132
52
38
39
35
31
33
34
37
36
39
30
41
39
34
31
32
28
31
31
39
40
38
41
39
36
30
33
39
50
75
56
46
31
23
23
26
27
31
30
33
30
27
33
40
34
48
56
44
73
92
72
109
91
67
51
36
35
31
28
31
30
29
29
31
45
49
45
50
50
46
56
53
47
37
48
43
43
51
54
44
39
45
41
40
35
31
23
89
147
142
137
139
143
142
115
142
138
139
124
135
138
124
133
140
143
129
129
139
137
142
135
107
90
112
107
105
115
122
140
135
136
135
119
132
119
139
117
105
135
93
109
138
133
103
128
138
138
132
109
117
104
141
147
120
142
153
157
124
103
133
121
113
98
75
69
119
121
118
144
72
77
80
79
68
69
73
80
80
73
75
74
73
66
64
57
50
46
48
47
42
72
91
89
86
99
86
51
55
72
32
94
107
99
98
92
92
95
98
96
94
94
94
99
100
96
93
94
96
91
91
93
90
92
87
89
109
105
103
99
77
41
42
51
55
49
42
55
58
50
47
55
46
25
38
41
45
52
65
55
56
49
40
46
53
53
47
43
50
56
42
42
43
39
42
41
62
72
41
47
75
65
55
52
39
33
34
36
54
140
204
216
219
236
227
223
223
223
226
224
221
221
222
222
226
226
222
220
218
211
205
143
123
116
111
99
64
104
118
123
132
156
118
31
18
33
37
29
17
19
17
16
10
7
10
24
39
50
34
25
137
190
203
193
194
201
201
200
188
207
200
207
198
63
22
32
44
44
38
42
41
39
40
37
36
28
21
16
17
17
15
14
11
19
48
57
70
59
41
46
50
50
60
59
56
58
56
56
54
51
52
50
67
77
87
70
72
70
58
69
96
151
147
141
142
141
149
152
175
175
193
169
118
133
127
68
41
40
58
65
39
40
39
40
36
35
33
45
162
174
159
147
139
137
135
144
127
26
36
30
32
28
28
30
32
30
31
23
32
30
29
26
25
23
21
26
27
31
28
30
28
26
26
26
30
48
73
64
68
29
20
22
22
23
26
25
32
24
29
30
38
38
52
45
43
58
85
69
73
62
43
43
27
24
27
25
30
30
30
32
32
45
47
45
49
49
47
56
51
45
32
48
45
39
48
52
48
36
44
41
41
33
28
22
87
148
141
135
139
143
141
118
139
136
137
123
132
140
128
137
140
141
127
130
139
141
145
133
101
65
105
108
105
114
118
137
133
139
138
122
132
98
141
121
110
117
72
117
121
132
109
131
141
140
133
104
153
116
133
141
126
136
149
132
117
137
120
124
110
112
113
107
123
113
105
119
75
76
79
78
65
69
73
78
81
73
71
73
72
63
58
52
48
44
49
50
45
70
92
89
84
93
85
46
57
61
40
98
100
96
94
90
89
88
96
95
94
89
91
98
99
97
96
95
98
92
93
89
87
91
81
89
106
102
94
92
71
47
43
52
57
51
40
36
36
45
40
39
34
30
40
36
42
46
56
47
46
48
40
45
50
51
49
45
43
58
48
43
42
40
42
41
54
72
41
46
77
69
70
64
36
34
34
51
127
199
209
214
215
220
227
228
225
226
222
224
222
223
222
223
223
226
221
219
208
211
176
120
125
114
113
103
103
115
115
119
134
155
65
30
44
49
38
22
18
19
17
16
7
6
11
29
48
66
49
35
156
184
199
190
197
200
203
211
192
195
202
195
215
163
40
26
41
50
47
44
40
39
41
35
33
25
22
22
20
19
17
16
11
26
58
58
75
66
45
45
43
46
54
55
54
53
51
55
50
49
49
59
87
59
67
51
47
45
47
44
64
152
146
146
145
142
151
154
165
173
176
196
173
127
137
80
51
38
63
62
33
35
33
37
42
49
51
117
193
165
154
141
135
124
121
125
82
22
32
24
30
25
27
30
31
25
27
24
24
26
24
24
17
23
19
22
21
21
19
20
16
21
25
26
26
32
47
49
54
29
19
23
23
23
17
20
23
22
29
31
41
46
55
40
46
69
69
50
55
45
39
30
23
26
28
29
33
34
32
30
30
42
43
46
46
49
49
52
45
41
32
41
48
40
49
55
47
33
44
44
39
29
25
21
84
146
140
137
136
138
136
115
139
139
137
125
133
139
129
135
140
138
126
126
138
141
145
133
106
64
93
112
102
113
115
132
137
142
140
121
121
109
137
123
122
113
68
114
109
134
117
136
141
140
137
111
156
136
152
157
140
142
128
112
120
136
83
83
88
110
121
123
120
102
88
121
74
78
82
80
72
68
73
79
80
70
67
73
72
60
53
51
49
44
46
49
46
67
99
86
86
84
81
42
63
45
49
96
96
91
86
87
87
87
93
95
93
89
89
98
97
98
94
93
94
90
92
87
85
86
77
86
97
99
87
74
60
44
39
45
57
58
49
40
25
35
32
20
20
27
41
41
35
38
50
52
36
40
40
46
44
46
51
51
50
54
48
40
37
40
42
45
53
74
41
48
77
67
78
53
39
47
62
106
146
119
194
236
229
188
173
181
218
228
218
227
226
225
220
229
220
221
215
208
208
225
137
118
119
112
111
104
108
115
114
118
128
130
74
89
54
21
24
27
24
19
18
14
7
6
18
36
53
83
61
54
178
186
173
193
199
199
198
207
203
189
199
204
190
221
115
22
39
50
53
50
42
37
33
40
29
27
24
25
20
20
20
19
10
35
55
48
53
63
46
48
37
39
44
51
54
47
48
47
42
41
41
54
74
46
40
44
37
43
50
38
59
139
147
144
146
144
147
154
169
166
173
181
248
130
131
82
47
51
66
47
29
31
24
81
149
161
173
218
207
184
149
135
130
108
73
53
32
28
28
27
28
24
32
32
28
22
24
22
26
25
24
25
21
23
24
23
22
24
21
21
18
20
21
27
29
31
39
33
41
21
19
18
45
34
18
27
20
24
31
38
45
44
42
45
49
58
45
48
54
37
40
28
27
26
30
32
42
41
31
25
24
40
40
43
44
47
45
49
39
34
30
36
50
46
51
57
47
35
44
45
40
32
27
24
93
138
138
138
133
135
133
115
136
137
141
129
133
137
128
132
140
140
124
125
138
138
137
138
109
91
97
110
102
109
118
136
139
142
137
122
120
133
129
125
119
136
105
111
121
145
119
136
141
139
141
129
92
112
136
157
183
101
89
125
129
120
111
86
79
93
109
110
99
82
104
157
70
82
80
78
70
65
77
77
76
64
59
66
66
57
54
53
51
40
40
45
39
61
91
86
91
81
64
42
62
25
62
97
100
91
85
84
87
90
92
92
86
97
92
99
91
94
92
89
86
89
90
88
88
88
81
76
82
81
73
69
58
43
38
40
51
51
51
53
49
38
42
28
27
47
33
27
31
31
38
38
40
41
37
40
40
43
45
47
48
47
48
47
39
47
45
53
62
78
40
47
75
76
70
59
84
113
127
118
146
212
198
180
165
129
150
150
212
224
224
224
223
226
222
229
223
220
222
212
232
197
108
118
121
122
112
110
107
115
111
114
120
114
105
69
40
62
50
18
14
18
16
13
7
9
22
36
59
77
47
88
180
194
192
184
204
198
190
203
213
186
193
204
202
186
197
64
35
48
51
50
46
37
33
37
27
27
20
21
21
18
17
15
13
41
50
48
52
56
51
56
50
44
43
42
40
38
40
33
36
35
33
53
69
34
43
42
37
37
39
35
34
88
167
139
141
142
147
164
164
166
172
169
235
144
192
136
41
66
47
28
29
30
5
160
232
215
226
226
234
238
169
130
132
114
32
22
22
26
21
23
24
22
28
28
23
24
24
18
23
22
23
19
17
21
23
21
19
19
16
18
16
16
15
25
23
26
26
27
24
22
21
26
33
30
26
18
24
22
33
33
39
36
30
51
44
31
48
52
42
38
26
31
34
36
36
30
46
45
30
24
20
36
38
39
42
38
38
44
39
35
30
35
48
44
46
54
48
44
41
45
46
40
29
23
94
137
136
137
136
131
134
126
125
114
118
135
131
135
121
132
126
143
125
132
132
135
137
131
114
106
103
113
106
107
121
136
138
139
139
126
120
137
116
127
103
133
119
111
128
134
107
115
140
142
139
128
81
55
51
63
129
102
110
113
125
65
103
127
141
97
133
131
76
79
86
146
47
42
50
45
33
41
45
52
61
58
48
50
56
57
47
41
47
43
45
43
38
70
94
84
83
91
63
61
64
29
81
102
94
87
95
92
97
92
94
89
95
98
90
98
94
93
92
94
90
95
92
88
89
86
70
99
117
89
79
84
63
43
42
39
53
59
55
61
69
78
80
37
144
240
65
126
67
38
37
37
43
43
43
33
38
36
38
42
56
71
64
71
72
80
90
95
87
78
64
73
84
70
111
150
117
124
112
198
236
205
193
211
241
249
253
242
231
227
228
225
230
224
224
221
221
218
212
202
244
125
117
116
116
112
107
111
109
108
107
108
116
108
76
56
60
36
9
15
13
14
15
12
5
14
28
44
74
84
34
113
178
178
206
186
197
199
205
205
200
202
198
199
207
199
200
170
49
47
57
50
45
40
37
32
29
24
20
15
18
15
15
10
14
46
48
46
46
44
48
53
47
38
39
36
35
38
38
35
38
44
34
57
61
35
37
40
37
35
39
39
36
58
162
140
143
145
141
159
155
165
189
170
216
128
162
246
132
31
7
30
22
26
25
82
241
234
233
225
192
207
179
126
117
141
45
34
26
22
17
22
22
22
23
21
19
22
21
24
23
23
19
17
21
25
22
22
21
13
13
17
15
20
17
21
19
21
27
33
32
28
24
28
16
24
24
23
24
29
33
38
34
34
34
46
33
35
48
41
21
37
27
35
32
38
40
32
45
43
31
24
21
31
34
41
43
30
36
37
35
33
24
35
46
40
26
34
41
41
44
44
47
42
30
29
126
147
135
140
136
117
110
116
146
125
90
103
137
134
129
123
78
120
130
124
118
138
148
133
117
98
98
108
107
109
119
133
147
147
144
129
130
149
122
124
85
134
114
118
136
143
113
110
141
140
136
117
178
155
122
62
45
73
130
111
65
69
138
133
123
140
126
138
83
91
99
130
154
151
145
143
130
119
118
115
102
92
85
85
84
75
63
57
54
35
38
35
27
46
74
67
61
61
32
41
25
11
47
63
62
50
58
57
62
59
58
59
65
67
71
74
72
70
70
70
74
69
69
71
72
68
62
72
75
73
61
51
44
29
30
27
38
52
54
46
46
43
47
76
210
221
52
213
107
6
8
20
23
31
34
24
41
39
35
48
59
72
76
62
62
73
81
60
49
43
50
34
73
144
132
86
213
141
171
238
183
237
235
237
229
218
206
212
214
224
223
225
223
224
224
215
214
210
202
210
206
96
116
113
111
113
114
114
105
98
99
103
114
91
73
76
58
34
25
27
22
17
15
10
8
14
31
54
68
74
26
152
182
185
191
213
196
195
209
211
202
198
203
200
204
203
196
206
147
46
51
49
46
43
32
32
30
22
22
14
15
14
16
11
19
38
42
42
43
44
57
49
51
44
48
49
48
48
43
39
33
40
35
65
65
40
44
43
45
39
38
35
47
43
121
162
138
136
153
166
171
183
177
171
223
123
105
153
231
159
18
14
30
23
19
30
141
140
153
180
199
187
164
126
115
151
59
21
29
22
22
16
21
22
25
20
18
19
24
23
17
19
26
17
19
19
21
22
23
17
17
21
17
17
15
18
24
21
22
33
30
29
26
20
31
27
23
26
23
24
28
28
18
36
31
32
19
22
29
46
45
46
43
45
41
41
40
30
28
28
27
21
21
26
28
37
36
25
34
32
30
28
25
38
37
31
43
36
28
48
47
47
42
32
35
34
83
109
158
137
106
99
97
91
120
111
107
84
141
139
117
105
86
108
92
102
94
98
113
139
114
106
106
107
109
108
115
134
134
141
133
113
120
130
133
107
95
133
98
99
110
116
85
116
108
103
125
100
181
191
197
198
178
144
136
107
111
102
123
114
101
88
128
148
140
113
101
115
211
217
214
214
215
212
214
212
207
204
201
199
200
196
194
193
196
186
189
189
187
189
191
187
175
174
159
158
147
145
151
148
141
135
129
121
120
125
119
120
119
108
103
102
103
104
103
98
99
87
85
92
93
91
88
94
92
93
87
83
74
74
67
68
67
69
80
79
83
86
92
153
230
183
128
221
166
94
83
70
61
50
44
39
27
20
13
16
22
17
15
17
21
19
17
23
21
16
10
92
178
134
92
115
184
111
152
172
208
229
223
226
229
218
219
213
218
223
221
223
223
216
200
203
215
213
206
222
148
110
105
99
108
117
108
107
102
97
94
96
94
77
57
45
27
27
28
15
10
15
12
9
10
17
33
55
76
66
35
177
179
191
185
193
209
192
196
214
211
199
202
197
201
208
205
194
200
129
42
45
48
44
35
29
27
21
17
16
17
16
15
13
28
51
41
43
41
46
49
47
40
42
46
43
43
38
37
38
38
41
39
63
64
49
41
42
44
50
49
79
80
79
91
153
133
133
144
161
165
158
154
184
199
100
133
130
208
234
166
54
13
21
17
59
104
115
107
95
111
184
209
162
115
167
182
75
13
30
20
20
21
15
20
18
19
23
26
25
24
22
28
22
23
21
28
27
22
23
20
24
22
16
17
23
26
22
22
26
30
31
27
18
22
24
22
21
20
22
26
19
21
33
36
33
13
23
44
52
45
43
38
33
33
28
30
31
26
24
27
23
24
24
25
26
22
20
23
24
28
25
26
34
28
35
36
29
31
45
45
46
42
36
29
35
47
90
112
118
123
116
110
111
119
114
111
98
138
135
118
125
112
120
103
120
117
117
103
135
122
111
106
107
104
108
115
129
108
112
112
101
108
108
109
92
96
135
105
109
120
127
106
95
135
123
135
89
183
182
166
174
186
189
195
187
192
169
185
127
107
107
133
114
60
89
113
138
207
207
205
204
201
204
205
206
204
204
202
202
205
201
208
207
206
208
204
210
213
213
212
208
209
206
206
206
206
205
204
204
201
198
198
198
198
199
199
203
201
201
196
198
195
198
197
194
193
196
191
194
193
191
195
195
195
194
192
192
189
189
188
187
188
190
192
193
196
194
204
224
211
167
194
214
206
198
196
186
189
189
189
182
165
147
134
122
118
108
102
96
86
69
53
38
30
23
92
180
128
107
114
117
133
112
138
207
233
220
219
227
216
214
219
215
219
218
225
225
222
218
208
203
195
203
207
203
105
116
121
120
124
121
111
100
100
92
89
85
86
73
63
37
25
29
24
11
15
13
12
11
13
22
38
63
78
44
93
164
152
199
191
176
202
206
191
201
214
209
198
200
194
199
203
202
196
195
116
41
42
40
38
29
26
23
20
18
17
16
16
17
31
44
42
37
43
40
44
46
38
37
44
43
37
34
39
38
40
40
42
56
60
47
41
40
40
58
62
83
78
62
61
103
148
133
140
148
144
139
138
173
188
94
136
128
154
238
216
163
62
16
51
99
113
109
99
98
79
88
149
178
134
141
195
176
64
19
28
26
25
18
20
21
24
24
22
26
27
27
29
34
25
30
34
30
22
22
22
26
27
17
18
25
20
21
23
21
25
29
20
17
20
19
18
18
20
19
21
18
32
31
31
38
17
26
51
47
49
33
32
26
23
27
29
31
29
22
26
28
24
22
24
20
18
21
22
20
24
19
21
27
26
30
34
29
34
44
48
48
47
37
36
38
42
41
43
91
137
141
130
119
131
136
133
118
132
136
127
134
135
134
128
124
133
140
135
126
116
107
97
102
104
105
113
130
128
132
130
121
125
135
131
114
91
132
116
119
135
136
118
96
140
135
138
103
174
212
208
208
203
195
187
184
183
178
181
144
121
116
121
102
101
115
109
108
203
203
199
199
195
196
201
201
202
202
200
201
202
200
203
208
204
203
200
202
207
207
207
206
205
205
207
206
208
206
204
205
205
206
207
207
206
205
208
207
206
208
209
211
206
210
211
211
211
212
211
212
212
212
213
214
215
214
213
213
213
211
212
212
212
215
213
212
212
212
218
225
187
166
193
202
201
202
201
194
206
209
212
209
208
200
199
199
204
203
202
196
187
191
186
172
154
128
135
126
97
103
106
107
115
117
178
225
223
213
218
220
210
216
209
210
215
215
222
225
218
217
208
206
194
197
216
174
91
119
121
126
113
125
113
103
99
91
87
83
79
62
54
50
53
33
15
11
16
13
11
12
13
22
47
63
76
30
174
112
130
185
192
180
182
202
195
188
204
217
200
199
195
200
200
205
196
196
186
106
40
37
35
32
26
23
20
18
14
16
17
17
34
46
36
37
42
37
39
44
38
35
37
35
36
36
39
37
38
44
44
53
58
48
40
39
38
53
59
96
85
54
38
46
123
141
142
147
133
143
142
181
168
88
128
132
127
178
241
229
171
71
91
116
104
96
97
99
82
67
73
107
126
166
179
191
173
44
33
34
28
29
30
32
33
32
24
27
34
33
33
39
31
30
27
29
25
26
24
24
32
26
18
22
16
16
19
18
26
36
22
25
18
17
16
17
18
16
20
23
36
25
25
39
23
35
45
38
38
27
31
25
22
29
27
25
29
24
26
28
22
21
21
20
23
29
27
23
24
18
19
27
24
32
42
35
36
46
46
45
46
35
36
37
35
19
25
110
123
130
126
112
131
138
138
119
122
143
132
129
139
139
131
124
129
137
142
128
114
101
87
79
98
105
107
129
141
139
140
131
129
141
138
127
99
133
125
116
141
139
127
117
141
140
135
131
98
108
113
103
99
98
98
88
100
127
104
112
109
119
107
117
118
94
79
52
209
205
199
199
195
197
201
202
201
201
200
201
202
200
200
204
201
200
199
201
203
203
204
203
201
205
203
202
203
200
200
202
203
203
202
204
203
202
204
202
201
202
204
204
202
203
203
205
205
203
205
205
207
208
207
209
209
210
210
208
208
207
207
207
207
209
207
206
206
205
206
200
175
167
181
195
187
188
190
186
195
195
197
198
200
201
203
210
214
218
212
216
225
221
175
143
128
111
94
75
82
89
80
87
96
116
197
210
207
215
209
211
212
214
210
210
216
214
217
221
215
210
209
215
205
202
203
137
108
116
119
121
114
131
116
102
93
90
86
81
70
63
52
55
51
28
21
14
10
13
14
15
15
35
58
67
67
67
197
80
129
163
185
188
177
190
198
188
190
208
204
202
197
202
202
201
200
191
195
177
92
36
34
32
27
26
23
15
15
16
15
17
37
42
38
38
40
48
51
42
36
34
39
30
33
38
38
36
38
42
43
57
55
44
46
46
38
50
53
106
95
51
26
30
73
143
149
142
135
146
148
196
127
90
124
133
128
123
176
214
188
101
84
82
82
86
84
81
73
73
56
58
97
177
178
171
204
138
21
35
29
29
30
32
35
32
27
27
29
34
32
35
35
31
24
30
28
30
25
21
28
31
24
19
18
17
20
18
30
36
25
42
22
17
19
16
19
17
25
28
39
25
29
38
25
39
31
36
29
25
26
23
35
32
28
23
24
25
26
24
22
21
20
23
27
27
28
25
23
18
20
26
28
47
40
48
33
48
46
48
45
36
32
32
32
27
39
120
107
119
121
110
124
133
136
124
114
133
126
126
134
138
125
122
119
125
130
117
109
92
67
52
87
100
92
119
136
134
135
122
122
132
132
122
108
124
118
102
125
125
108
111
124
127
128
122
62
34
39
18
57
96
85
107
91
113
71
77
80
104
89
168
143
83
91
55
215
212
211
209
207
212
214
216
214
216
217
216
218
216
216
217
213
213
212
214
213
216
214
213
211
214
210
212
213
208
209
211
210
210
207
210
209
210
210
207
206
208
207
207
209
206
207
206
207
206
209
207
209
209
210
212
210
212
213
209
210
210
210
210
210
211
211
212
210
207
208
192
173
165
181
190
186
191
195
193
197
199
199
202
197
198
199
204
204
204
209
213
189
138
83
51
47
53
59
68
68
64
60
65
68
131
188
193
198
206
199
206
210
206
209
211
218
214
213
218
218
209
220
223
212
214
166
90
98
88
94
95
103
110
98
88
87
92
87
78
67
70
46
37
34
30
28
13
8
10
14
17
16
44
55
56
54
138
130
93
139
149
166
183
182
181
192
196
190
193
201
201
197
199
206
199
200
200
185
193
159
67
27
32
29
30
24
16
19
16
16
21
45
47
45
42
39
49
55
42
36
33
44
41
33
37
38
36
39
43
41
62
52
40
46
48
37
53
60
101
97
53
26
40
42
124
155
132
144
139
155
193
88
104
124
132
136
116
102
138
128
83
49
51
67
70
69
63
53
66
67
58
67
145
184
169
178
212
31
29
27
22
23
28
32
33
31
28
25
30
30
31
32
30
27
26
28
31
25
22
25
34
31
19
21
20
22
21
25
32
30
43
23
18
25
22
26
29
29
33
45
28
34
37
27
39
25
40
27
24
31
37
33
36
29
23
19
29
27
25
27
20
20
26
27
21
22
23
22
17
22
17
38
64
40
60
41
48
47
51
44
39
30
29
35
44
50
108
102
113
118
109
118
134
133
121
112
116
109
118
127
134
120
110
113
116
116
102
96
87
60
58
92
105
100
115
131
130
129
118
121
128
128
114
111
115
110
101
114
113
85
94
114
116
114
95
57
18
20
15
98
141
112
144
132
127
79
76
65
84
100
151
136
91
101
83
178
189
170
170
176
178
187
189
189
195
200
198
201
202
204
205
203
202
207
209
209
215
212
214
211
210
212
214
215
215
214
212
210
214
210
214
213
215
214
211
214
214
213
214
218
213
216
215
216
215
217
214
215
215
217
218
218
217
217
215
216
215
215
215
215
216
217
219
215
214
208
193
172
162
187
200
198
201
196
196
195
198
198
200
196
196
204
206
214
223
228
191
120
64
61
60
62
68
64
59
60
52
51
58
65
156
193
189
193
189
194
200
204
205
204
210
216
215
209
213
221
216
225
223
213
222
129
56
61
53
57
60
63
69
62
60
73
96
85
75
63
62
30
20
31
35
19
9
12
8
11
15
17
28
37
28
78
160
50
120
152
157
153
166
179
177
179
196
198
193
193
195
198
196
203
202
198
198
191
178
182
133
45
29
29
32
24
19
19
18
19
26
44
47
41
47
39
37
39
39
35
36
45
52
40
38
39
39
42
50
39
65
50
42
38
40
30
54
64
86
85
52
32
42
41
96
155
136
149
134
166
169
74
115
127
129
138
137
102
84
92
65
54
81
90
58
58
56
44
58
63
60
56
106
185
179
171
212
83
22
28
23
26
31
32
37
32
31
29
29
32
30
26
26
27
20
26
28
27
26
30
38
37
27
25
23
23
31
30
40
46
37
34
38
40
39
37
44
33
40
47
25
31
35
29
34
36
42
21
28
79
116
34
26
21
18
19
25
22
21
27
22
22
23
20
17
16
20
15
14
23
10
43
66
52
65
55
48
47
48
43
40
30
30
35
55
60
98
103
103
106
100
109
125
124
108
116
109
101
108
115
120
109
101
106
100
102
90
87
87
75
76
89
97
101
105
109
108
108
106
107
116
111
103
97
101
111
106
102
108
88
99
129
131
123
109
68
33
24
43
117
122
103
100
132
123
93
111
95
95
125
70
101
95
85
89
98
113
45
48
58
60
72
77
78
81
88
92
96
98
100
103
107
112
124
129
129
134
141
145
143
147
155
156
160
166
166
161
164
172
174
183
183
185
188
194
199
202
202
207
209
206
209
209
211
209
211
209
207
210
211
211
213
211
211
213
211
210
208
207
208
211
211
210
208
207
203
190
167
158
178
209
202
205
198
204
201
202
206
201
204
206
206
211
225
232
179
97
65
71
70
67
66
62
54
57
50
51
53
63
87
149
206
194
194
190
193
192
202
210
206
211
212
214
213
207
213
216
217
216
211
215
95
50
54
55
54
53
47
49
48
36
47
91
84
69
44
44
28
25
25
18
7
11
17
9
9
12
19
17
19
34
145
96
47
121
162
185
169
158
169
177
173
181
188
200
194
197
199
196
195
203
197
191
192
186
175
178
118
37
26
30
29
19
15
19
20
30
33
26
31
40
37
32
30
26
27
33
37
36
38
36
35
35
42
39
35
67
49
40
38
36
30
51
49
68
60
37
36
37
46
76
161
153
142
135
175
139
85
117
129
126
139
143
113
101
88
69
125
147
151
75
51
59
44
49
58
52
68
82
174
183
176
194
137
21
32
32
35
35
34
33
26
32
29
33
33
28
22
25
26
26
27
27
30
28
33
35
40
38
36
34
40
49
59
55
61
49
61
66
62
52
45
47
46
50
41
20
27
40
36
25
47
36
21
57
153
223
104
31
23
24
30
18
35
36
25
23
29
13
9
10
12
19
11
18
23
18
36
51
57
63
52
47
50
48
42
40
30
32
32
52
70
80
92
98
90
88
96
99
108
106
111
98
104
104
99
94
98
107
93
82
84
75
87
91
98
81
71
67
71
85
87
90
88
88
90
101
95
97
91
89
119
102
81
99
100
103
112
128
143
141
113
101
83
92
113
114
117
110
114
130
129
147
141
126
114
73
121
108
103
105
108
95
33
37
30
39
35
35
35
29
30
33
31
35
28
29
28
27
34
20
16
15
31
31
25
23
22
25
30
28
28
33
37
42
44
51
51
53
56
64
71
77
78
86
91
91
90
92
97
96
101
103
103
105
107
106
108
107
108
112
112
111
106
104
108
111
109
104
105
92
156
199
161
158
112
137
159
150
153
168
178
188
197
197
209
227
187
212
219
158
80
66
70
68
65
70
63
54
50
54
48
50
46
54
74
97
188
190
191
202
196
197
194
195
195
200
210
214
223
215
203
209
211
214
210
189
51
41
47
59
54
47
50
43
54
51
40
64
96
74
55
44
30
19
20
21
17
11
10
8
10
13
19
35
13
102
139
66
83
108
151
188
186
173
167
168
174
172
181
191
198
195
200
198
190
199
196
197
191
188
184
168
160
112
43
24
26
19
15
19
21
40
93
80
69
59
54
52
39
34
28
24
22
24
22
29
28
23
26
28
27
60
60
34
36
40
50
45
41
55
49
37
32
32
38
52
174
149
142
147
180
101
96
117
123
126
133
140
111
98
66
82
183
174
168
104
57
55
54
45
65
53
70
66
145
182
182
180
150
31
38
29
29
27
43
34
25
29
31
31
24
18
25
33
33
28
29
24
31
24
32
33
33
39
51
56
67
64
60
55
52
41
32
30
44
52
48
45
54
61
47
40
41
68
62
36
35
18
29
120
144
166
195
141
69
56
58
59
140
152
66
17
28
22
18
19
20
32
41
34
27
32
35
43
46
58
45
45
52
51
47
41
31
30
28
37
42
31
47
80
83
64
84
96
100
101
90
73
70
82
83
84
98
98
94
86
73
72
81
102
133
135
121
124
129
137
156
156
146
145
146
138
146
145
149
141
132
131
121
117
104
71
21
33
59
85
81
93
111
120
120
136
153
163
142
143
125
123
111
96
114
124
109
115
118
125
110
94
29
27
22
35
34
32
34
36
39
40
42
41
43
39
47
50
40
61
34
34
47
52
53
50
46
40
34
36
36
33
36
38
38
35
36
37
37
39
43
48
39
37
38
37
32
36
40
38
40
41
40
40
45
45
46
46
47
44
37
40
46
49
44
41
43
41
50
39
144
206
159
156
117
117
129
79
62
61
72
77
79
166
230
227
131
91
104
111
84
70
62
62
56
51
44
52
60
51
50
63
111
88
43
67
151
187
178
187
192
190
190
194
198
200
209
216
218
210
199
213
215
201
218
155
40
48
55
54
55
48
47
46
47
47
32
27
77
75
85
51
32
23
20
19
12
11
16
9
8
19
29
3
67
173
58
98
87
102
130
166
177
180
176
170
170
177
174
185
186
192
195
199
196
188
194
190
193
191
190
178
162
146
98
36
28
22
13
24
18
49
224
238
236
232
224
212
206
201
188
184
171
170
161
149
130
111
106
90
81
85
75
57
53
46
44
40
27
63
40
16
7
6
10
10
139
188
152
156
164
79
88
94
97
106
116
116
103
105
52
114
204
177
184
131
65
72
58
49
70
66
67
74
118
179
179
170
146
43
46
37
13
44
50
59
34
8
21
22
14
17
30
27
27
41
44
31
19
15
36
66
56
74
59
48
47
43
54
71
91
82
97
42
19
38
65
46
78
79
80
88
75
56
70
74
53
36
37
126
149
156
121
166
61
25
35
65
196
180
144
88
41
40
45
47
42
44
49
46
67
57
51
50
52
65
47
33
50
52
43
37
32
26
32
33
28
33
52
52
57
49
62
86
81
90
69
45
54
77
74
92
96
82
80
81
76
80
83
68
49
64
59
66
57
85
64
38
41
44
50
55
70
72
57
63
63
51
53
64
77
72
82
69
60
55
58
58
46
46
58
43
35
28
45
61
92
87
87
108
114
115
106
115
125
115
111
89
28
30
27
24
32
32
30
31
32
35
40
40
38
36
41
36
150
177
13
31
43
52
49
45
41
36
30
28
34
35
30
25
33
32
34
31
35
41
40
41
37
36
42
44
41
40
41
41
42
41
43
41
45
48
48
47
46
41
44
39
40
43
40
45
50
52
62
53
164
196
160
158
146
147
142
93
70
59
59
90
182
237
229
218
202
167
219
182
55
60
56
52
37
41
47
60
174
191
185
189
195
180
115
51
80
187
188
189
193
182
184
193
212
223
221
224
204
183
200
211
207
197
234
102
39
37
30
32
37
35
36
31
32
42
40
35
39
49
80
67
38
25
20
18
13
13
16
17
23
8
2
102
194
61
67
113
96
113
136
152
179
180
179
184
181
174
176
177
195
191
195
196
197
191
196
198
196
192
186
181
167
157
133
91
34
6
9
24
27
17
168
219
195
198
199
201
200
208
211
212
217
223
228
228
223
226
217
221
226
182
168
229
217
209
200
203
195
193
194
184
176
162
140
116
118
202
160
158
123
70
85
86
87
86
83
75
66
54
18
117
197
187
183
175
62
28
35
19
39
50
60
66
86
174
175
180
133
79
82
77
77
72
67
84
85
73
55
36
47
66
48
50
56
49
58
64
64
50
46
71
71
57
57
73
63
61
53
32
47
82
69
111
118
94
114
58
83
51
46
44
69
79
80
79
92
102
91
93
114
132
88
73
35
27
45
31
43
56
68
81
62
42
51
59
78
86
88
81
82
66
50
42
43
48
40
41
53
58
47
37
30
20
34
33
30
29
51
86
99
101
104
99
92
100
94
99
113
106
99
96
99
100
113
102
97
125
101
100
108
106
111
129
145
117
113
110
116
113
110
114
116
114
133
136
120
123
130
119
117
127
115
121
126
124
125
137
129
120
128
124
130
122
118
121
132
131
143
130
125
127
127
125
123
127
123
85
31
25
27
32
30
29
30
29
30
35
36
36
38
37
40
84
199
125
20
32
43
59
56
50
39
37
36
27
32
35
29
25
32
28
32
28
30
33
30
26
28
27
28
26
29
28
29
30
29
27
30
32
30
35
36
36
36
37
35
37
33
30
32
35
35
37
51
41
163
199
160
161
157
156
137
72
73
107
131
203
221
216
202
200
232
232
234
117
43
47
41
35
31
29
39
41
82
173
167
163
159
157
160
125
55
139
193
179
184
182
181
195
197
203
205
199
201
197
200
201
192
179
216
103
99
89
93
79
76
77
57
56
47
45
51
37
37
35
28
20
29
27
23
15
11
17
19
4
6
40
145
171
48
45
84
116
109
125
143
151
163
183
184
185
187
190
187
185
189
191
191
196
195
198
199
198
194
188
184
179
171
158
148
129
98
33
8
26
28
18
68
230
205
205
202
201
208
204
205
205
204
204
203
204
204
202
199
199
199
188
177
215
204
207
207
206
204
209
209
208
212
210
209
206
202
186
184
189
192
203
204
211
211
210
203
194
178
164
151
182
203
194
192
197
152
96
90
82
77
90
85
75
87
161
162
180
135
69
54
45
43
47
56
61
66
76
84
78
92
91
83
80
74
79
81
80
98
85
86
96
119
114
115
100
99
108
107
107
100
108
85
198
220
183
214
177
97
112
105
98
101
93
97
103
90
91
91
85
84
84
64
56
49
38
38
41
57
70
77
68
70
48
59
78
87
85
85
73
71
57
54
59
62
59
44
49
53
51
48
36
27
21
42
51
49
42
42
42
49
57
62
65
62
67
72
81
92
98
103
101
114
117
129
123
111
121
109
116
105
99
101
100
111
104
104
100
97
105
107
103
112
119
155
143
115
114
113
116
118
116
114
119
120
122
119
124
121
123
126
130
125
130
126
127
128
126
126
124
122
120
119
117
119
122
127
81
28
24
23
29
29
28
29
33
33
32
34
35
36
41
46
105
183
122
29
31
55
69
63
51
38
37
32
28
28
30
28
25
27
27
30
25
36
32
30
26
25
27
26
26
27
29
29
29
25
26
26
24
20
30
31
35
30
39
35
34
34
39
41
43
51
51
57
43
171
197
163
162
158
159
160
161
173
170
208
213
203
207
217
237
221
182
189
68
30
32
28
27
31
25
31
41
38
96
171
154
143
157
161
164
95
107
177
149
166
176
181
186
186
186
175
179
185
187
198
192
174
158
199
86
93
109
107
111
115
107
107
114
102
105
99
81
68
50
29
20
16
24
27
15
11
15
13
66
127
157
114
49
19
82
92
123
120
129
149
167
176
183
182
185
192
199
194
191
193
191
190
193
199
202
197
195
191
188
183
176
172
162
151
134
116
58
26
26
25
26
24
229
212
204
204
200
204
202
206
207
204
204
202
202
204
200
203
199
197
198
182
209
208
207
204
205
201
203
203
203
204
201
199
197
195
185
185
188
190
193
195
197
202
204
206
205
205
203
205
204
203
202
200
201
202
199
198
195
196
198
198
189
185
201
202
204
191
166
164
155
142
148
154
158
159
163
160
156
146
139
137
131
125
126
117
113
111
111
105
103
96
96
91
81
90
88
80
74
70
52
99
229
212
189
189
197
60
56
51
43
42
44
53
59
61
56
63
63
64
65
62
66
63
62
63
60
70
77
74
77
83
70
74
85
81
75
79
75
78
81
70
81
79
83
61
49
57
51
46
43
30
21
34
49
54
56
51
50
48
42
42
43
44
47
48
45
46
53
50
53
58
62
68
73
82
89
95
99
104
104
116
115
117
125
128
121
118
116
117
112
115
114
114
117
117
115
115
109
116
110
108
107
112
119
113
116
107
112
120
119
115
110
111
108
109
114
107
119
119
117
114
116
121
116
127
74
24
26
24
25
27
30
28
33
34
34
36
38
35
41
49
102
177
126
23
30
57
70
64
44
36
35
30
25
24
23
25
25
31
25
29
30
35
30
30
27
26
25
25
29
28
30
31
30
26
26
24
20
22
25
29
29
28
30
30
37
43
42
49
47
41
58
86
54
180
198
168
167
157
179
196
191
161
195
229
219
218
216
202
183
168
148
156
38
20
25
24
30
23
26
28
35
36
60
157
158
149
154
158
159
98
92
173
149
159
165
169
164
166
169
159
164
166
173
164
159
158
161
178
90
104
116
102
119
112
105
109
104
91
99
87
92
66
55
38
27
16
14
19
12
13
18
111
144
114
82
34
13
16
55
86
127
121
137
154
169
179
184
187
195
202
201
203
198
197
199
200
207
209
199
193
190
189
188
186
178
169
164
160
153
120
75
49
26
26
20
42
237
203
202
198
195
200
201
201
203
203
204
202
200
202
202
203
204
203
209
188
205
209
205
205
204
203
205
206
206
206
199
197
198
192
189
189
188
184
182
183
188
192
195
194
194
193
197
201
202
202
201
202
201
201
205
207
208
207
209
206
201
201
202
206
201
198
205
209
201
194
195
199
204
204
205
200
198
192
192
190
186
185
184
178
177
172
172
170
167
155
155
149
143
138
134
121
109
105
88
166
227
203
187
192
205
118
95
88
76
71
69
72
70
70
58
59
60
58
59
57
57
55
59
68
61
61
60
60
66
67
67
70
73
78
73
78
79
83
91
83
88
89
103
61
62
59
56
48
41
33
26
40
56
65
71
66
67
66
60
53
51
45
45
46
43
45
44
42
42
46
47
47
46
56
53
59
60
63
70
74
79
82
88
94
104
110
106
112
119
117
122
118
121
126
142
135
124
131
125
125
123
123
128
121
121
116
118
120
118
116
116
117
122
122
125
121
124
124
122
124
123
127
120
128
71
21
23
22
23
24
29
26
27
30
34
37
35
36
44
45
96
177
124
17
32
55
66
59
43
36
33
29
23
24
21
22
24
29
26
27
29
31
28
29
28
24
21
21
24
24
27
27
31
28
26
25
20
23
23
29
26
27
23
37
30
25
24
29
21
15
32
97
83
194
199
166
164
176
201
198
182
178
224
218
206
188
185
159
133
142
134
135
29
20
27
25
23
31
23
24
32
35
82
149
155
157
152
156
156
92
108
165
154
158
161
161
152
148
163
160
163
164
164
155
153
155
172
150
100
115
120
113
118
109
108
109
99
93
89
82
79
48
57
48
29
18
11
14
15
17
19
90
82
40
16
12
20
27
20
60
132
123
137
155
167
180
182
189
198
208
205
209
207
206
213
213
208
202
197
191
187
187
186
184
176
166
161
160
169
143
72
47
30
25
22
89
246
213
218
218
217
224
225
222
218
215
218
212
209
209
209
207
209
206
212
191
170
207
199
199
197
199
200
203
200
200
203
199
200
194
186
186
185
181
180
177
185
192
196
196
196
192
202
201
197
198
197
202
202
199
201
198
199
199
198
197
190
195
195
201
200
196
205
204
202
197
197
201
202
204
203
201
200
201
203
202
202
202
200
200
203
196
192
199
206
203
203
200
199
194
195
186
184
181
186
211
215
196
175
205
210
193
182
177
172
171
171
172
170
161
151
145
141
136
138
132
130
127
126
126
121
118
108
108
106
100
99
97
94
94
88
87
82
76
77
73
76
77
88
39
42
38
33
28
23
22
13
31
49
58
64
65
70
70
69
66
65
60
62
60
58
57
57
64
57
60
58
60
59
57
55
55
54
54
56
55
56
56
57
58
62
67
68
71
78
77
84
85
88
92
102
106
105
108
117
122
127
131
136
132
126
121
126
132
133
136
142
140
142
139
142
140
136
138
135
131
130
131
128
129
67
18
19
15
21
22
24
24
23
27
27
35
33
37
41
40
94
180
122
15
34
56
59
44
43
35
32
28
21
25
25
23
24
25
26
25
27
27
28
29
29
22
20
20
20
20
23
26
36
28
26
24
20
23
22
26
27
24
33
48
13
7
13
12
13
19
25
73
69
188
210
167
175
197
206
209
209
230
237
206
186
154
159
145
132
136
128
108
28
24
23
27
57
93
58
26
30
40
129
153
154
160
150
145
157
100
136
158
159
156
156
160
158
154
168
170
167
157
166
166
163
152
177
124
101
109
117
116
111
112
112
113
110
107
95
92
77
44
55
60
37
19
18
15
19
18
16
18
9
11
13
19
17
50
41
30
113
137
132
160
178
185
185
187
194
206
210
211
209
211
216
212
200
200
201
197
195
188
183
179
172
163
157
152
155
162
78
29
29
27
40
111
178
165
173
177
180
190
195
202
200
200
210
206
208
211
213
214
216
216
222
203
149
218
213
207
208
204
210
209
205
200
207
204
201
195
185
183
181
176
174
173
179
189
189
194
195
191
199
199
196
194
194
201
202
203
207
204
203
205
200
204
200
198
197
201
202
202
204
199
202
197
196
199
198
200
199
199
198
198
197
197
198
198
197
200
200
194
188
195
206
205
206
206
206
208
210
208
210
212
222
217
204
185
156
211
204
211
214
211
214
216
220
223
223
216
210
205
204
200
203
202
203
202
200
195
193
193
184
185
181
181
176
171
168
161
157
151
143
135
130
126
129
126
129
104
93
89
82
78
70
62
48
57
65
68
72
73
74
70
73
72
70
67
68
63
63
57
58
65
61
61
61
64
66
58
62
61
61
60
58
60
57
54
55
54
51
51
51
50
52
52
54
58
59
61
60
68
73
73
86
88
98
103
109
109
108
108
110
113
117
124
131
132
137
137
139
138
139
143
141
139
140
139
139
130
63
19
21
19
24
28
25
28
28
28
24
30
37
46
51
57
97
184
121
27
41
58
55
35
41
35
32
29
24
26
29
30
26
32
27
23
27
27
26
26
25
21
20
21
21
19
23
34
36
26
25
20
22
26
19
19
24
25
42
34
2
6
13
11
24
35
38
41
26
152
223
186
189
171
185
218
213
203
182
166
157
140
148
144
136
118
121
74
25
29
35
70
122
138
113
41
23
73
159
151
152
159
151
142
160
103
153
157
166
158
153
163
166
170
169
171
167
147
169
165
158
146
183
100
93
97
96
94
96
102
104
107
99
96
93
89
80
51
47
52
38
20
20
16
18
17
16
13
17
17
10
14
14
52
86
37
61
131
133
158
180
190
192
187
195
206
213
214
210
210
214
209
207
210
205
201
191
180
176
172
167
160
155
145
129
142
94
29
25
31
64
120
97
78
85
85
90
95
104
115
123
125
134
138
145
151
159
163
167
173
181
175
142
195
197
195
198
191
205
206
203
198
205
209
211
207
204
205
201
196
193
193
196
201
200
202
202
200
198
199
202
198
199
202
203
205
204
204
201
200
195
197
199
195
198
198
199
201
201
201
200
198
200
199
199
200
201
202
201
200
201
200
200
201
202
202
201
201
198
199
201
199
200
200
198
199
198
198
196
199
198
213
194
176
145
213
198
196
200
199
200
199
201
202
201
199
196
195
198
198
199
202
204
205
207
208
206
206
209
212
213
219
215
216
217
215
215
214
212
211
207
206
207
206
207
210
202
192
188
187
176
164
153
152
147
146
146
139
132
128
131
127
120
117
112
106
107
101
99
95
96
91
91
86
86
80
79
79
78
76
73
71
69
67
65
66
68
64
60
59
58
60
59
64
62
58
60
57
60
60
61
60
65
65
68
73
82
86
80
74
72
76
79
86
96
100
100
102
107
105
109
117
120
121
126
131
65
28
32
37
38
41
37
41
43
37
42
38
53
74
89
93
108
180
123
50
54
63
61
49
49
42
34
33
35
33
35
40
32
46
39
31
28
29
25
27
23
25
25
21
26
26
30
40
29
27
27
24
30
32
23
19
21
33
25
3
10
16
12
1
14
22
23
33
31
111
220
210
187
135
161
157
129
115
107
107
116
113
117
115
122
111
117
61
25
51
96
147
143
111
129
54
30
127
157
149
147
161
163
165
152
97
168
160
171
173
169
175
172
170
165
163
170
163
164
161
154
151
182
86
92
96
79
84
86
89
94
98
75
81
78
75
65
53
44
22
15
17
16
18
17
19
20
13
13
13
13
13
15
22
79
83
26
71
129
136
156
187
190
192
201
214
214
219
220
221
223
218
212
193
185
170
151
157
166
163
158
158
154
143
127
100
78
45
27
33
79
142
114
68
65
63
60
55
55
60
63
56
50
55
55
56
65
66
65
70
78
88
100
108
113
118
119
126
133
150
149
152
164
158
169
177
186
192
194
201
200
198
202
208
210
208
210
216
213
213
208
207
207
207
207
208
205
207
207
202
201
201
199
202
206
199
203
199
200
202
200
198
202
200
198
197
200
198
197
198
201
198
199
198
198
199
198
200
198
201
197
199
198
200
200
199
199
198
199
202
200
207
183
171
151
205
198
196
201
203
200
204
205
206
203
204
203
202
200
203
199
198
197
197
193
195
190
181
195
195
193
194
190
192
192
192
195
195
197
199
198
200
203
205
204
210
217
213
214
220
225
226
228
229
227
231
229
224
222
222
223
220
217
218
212
208
202
201
197
192
189
179
173
164
163
162
152
155
152
149
140
131
124
121
115
110
106
97
92
87
83
88
81
81
81
77
76
76
76
78
76
75
75
78
76
79
82
78
71
70
60
56
50
49
49
47
47
49
52
45
51
55
60
63
71
137
72
40
39
42
45
46
49
52
54
53
61
81
85
92
99
94
116
182
132
52
63
68
69
67
61
58
47
42
50
50
51
55
53
56
54
59
48
45
46
44
41
46
46
37
43
50
43
44
41
42
46
45
44
39
37
36
39
39
11
14
44
65
53
5
14
34
22
31
37
87
220
197
212
215
182
121
115
126
141
145
141
141
138
136
137
144
150
100
31
114
149
146
146
141
148
62
54
162
151
165
167
176
177
189
86
124
198
182
184
183
187
191
198
194
188
185
190
188
180
181
174
181
138
110
122
117
119
113
110
103
95
83
65
81
60
64
48
50
47
30
19
15
16
17
12
17
14
13
14
12
15
8
12
15
25
100
73
13
88
135
146
175
185
194
207
213
217
228
233
231
214
190
165
149
125
121
132
148
169
162
155
157
148
142
144
98
40
33
24
23
63
110
116
79
66
75
67
67
74
84
88
85
84
82
79
76
77
76
74
81
77
79
83
80
72
74
69
73
67
72
77
72
77
6
14
23
30
37
50
70
80
85
96
115
119
128
134
137
147
164
173
179
177
185
189
194
191
210
213
214
216
221
220
219
219
209
209
207
204
203
209
209
207
204
202
203
206
201
202
203
203
203
203
202
200
203
205
202
195
199
202
206
202
203
204
203
201
200
200
198
200
201
180
171
180
195
193
200
201
196
192
203
205
202
199
203
200
201
202
203
199
203
198
202
199
198
198
185
199
205
201
202
203
203
204
204
203
203
203
201
200
205
202
202
199
197
196
198
199
201
202
198
198
193
195
197
196
197
201
200
200
201
201
205
205
207
208
210
209
212
213
216
213
214
217
226
230
230
232
235
228
228
223
220
219
216
213
213
211
210
206
201
193
187
179
176
175
175
168
164
155
149
144
140
136
122
115
113
106
99
99
93
92
78
81
78
70
72
67
69
66
63
62
56
53
138
69
45
49
46
55
59
60
63
60
59
63
75
69
69
68
68
103
186
136
66
70
70
76
84
83
80
74
67
70
72
75
79
79
72
74
66
62
86
84
57
60
60
61
54
57
64
60
58
64
70
64
61
61
56
49
44
52
62
75
65
70
62
83
17
58
84
28
17
39
60
210
192
197
238
232
220
212
215
193
184
169
168
168
153
144
133
137
81
44
153
124
138
158
155
163
139
51
153
168
181
193
193
192
203
60
169
210
214
209
209
211
214
220
232
227
216
214
218
209
198
199
209
79
88
102
106
122
124
124
115
127
126
119
100
94
75
51
40
35
45
40
15
7
17
21
17
13
20
13
13
14
16
6
15
24
47
153
62
31
136
167
182
195
208
212
219
236
232
190
128
113
136
110
117
133
172
198
191
173
157
152
150
146
151
156
98
42
25
22
24
43
94
116
71
61
60
59
64
61
68
73
69
78
69
70
72
69
75
75
81
82
83
81
81
87
85
90
81
85
85
83
92
91
8
14
15
11
26
38
42
39
38
31
34
40
38
30
20
96
64
60
97
82
79
68
75
132
88
69
72
86
88
112
130
144
173
176
187
171
188
174
183
206
203
210
213
219
220
223
228
226
232
227
231
231
226
230
226
221
215
216
218
216
215
210
213
205
199
205
206
205
201
180
170
182
200
195
204
202
193
191
202
199
197
195
195
197
198
197
197
199
201
203
198
196
198
202
205
200
204
202
205
204
201
203
202
200
201
200
198
197
202
202
200
198
202
200
200
201
202
207
205
204
200
204
204
208
205
203
205
207
206
205
203
201
203
203
196
194
192
190
193
191
193
192
190
189
192
189
187
192
195
193
195
197
197
198
201
200
202
200
198
203
208
209
216
214
218
220
225
227
226
227
229
230
236
231
224
223
224
224
219
221
216
213
216
213
216
212
200
199
194
195
192
185
140
75
50
53
57
58
56
59
60
63
69
67
62
71
75
75
80
115
182
139
73
73
83
84
82
77
74
71
81
79
75
72
73
77
74
68
72
76
83
69
67
70
68
63
61
63
61
64
70
68
70
67
68
65
60
63
67
77
72
62
57
57
59
68
35
74
87
47
6
25
35
157
212
179
172
193
198
198
192
183
181
164
151
150
154
151
152
161
123
56
183
180
184
186
181
174
194
117
97
218
198
198
195
212
175
150
234
241
241
248
250
245
242
240
231
218
231
241
240
232
223
233
195
56
77
80
80
78
71
59
74
79
83
99
91
95
89
76
57
35
27
33
15
14
13
14
14
15
12
14
15
17
73
44
10
17
16
67
170
55
86
170
179
196
191
209
229
208
144
105
101
126
111
130
158
181
199
193
167
156
152
148
146
144
151
164
97
34
19
24
27
69
127
121
78
70
70
64
73
69
67
73
73
90
85
72
74
71
74
79
77
78
76
69
67
75
74
78
73
75
70
79
87
78
8
15
22
20
40
61
74
73
60
56
57
62
60
59
74
171
112
113
169
162
140
137
127
171
110
44
25
22
24
43
53
74
163
154
178
174
192
175
100
74
97
99
100
111
115
110
121
122
130
136
139
144
145
163
162
171
179
180
192
197
208
216
220
217
222
217
195
194
201
170
164
172
203
212
221
220
227
223
227
221
228
225
225
224
220
219
214
214
211
205
203
204
199
200
200
202
202
203
200
194
198
198
198
199
200
199
200
201
196
200
202
202
198
198
203
202
203
206
203
204
205
204
204
204
203
206
205
203
203
203
204
206
199
198
206
202
197
202
202
200
201
206
208
154
212
203
204
206
205
205
206
208
207
204
203
202
204
198
199
202
199
202
204
204
203
199
198
201
198
197
195
190
195
192
192
196
196
198
199
197
201
201
199
205
201
207
203
210
209
211
212
205
139
69
48
51
56
62
62
64
63
63
65
66
67
63
64
68
74
111
182
134
64
73
82
85
76
76
75
84
80
80
79
77
75
77
75
74
82
80
84
78
74
76
75
73
64
70
70
70
74
76
71
77
88
80
73
71
65
61
66
64
73
72
74
67
74
73
77
70
26
12
30
102
197
183
155
159
151
167
187
201
223
221
212
200
198
183
178
204
120
131
201
183
185
190
189
181
189
174
60
160
240
232
241
241
238
231
217
211
199
179
182
191
188
171
164
177
179
192
212
217
213
225
140
70
81
92
95
75
68
51
57
62
62
66
59
56
47
42
47
87
51
27
14
17
15
18
15
12
10
12
10
14
64
121
71
11
14
19
70
131
59
154
179
196
191
224
204
139
87
100
128
133
149
191
192
203
183
156
148
148
147
143
146
138
163
155
94
28
19
16
32
85
138
113
86
75
79
76
79
76
72
71
73
65
72
73
75
71
73
74
75
75
73
73
74
75
77
76
74
72
69
73
79
75
7
23
27
27
49
78
93
90
76
62
55
55
53
39
122
180
128
135
179
183
161
163
146
174
157
48
9
19
7
30
33
48
148
159
158
180
185
205
224
135
96
88
90
79
68
73
82
88
87
88
89
86
87
88
83
83
87
94
93
95
104
105
108
112
116
119
102
189
198
165
154
88
107
145
143
130
129
134
136
133
152
164
169
176
181
191
200
209
211
218
221
224
226
226
226
226
226
231
228
224
222
225
225
221
221
216
213
211
206
209
204
202
203
196
198
198
199
198
197
198
201
202
203
200
203
203
202
206
202
204
205
205
203
202
204
203
200
203
202
202
202
205
215
148
212
205
203
198
204
206
205
208
205
205
205
204
203
205
203
205
205
207
204
203
205
205
204
203
205
204
202
204
201
204
203
202
202
200
201
200
199
203
199
201
197
195
198
201
199
199
198
196
140
61
49
55
55
62
61
58
61
61
63
65
64
63
65
70
77
110
179
133
59
73
75
76
69
70
73
76
78
79
72
69
71
75
74
76
79
75
86
79
82
89
89
83
81
76
74
76
78
79
81
85
89
90
86
77
70
74
77
83
80
82
82
76
76
75
77
78
77
28
12
54
139
168
156
167
165
154
151
153
166
182
197
213
210
215
222
179
126
225
219
218
220
227
227
224
232
221
172
75
215
223
200
188
177
152
139
127
129
119
116
132
129
130
137
160
160
157
172
180
177
171
91
83
80
94
88
84
81
57
62
66
71
72
62
43
35
30
25
44
41
24
15
16
14
21
15
16
12
10
10
14
25
85
140
60
13
19
16
106
89
122
195
190
211
209
154
102
95
134
147
167
192
197
205
180
155
146
152
149
157
153
140
145
115
88
87
25
16
17
31
84
135
127
84
79
76
77
73
79
72
70
73
69
73
74
73
71
72
73
76
77
76
72
79
80
81
77
78
79
79
80
95
73
7
24
22
28
57
92
105
97
85
68
58
55
50
30
167
182
156
144
169
188
166
178
155
175
176
121
136
163
68
128
153
146
141
183
204
216
213
212
236
161
148
142
89
110
130
110
98
84
94
94
94
95
96
98
96
96
95
97
95
98
102
101
106
102
104
99
96
199
193
159
157
142
130
143
134
110
108
111
107
104
109
114
114
121
116
115
120
123
124
130
128
130
139
145
148
147
149
159
168
173
176
182
190
196
199
203
207
210
215
217
220
222
225
234
235
235
238
234
234
231
225
223
222
216
216
213
211
211
208
206
205
205
206
202
200
198
195
197
200
203
197
195
221
146
201
204
196
199
205
206
206
207
206
205
204
203
206
202
207
205
208
208
205
201
202
202
204
205
206
204
204
204
203
204
204
202
199
200
201
200
202
201
202
200
201
196
199
204
200
199
200
201
136
57
45
50
55
60
57
57
60
62
64
64
63
61
63
68
74
106
180
133
63
69
76
72
63
66
68
66
65
69
67
68
68
68
69
74
72
74
79
80
79
87
89
83
86
77
79
79
79
83
81
79
80
84
85
83
82
86
85
84
88
84
80
78
80
76
81
82
87
62
29
17
51
101
110
115
127
131
129
137
134
154
153
157
164
165
168
95
113
220
191
197
188
194
200
199
188
177
163
72
131
137
108
104
96
92
94
85
102
106
110
119
135
146
132
152
154
152
155
157
144
120
72
82
86
95
89
91
84
63
66
68
75
76
57
49
37
30
23
24
20
14
11
11
17
21
16
14
12
13
16
24
27
29
94
117
44
15
25
59
125
94
184
188
212
157
106
92
132
157
166
187
204
208
181
149
146
166
165
169
158
127
125
109
52
34
46
28
17
17
22
67
121
127
85
79
75
75
74
78
74
73
73
75
75
73
75
76
76
78
78
80
77
76
78
81
81
79
83
79
81
83
100
68
8
24
18
28
60
96
105
91
79
65
59
58
46
35
209
164
175
151
173
187
175
188
160
175
187
169
173
204
178
203
202
192
187
204
219
216
196
214
234
149
154
188
121
114
146
144
104
111
98
97
94
95
95
100
97
94
96
94
98
103
103
104
105
108
104
117
108
203
190
157
157
156
149
149
135
109
108
110
107
106
107
107
104
112
110
109
109
108
109
107
105
108
111
113
113
112
113
114
118
117
116
119
121
125
126
132
130
129
139
138
143
152
149
143
151
159
166
177
181
184
188
193
196
200
207
207
216
215
217
220
219
220
218
217
219
221
222
220
220
224
220
213
234
180
201
217
207
213
206
206
205
204
206
203
202
201
201
198
199
200
203
201
200
198
198
199
199
201
200
200
202
202
202
200
203
200
199
199
199
203
204
204
206
204
203
202
202
202
200
202
202
201
137
61
48
49
54
53
53
57
58
62
64
63
64
64
65
69
70
103
181
131
62
71
75
70
69
72
70
69
66
69
65
66
68
65
69
70
73
75
73
78
76
81
81
79
81
77
82
80
79
85
80
78
79
80
83
83
86
88
90
88
81
74
80
76
81
80
83
85
80
95
132
44
11
33
49
45
46
58
72
91
94
107
115
108
108
115
106
66
65
114
113
113
107
113
120
116
104
98
97
87
88
85
74
79
82
83
93
92
102
106
113
112
121
145
135
142
144
145
137
144
143
126
75
81
89
92
90
90
70
60
72
70
77
68
57
54
39
28
23
32
27
14
10
10
25
24
14
15
18
14
18
29
84
48
30
92
99
38
28
32
153
89
156
213
183
118
91
117
163
164
182
197
192
172
161
172
176
162
168
148
119
119
104
47
31
25
28
24
21
18
19
46
108
131
84
82
78
78
83
81
81
81
80
82
79
79
79
81
81
83
83
86
82
85
82
82
85
84
85
81
81
82
99
69
8
25
18
28
61
97
101
87
74
63
61
61
41
83
232
183
202
168
179
187
186
189
160
169
199
190
160
187
207
208
193
188
207
193
205
196
184
215
231
176
176
187
176
94
147
113
140
161
89
100
95
96
94
95
95
95
96
94
97
100
98
101
103
105
100
146
153
200
185
159
157
153
153
155
133
104
105
107
107
103
106
107
107
111
111
113
110
108
110
109
109
112
110
110
111
110
109
107
109
106
103
104
104
105
107
108
107
108
109
107
108
119
89
60
73
74
72
78
69
73
93
120
115
125
133
132
143
144
147
153
154
155
156
159
165
173
180
181
182
191
198
197
207
192
187
205
207
209
209
210
212
212
216
215
215
214
211
218
214
217
215
213
213
213
211
210
206
210
209
209
207
206
206
203
202
202
202
202
202
204
202
203
202
201
198
201
199
198
199
199
201
200
137
66
52
54
56
52
52
53
55
61
63
62
63
66
66
71
72
105
184
134
65
71
71
67
68
72
70
72
73
72
69
66
71
69
68
68
74
73
71
73
76
77
75
77
76
75
76
73
72
74
78
79
80
80
79
77
81
84
88
74
100
100
77
72
78
82
83
85
77
108
206
111
22
54
115
95
64
21
17
31
38
42
59
65
72
87
85
81
57
70
91
85
83
92
94
81
84
85
89
103
105
99
96
109
117
117
125
126
121
119
123
120
123
135
134
131
135
142
137
144
153
147
101
72
74
81
79
66
56
53
65
73
75
63
62
57
38
26
25
37
30
21
18
12
30
27
14
21
23
13
22
29
125
122
43
32
94
108
32
22
127
102
130
216
133
96
110
151
175
176
194
194
175
163
185
179
163
170
159
103
109
112
60
18
32
30
26
21
22
20
22
28
70
131
90
91
87
87
92
91
91
91
91
90
88
90
89
90
91
91
91
92
90
92
87
89
91
88
89
85
87
85
102
76
7
22
17
28
67
99
98
87
74
66
67
60
34
157
224
190
191
146
161
191
188
186
169
153
209
201
166
172
197
197
179
179
206
191
204
182
191
213
236
157
150
139
215
93
159
108
148
147
93
107
101
100
100
101
102
102
100
100
100
101
98
102
105
103
99
157
180
194
179
161
160
156
155
158
132
103
106
107
109
103
107
107
110
110
107
108
105
103
104
105
104
107
105
108
109
110
109
108
110
109
110
112
111
111
114
112
114
120
110
116
115
131
78
49
59
52
43
38
25
20
44
82
79
80
83
84
88
93
93
98
98
97
98
100
103
107
113
118
118
123
129
132
134
140
137
144
151
151
151
152
162
170
173
175
180
179
178
186
188
190
190
190
193
197
199
201
201
207
207
208
207
210
213
214
212
215
214
214
216
214
213
215
212
212
212
214
210
210
210
210
211
210
134
69
59
63
60
59
56
53
58
62
64
62
62
64
64
73
76
107
186
136
72
67
67
63
59
65
66
68
72
69
72
69
71
72
65
72
71
70
73
71
72
73
72
75
73
71
68
66
66
63
74
77
76
78
73
73
75
79
86
103
157
158
78
74
75
80
79
84
80
114
206
158
55
130
204
175
133
59
29
2
4
8
11
22
43
51
66
83
82
89
100
92
89
96
105
94
100
104
104
105
112
112
108
123
132
143
144
145
152
154
154
154
154
145
139
134
133
152
155
153
153
143
121
59
65
70
59
43
53
51
54
69
67
64
63
57
38
23
27
43
23
20
19
18
34
26
16
26
23
16
27
29
111
148
96
31
38
149
78
14
84
133
140
175
88
90
142
170
182
194
196
187
183
187
178
147
157
180
123
96
112
66
20
25
29
25
20
22
21
21
22
22
26
96
96
98
96
93
97
98
97
99
100
97
97
99
98
96
98
96
96
97
97
94
91
97
98
91
94
92
94
92
108
81
7
21
16
29
73
100
94
87
73
72
74
59
29
191
204
165
163
122
129
191
179
180
178
142
199
203
190
172
196
197
176
179
212
214
201
177
198
213
233
94
88
85
195
142
142
138
118
102
105
109
108
104
105
108
105
104
100
103
102
104
102
103
107
106
100
156
172
195
176
162
162
159
157
160
126
105
109
109
111
109
110
111
111
112
108
108
107
104
100
101
98
101
101
106
104
106
108
106
106
106
107
108
107
104
107
105
107
112
104
112
114
130
80
58
62
58
51
47
39
30
47
85
93
84
85
90
90
98
96
100
98
95
94
96
94
91
91
94
92
90
87
90
88
91
97
96
98
102
88
85
96
108
110
115
121
117
117
117
124
124
127
129
132
136
140
146
149
155
154
156
162
169
172
176
181
184
188
187
188
188
190
195
196
195
199
202
201
204
203
204
203
204
134
69
64
69
61
62
57
58
62
64
65
66
64
62
65
73
75
105
185
132
69
68
68
63
62
68
66
66
70
64
68
67
68
71
69
75
70
71
71
71
68
69
71
74
69
68
70
68
70
70
74
75
75
73
71
74
77
77
107
209
201
171
83
80
75
76
74
80
81
131
207
167
101
156
159
147
119
94
86
18
5
12
15
10
15
15
28
71
93
75
63
59
59
62
86
85
83
84
84
87
88
89
91
95
102
112
113
123
151
165
172
174
164
157
157
153
145
156
158
148
139
131
113
62
75
59
47
53
58
58
57
59
60
60
56
54
49
23
25
57
39
15
29
41
34
25
21
26
19
18
27
29
82
109
115
97
30
97
146
21
122
171
177
117
69
117
169
179
196
201
192
191
193
157
124
163
216
135
81
103
55
14
20
26
28
20
20
22
25
23
20
26
19
40
91
100
96
91
99
100
99
101
102
98
100
99
97
94
98
96
98
100
102
97
97
100
103
96
97
100
98
96
111
84
7
23
21
31
74
96
89
85
73
78
73
64
29
156
208
171
180
160
123
173
174
172
178
151
173
196
200
186
189
189
177
180
209
215
175
179
201
216
201
78
82
82
134
169
102
114
110
109
107
105
109
108
108
106
102
106
104
103
101
104
103
102
106
110
102
164
174
204
175
165
165
163
159
161
119
105
110
107
108
111
109
109
111
111
111
111
108
104
97
100
97
101
101
105
102
103
107
107
108
107
105
104
106
103
106
107
107
111
110
111
112
122
78
52
51
48
42
39
25
20
42
79
83
78
79
84
82
92
87
91
91
90
93
96
95
96
95
97
95
98
99
103
100
103
102
106
108
113
104
98
99
106
109
115
116
109
103
100
98
100
98
96
97
95
90
88
92
94
92
89
96
96
97
97
103
103
112
111
110
113
114
117
125
124
127
134
140
143
144
146
146
152
133
55
53
57
51
56
56
55
57
58
61
64
65
60
66
70
74
105
187
132
67
74
72
70
70
69
71
68
70
67
71
70
70
72
82
74
74
71
68
70
72
70
72
73
68
71
74
69
70
74
72
72
74
73
75
76
83
77
166
232
186
101
74
74
78
76
75
75
68
137
207
164
157
158
155
156
122
80
97
72
23
9
14
15
17
18
17
55
140
120
100
100
97
98
105
103
97
96
104
108
109
101
91
85
77
81
80
92
99
102
124
150
159
148
162
165
157
149
144
123
110
116
110
89
67
54
58
64
69
69
58
58
54
50
41
53
75
34
38
45
62
47
117
74
26
24
25
27
10
12
27
30
82
119
116
146
90
36
172
66
213
179
159
52
80
165
187
200
203
193
190
179
134
123
198
238
163
79
97
38
14
21
19
24
24
17
24
28
29
23
22
26
21
29
83
108
93
88
98
97
98
100
100
97
98
97
99
98
100
101
100
99
100
101
100
102
103
102
104
102
99
100
116
102
5
20
25
33
73
91
87
83
80
85
71
61
29
105
238
208
199
192
151
152
177
168
178
168
160
183
192
195
201
183
175
185
193
177
178
190
199
213
167
52
91
124
117
68
125
69
97
104
104
106
102
107
113
109
105
111
111
105
102
105
107
107
105
117
106
171
171
206
171
170
166
157
157
156
123
113
112
110
112
113
110
110
112
114
112
111
107
104
104
106
102
103
101
104
102
104
104
104
103
106
108
110
110
110
111
110
111
114
109
110
111
127
66
53
52
46
38
42
28
18
50
79
72
78
81
84
87
93
88
90
88
90
89
90
91
90
92
96
94
94
91
88
89
94
94
95
98
98
100
97
103
105
103
108
115
115
106
102
95
103
106
105
106
107
106
104
110
109
111
108
106
105
106
108
107
99
99
104
102
100
100
96
96
97
98
101
100
94
92
93
92
93
133
58
60
58
61
58
53
58
60
62
63
64
65
65
70
68
77
104
184
134
75
76
79
76
74
75
79
73
74
77
77
75
74
75
75
72
71
70
66
70
70
69
68
71
71
75
71
74
72
67
74
73
73
74
73
74
79
94
214
174
83
76
80
79
77
83
77
81
79
149
209
160
169
163
163
159
115
75
77
87
81
34
10
14
24
23
25
27
74
167
177
145
124
110
132
146
144
148
150
138
141
142
139
133
134
133
122
111
91
93
95
105
140
151
155
148
140
133
122
111
102
111
110
109
88
87
90
80
84
81
64
71
58
41
50
66
84
51
65
61
41
135
144
9
38
33
22
21
15
16
22
29
96
120
121
145
145
27
188
152
211
193
119
5
122
202
201
200
188
193
170
136
169
242
216
192
91
51
19
20
25
18
12
20
15
17
26
24
28
23
22
25
19
28
75
100
90
90
99
91
96
100
96
95
97
98
97
98
97
102
98
96
95
96
101
100
102
103
101
102
104
102
104
112
8
22
25
34
75
90
84
81
84
82
66
56
35
53
234
209
214
213
167
159
177
159
160
176
159
165
172
193
210
181
174
187
197
179
183
203
192
200
148
44
116
108
99
125
158
90
97
109
103
103
101
102
101
109
110
107
105
102
106
106
103
99
102
106
103
176
172
205
169
168
169
165
156
162
120
108
112
114
119
112
110
109
106
117
109
109
111
107
111
111
106
105
102
106
104
105
102
100
99
102
102
104
110
107
111
113
112
113
106
104
104
121
68
43
54
44
42
35
27
21
44
80
74
79
81
83
87
86
86
90
88
92
99
95
95
95
95
95
97
96
94
95
93
96
94
97
95
100
101
102
103
104
105
105
106
109
114
103
100
97
101
98
99
103
105
100
100
97
101
102
100
101
95
101
99
100
101
101
99
101
102
107
108
107
107
102
104
110
110
110
112
109
125
50
54
54
54
60
61
63
65
63
66
65
67
66
63
67
70
103
187
136
71
70
70
72
71
71
73
77
77
81
76
78
80
80
77
81
80
76
75
73
72
70
73
76
77
73
76
77
74
71
75
72
70
71
75
84
83
138
230
123
92
87
81
79
79
80
77
78
70
154
211
162
164
162
161
158
112
81
82
85
77
32
8
15
25
21
25
31
15
23
87
139
143
103
77
90
90
98
108
117
124
145
161
158
166
170
172
174
165
150
151
136
122
126
129
130
124
98
107
119
119
116
114
109
95
97
94
85
71
72
70
51
48
55
63
70
83
81
49
80
83
168
52
17
18
31
24
17
14
16
18
30
82
137
142
148
167
59
77
205
205
197
101
3
189
195
191
190
196
168
158
209
236
189
198
128
24
15
16
19
17
13
13
18
11
17
28
35
30
23
22
25
22
28
69
92
96
95
100
101
105
101
98
99
96
98
97
96
96
94
95
97
94
99
96
96
93
99
103
104
98
101
98
127
32
15
26
31
74
87
85
81
71
59
54
47
41
17
233
233
214
179
187
206
177
173
156
174
154
161
163
171
184
177
180
189
193
184
201
205
168
190
98
91
121
102
107
99
140
90
122
106
103
96
102
102
103
104
101
100
104
103
102
113
111
108
109
113
109
177
171
208
169
169
166
165
156
166
118
109
114
112
112
109
105
107
106
109
103
102
103
103
106
109
106
107
107
105
105
109
109
105
101
92
94
90
84
98
107
108
104
109
103
100
98
116
60
49
52
48
48
34
28
23
38
74
82
79
79
87
83
86
90
91
94
95
95
92
94
95
97
96
96
97
97
98
97
96
100
100
100
98
106
103
101
103
104
100
102
103
102
108
105
103
107
107
106
109
108
109
108
103
106
103
104
107
103
103
105
108
106
107
105
103
104
104
104
103
102
145
150
96
109
106
105
104
131
57
54
47
44
54
58
58
62
61
62
60
58
64
57
64
66
99
188
133
65
64
69
76
75
71
75
77
77
77
77
77
79
78
78
83
80
80
76
81
81
78
81
76
79
85
84
84
82
82
83
83
82
82
81
91
90
177
208
90
91
82
80
82
81
83
80
85
74
169
207
159
163
167
158
155
113
82
89
89
88
23
8
19
20
20
25
22
22
24
34
61
120
177
175
145
136
129
109
105
101
98
100
99
111
108
106
122
129
138
139
135
120
111
108
95
105
109
108
107
111
104
94
106
96
91
89
83
80
72
79
82
81
89
76
84
96
74
59
62
113
144
51
27
13
38
22
12
12
16
15
25
109
146
151
156
178
128
18
179
210
190
85
61
216
188
193
175
163
188
206
204
188
186
189
48
16
17
17
15
14
15
14
15
11
16
25
33
25
19
21
21
25
17
76
100
96
95
100
103
106
103
104
100
100
101
103
101
100
96
96
99
98
102
98
99
98
103
103
102
103
102
97
121
65
15
23
25
71
76
74
63
53
51
41
39
42
22
124
223
195
187
198
212
200
170
170
161
171
163
163
164
158
167
181
195
185
191
198
173
159
184
89
111
110
104
105
96
161
119
122
113
110
107
105
105
108
107
107
109
109
106
106
110
107
110
110
118
109
185
174
206
168
163
162
166
165
174
113
106
111
107
108
112
106
106
109
102
102
106
107
109
106
107
108
110
111
108
112
96
97
104
104
107
101
101
99
94
87
89
94
97
108
100
106
116
58
48
56
53
41
40
32
21
31
74
74
77
74
74
76
79
76
80
84
85
87
94
93
91
95
94
94
94
93
94
93
96
94
96
96
100
97
98
102
105
103
100
102
105
103
106
107
102
101
109
103
104
105
106
107
105
109
107
104
101
107
101
101
108
109
105
107
107
108
108
105
102
98
164
197
132
107
107
106
106
121
66
60
64
64
64
69
70
74
73
68
67
66
71
70
73
78
108
187
143
73
75
76
78
79
78
77
75
77
78
77
76
81
82
81
80
82
85
81
84
79
82
83
83
80
85
87
86
84
82
82
85
82
87
90
93
106
208
165
86
88
79
82
85
85
87
85
92
81
180
204
160
162
164
165
157
117
90
90
95
96
28
8
14
16
23
22
18
21
23
30
33
40
80
145
172
173
155
143
141
132
126
123
119
109
104
99
95
95
96
94
98
96
95
102
98
97
94
99
97
97
95
98
104
97
96
89
83
91
90
91
98
98
91
92
92
84
63
64
79
154
116
60
28
27
39
11
11
14
15
23
86
150
161
167
162
169
152
29
171
208
180
130
38
188
167
184
184
200
202
186
184
170
187
111
20
17
13
14
13
13
15
13
11
12
14
20
24
16
12
16
21
24
24
62
104
84
99
96
102
104
100
104
102
101
99
99
98
102
101
99
102
100
105
104
101
99
100
104
104
108
106
101
109
86
11
15
25
52
55
48
41
32
32
27
31
32
27
55
210
171
195
238
200
195
165
142
158
174
165
159
164
165
169
175
189
176
164
161
157
160
169
81
131
111
99
113
120
97
93
111
107
108
109
107
109
112
111
111
110
107
107
106
107
106
107
106
115
111
184
170
201
168
166
163
161
165
164
109
106
104
106
106
105
104
102
101
106
101
97
101
104
106
110
109
106
104
114
104
143
145
111
105
102
104
107
109
105
102
98
95
89
94
98
126
116
59
48
53
48
48
38
29
14
39
73
66
72
75
74
77
76
76
81
81
84
89
90
88
90
91
88
90
95
93
91
92
95
91
91
94
96
92
95
100
100
98
98
97
98
97
102
96
95
99
97
98
99
100
99
99
95
95
96
97
97
98
97
98
106
107
98
102
101
100
101
102
99
98
160
182
172
113
104
104
105
117
65
67
71
70
69
72
71
72
73
70
67
68
72
76
75
78
112
188
137
72
74
72
72
75
75
73
71
68
71
75
77
79
80
79
81
84
85
84
87
82
82
84
86
82
86
87
84
85
83
84
86
87
88
91
93
143
215
124
97
89
84
85
83
82
81
80
92
80
186
200
160
164
165
166
159
118
89
97
87
45
10
5
7
16
22
21
19
17
18
27
31
31
39
61
94
139
157
156
149
142
144
149
146
138
137
134
128
126
121
117
115
111
107
106
104
106
100
102
105
104
107
105
98
95
97
97
88
97
95
92
92
94
88
90
91
82
51
60
88
167
92
67
40
29
35
8
11
12
18
31
111
134
153
158
145
128
123
123
192
202
177
157
11
146
174
194
201
190
180
164
165
163
164
42
16
14
6
14
12
14
13
10
8
13
14
20
19
12
10
14
24
25
31
55
109
81
96
103
102
102
105
104
104
99
100
100
99
106
107
104
105
99
104
102
99
99
98
106
103
102
106
104
104
108
35
20
25
39
39
30
22
20
18
17
18
21
27
24
162
174
127
202
220
205
181
147
139
125
169
157
154
157
174
176
189
173
157
149
155
154
148
85
125
133
119
105
84
76
81
105
113
105
106
105
109
110
109
108
104
103
105
103
105
106
104
105
109
120
186
176
198
161
164
162
163
168
165
103
103
105
108
105
104
104
104
107
103
102
100
101
107
105
107
106
106
109
104
122
207
181
104
111
99
103
106
105
105
104
104
101
98
92
82
102
103
56
49
57
48
48
41
24
17
47
78
76
77
78
77
78
76
77
82
82
84
90
86
87
90
92
91
92
95
94
94
91
94
91
94
94
100
97
96
97
97
96
97
95
95
97
97
93
97
99
97
95
95
95
94
95
96
95
95
93
92
99
97
94
99
103
96
100
100
98
101
99
97
92
161
177
170
115
104
104
105
122
63
72
69
65
65
65
64
63
62
65
64
65
69
71
70
74
108
183
132
71
70
70
73
73
72
72
71
69
71
73
73
75
77
79
82
81
84
81
85
83
82
81
81
82
84
83
81
82
87
81
80
86
87
90
90
180
187
102
94
85
85
83
81
79
78
80
88
80
191
193
156
163
165
162
161
116
89
66
39
43
46
11
2
14
20
18
16
14
12
20
30
33
34
29
40
63
96
137
160
160
149
147
156
153
151
152
153
153
146
144
144
137
137
131
129
131
130
133
130
124
121
125
122
116
117
125
122
123
123
122
116
120
123
113
110
94
60
53
94
165
76
57
47
34
39
7
13
13
20
29
89
107
123
131
125
111
108
82
204
200
179
124
61
115
200
191
185
173
166
160
158
172
112
12
16
12
11
11
13
15
12
10
7
12
12
16
19
11
12
18
28
32
39
55
113
90
83
106
102
103
107
102
105
102
102
103
104
108
107
106
108
100
105
104
101
104
102
108
103
103
105
102
103
117
52
26
28
32
28
18
32
49
8
18
15
17
17
12
89
141
80
79
165
189
140
106
87
51
135
170
147
144
173
190
191
166
151
143
143
142
132
113
90
125
91
68
90
106
83
109
110
104
104
105
109
108
108
108
104
103
104
104
106
106
105
106
106
127
186
180
196
164
164
164
166
166
161
102
104
102
105
105
104
106
106
108
100
100
102
104
107
106
107
103
105
109
101
178
220
161
106
108
101
103
103
104
107
101
101
96
97
98
94
84
73
54
47
57
48
47
42
30
21
46
80
72
75
74
77
81
77
73
82
84
84
90
86
89
92
93
92
94
97
94
92
91
92
93
95
95
96
99
95
96
95
95
95
95
96
95
95
95
94
96
100
96
93
93
93
95
98
97
96
96
94
96
94
91
97
100
97
99
101
100
103
98
99
93
163
177
167
115
103
103
103
125
53
63
60
59
57
54
54
56
53
58
58
57
61
61
60
64
97
179
134
59
58
62
67
66
64
66
67
71
68
72
69
70
71
77
75
75
82
80
82
81
84
82
83
84
82
81
79
79
87
78
77
80
83
87
101
208
150
95
82
83
83
80
80
78
77
81
90
79
198
189
154
153
151
161
163
115
61
32
45
80
88
45
17
7
15
12
13
14
11
14
22
26
30
27
28
27
41
79
112
144
159
162
157
153
154
157
161
157
156
164
158
155
164
162
162
162
166
167
163
160
155
154
161
154
155
157
152
145
142
143
131
128
133
126
121
100
75
45
120
143
70
72
58
38
32
7
12
13
20
24
63
92
95
105
106
134
137
13
204
198
184
81
120
106
201
176
164
168
163
158
162
169
58
26
25
13
14
7
14
13
11
12
9
11
12
12
15
10
18
23
33
41
46
58
109
99
70
102
107
102
105
100
102
102
102
103
105
105
105
106
110
103
102
106
105
107
103
105
104
104
104
103
103
112
44
27
31
33
32
25
44
63
13
23
23
23
18
11
33
74
89
62
61
95
56
42
35
20
67
127
123
132
153
200
194
158
143
141
141
134
122
127
82
98
85
91
120
112
94
111
105
105
105
106
109
109
108
109
107
105
106
107
108
106
108
111
109
133
188
183
193
166
169
166
165
166
157
102
105
100
99
104
105
105
105
105
101
100
101
101
104
106
108
104
105
105
103
205
187
141
110
102
102
101
103
105
105
102
100
98
98
102
102
83
81
45
43
50
47
47
41
33
20
38
75
68
76
72
76
81
81
74
84
86
86
90
88
90
92
93
92
94
96
93
92
94
94
96
96
98
93
97
94
95
96
95
93
94
95
94
95
94
93
93
98
96
94
95
95
95
96
94
97
96
97
92
94
93
99
100
98
96
100
100
101
101
101
97
164
179
171
115
104
103
103
131
38
44
49
54
52
55
58
58
58
59
61
63
64
64
60
65
100
182
138
52
56
57
59
60
59
61
61
65
58
62
61
64
64
65
62
65
68
71
73
73
77
76
79
75
73
74
73
70
76
71
76
74
81
78
139
212
121
88
77
81
80
78
77
74
73
79
91
76
206
189
156
149
138
168
160
87
32
52
89
92
89
84
38
3
8
7
10
12
14
12
15
22
24
22
26
33
31
32
41
75
120
160
165
174
182
177
181
171
168
172
166
167
172
169
171
174
175
174
179
182
184
176
178
174
175
164
155
148
140
137
123
116
113
113
106
91
69
39
158
94
54
86
80
41
17
8
10
12
17
20
56
92
91
102
111
168
143
19
208
197
184
59
159
132
173
167
159
166
162
154
166
134
32
45
35
23
17
9
12
9
9
13
10
11
13
12
9
13
22
25
38
49
46
68
104
100
75
78
106
99
102
99
98
99
99
100
103
101
103
105
106
102
100
103
103
105
105
102
103
101
101
106
108
100
28
27
32
52
62
60
57
59
43
40
43
40
32
16
15
38
107
129
5
15
11
15
17
26
18
43
62
84
97
142
152
133
131
129
132
128
114
115
102
97
125
106
108
84
107
110
104
102
103
105
108
109
106
107
107
106
107
107
108
105
107
115
109
141
189
185
190
164
169
165
165
170
155
103
105
101
100
105
106
104
105
105
102
102
99
97
100
105
105
105
106
103
108
200
159
146
110
103
103
102
105
105
100
104
102
104
103
100
94
89
115
38
43
44
44
42
37
29
16
34
74
73
82
78
79
81
84
81
86
86
89
92
90
90
91
93
93
92
94
94
96
95
97
97
98
100
96
97
97
96
98
97
95
93
94
96
96
95
98
95
96
96
96
97
99
98
97
97
99
95
98
96
100
98
102
102
98
96
98
100
99
106
101
98
165
181
172
117
106
104
103
135
34
36
43
51
52
62
71
64
65
65
75
84
79
77
75
87
117
186
141
77
78
75
73
77
76
75
76
75
70
70
83
102
95
61
66
68
63
64
67
70
68
66
68
64
68
67
68
65
64
66
74
72
81
68
190
184
99
78
77
74
75
75
71
68
70
75
86
73
210
185
157
163
155
165
120
42
54
96
86
77
79
89
33
13
6
5
8
10
13
14
14
18
22
24
30
30
31
33
26
20
34
89
144
188
200
186
186
176
170
160
167
169
169
160
164
166
168
169
174
180
182
178
171
168
164
149
144
145
136
128
126
124
117
113
105
102
71
56
197
74
33
61
84
44
15
9
11
12
13
18
64
111
112
123
152
164
86
45
220
195
179
55
162
171
152
162
153
160
159
155
158
83
39
37
36
36
30
21
12
7
7
9
11
12
17
14
11
20
25
26
41
55
43
83
103
93
90
55
93
97
98
96
98
95
96
98
102
98
102
102
99
97
100
98
97
104
107
102
100
99
100
104
117
78
20
27
35
78
100
105
90
81
79
70
70
60
47
23
17
45
112
110
17
33
25
24
26
21
18
7
8
16
28
36
58
75
85
75
84
116
109
105
106
116
129
53
65
73
115
111
103
99
103
106
107
107
105
104
106
107
106
104
107
104
105
110
102
147
186
186
189
167
164
166
166
170
150
104
110
104
107
109
106
108
105
106
103
99
100
99
100
106
104
103
103
102
121
208
160
147
110
109
107
107
107
107
102
107
102
100
102
96
96
100
118
43
47
42
43
39
34
26
14
37
78
74
78
81
83
81
83
84
84
84
89
92
90
92
94
94
92
93
96
96
97
92
97
98
97
100
97
98
99
98
100
99
97
95
96
95
96
99
101
99
97
98
98
100
103
101
102
104
101
100
101
104
102
104
102
102
99
98
99
103
101
109
100
99
167
179
168
119
104
103
102
102
42
40
42
50
46
55
55
51
53
56
70
72
69
68
75
85
111
192
150
98
96
95
101
105
103
104
115
118
113
128
173
196
165
93
108
108
102
96
97
99
99
91
93
91
92
92
93
91
83
85
86
91
85
92
223
152
93
81
80
76
82
81
74
71
72
77
85
74
217
183
157
176
172
119
51
63
89
80
78
77
85
77
16
31
3
8
8
12
8
11
13
15
22
24
28
27
27
22
23
29
32
25
44
109
119
133
136
131
154
167
165
169
178
186
189
187
198
193
185
188
179
164
160
155
142
138
133
132
121
125
139
139
138
150
159
154
127
99
209
129
55
51
49
43
24
10
13
14
11
20
84
134
137
147
169
96
62
75
224
187
182
91
51
161
148
148
149
139
149
158
136
43
49
34
32
28
33
32
23
15
7
6
10
14
19
15
19
27
23
25
41
60
59
90
89
88
86
80
87
94
96
92
95
90
91
95
97
93
97
96
93
95
98
97
95
100
98
98
96
99
98
95
120
49
17
28
41
79
111
120
116
108
94
89
82
70
55
31
18
34
129
54
31
41
26
23
25
21
22
20
20
16
12
17
18
19
2
8
33
106
108
104
108
109
92
86
49
86
113
105
101
104
107
110
107
106
108
106
110
112
104
105
107
104
107
111
100
158
187
191
186
162
164
167
163
175
145
105
109
105
109
106
105
107
101
107
105
97
97
103
109
110
105
104
104
99
133
211
163
143
108
111
108
106
106
105
103
104
107
100
100
97
103
111
96
37
55
46
47
44
37
28
16
41
77
74
73
78
81
82
84
85
87
88
86
90
90
97
93
91
93
95
94
93
93
91
98
97
96
93
96
96
97
99
99
98
98
99
100
101
99
98
101
101
102
101
102
102
102
98
98
99
100
104
107
102
99
103
99
101
99
100
96
102
101
102
101
101
168
175
165
116
103
103
102
49
51
52
51
53
57
59
52
53
50
45
53
59
56
69
64
67
103
195
161
68
73
81
88
80
80
99
107
106
105
120
119
103
115
111
113
112
110
108
115
113
115
120
114
114
114
111
116
116
110
112
111
121
113
162
215
118
105
115
115
112
111
103
103
106
97
98
95
92
228
203
186
151
61
63
147
101
69
72
72
64
72
57
32
32
3
10
9
7
12
8
8
18
25
23
26
27
24
17
24
23
27
31
21
12
23
76
164
202
206
212
208
212
215
217
227
228
220
202
177
153
127
101
91
79
78
95
111
129
147
167
174
173
170
173
154
133
99
76
70
75
27
26
34
39
35
15
13
13
14
33
119
143
149
161
98
60
95
103
230
183
182
142
11
142
130
132
146
122
146
169
100
37
46
39
33
26
29
36
37
33
16
6
7
15
16
18
25
29
22
27
42
65
79
94
85
86
86
93
92
95
90
83
86
87
79
84
85
90
91
92
91
90
91
93
93
92
96
93
92
98
94
93
101
25
20
31
41
75
112
124
130
120
104
94
82
73
59
39
21
29
100
14
40
40
34
27
28
24
16
15
14
13
15
33
30
35
12
38
35
106
106
110
105
118
102
67
44
124
109
107
105
105
109
109
107
106
106
106
108
108
105
107
101
106
108
113
99
165
185
191
184
168
163
167
162
180
150
104
110
110
114
111
108
106
101
106
102
104
104
98
102
101
103
102
106
97
140
208
158
147
106
109
105
104
103
104
104
106
106
106
106
100
103
104
65
36
51
52
52
47
38
33
15
34
75
78
85
88
84
87
86
88
94
94
92
94
88
91
90
86
86
93
91
89
90
94
92
93
91
90
94
93
91
91
92
99
100
101
101
102
96
96
96
98
97
97
99
101
100
101
104
100
97
100
102
101
102
101
101
96
98
102
96
99
99
98
96
94
164
174
172
108
106
103
101
49
52
60
63
50
63
67
60
57
53
45
53
59
57
63
63
70
97
197
158
60
64
66
71
76
75
82
90
93
90
96
94
97
101
123
116
119
116
118
120
114
108
116
111
109
107
111
107
107
119
115
116
119
103
231
191
104
113
116
110
114
109
111
122
112
115
123
122
129
214
131
77
52
110
188
160
104
97
96
97
84
88
47
30
14
10
11
10
11
12
11
33
18
14
32
32
29
25
20
26
24
25
23
18
22
29
28
56
157
211
209
204
189
181
152
127
111
101
78
53
44
31
32
84
94
132
147
158
165
167
159
142
126
115
110
89
65
64
59
23
23
28
21
18
18
19
18
15
18
11
84
145
149
156
87
55
90
116
137
228
180
165
102
33
69
126
128
141
155
152
152
58
41
37
38
35
30
34
33
38
43
30
14
4
10
10
19
26
21
24
24
39
72
86
85
81
82
85
89
88
87
88
84
82
83
85
90
89
88
91
91
94
83
85
88
83
81
79
83
90
88
95
100
95
13
20
32
40
75
108
122
128
122
104
93
78
68
58
47
27
21
16
35
48
35
31
39
38
23
21
17
17
13
13
31
24
35
18
26
25
92
102
104
122
105
73
61
88
125
109
105
111
111
107
113
112
110
108
105
110
108
111
108
107
104
106
113
97
174
185
192
181
162
165
165
167
178
135
111
112
111
112
112
109
105
106
111
106
106
104
102
109
101
104
104
107
93
142
218
161
153
105
107
105
98
100
97
98
96
98
98
99
103
102
112
92
36
45
47
51
43
36
25
13
36
83
83
83
86
87
86
82
85
88
86
88
92
85
89
87
84
87
89
91
91
89
90
93
98
96
91
94
94
91
98
95
93
94
96
98
94
89
97
96
97
103
103
101
100
98
98
98
99
102
98
98
100
100
103
106
98
100
97
97
98
96
96
102
103
167
171
161
118
104
106
108
56
51
55
57
41
61
61
53
50
45
46
49
55
60
56
61
62
89
192
152
58
53
61
52
56
63
61
65
68
68
72
77
75
81
88
102
103
106
122
114
118
115
120
120
119
120
115
122
119
121
121
123
111
147
246
143
102
111
119
116
114
111
112
113
108
97
69
61
62
95
96
119
165
171
160
158
115
112
113
110
98
99
55
47
6
8
10
12
10
11
26
69
15
9
19
21
26
25
25
23
22
21
21
22
18
24
27
25
25
37
44
49
39
30
26
24
21
20
19
17
15
16
24
105
172
140
139
152
170
160
148
132
107
97
82
59
48
61
28
15
15
20
22
21
24
15
9
17
2
61
145
163
168
105
52
73
106
138
79
234
183
161
53
112
38
126
135
143
152
156
127
39
35
37
33
29
33
40
34
26
29
39
32
9
13
13
19
21
27
23
28
30
82
91
79
75
76
86
89
86
85
82
84
84
81
81
78
82
87
79
85
86
84
83
90
89
85
83
84
82
86
84
105
59
18
24
33
41
79
104
118
117
107
93
86
79
72
60
50
28
19
22
41
49
32
36
46
37
34
29
24
21
13
21
29
46
41
12
16
18
83
99
109
99
91
81
72
98
92
100
95
95
102
96
96
93
103
103
100
98
101
106
98
96
100
108
114
88
182
179
191
177
171
167
168
163
182
129
105
110
105
108
103
103
97
96
109
106
105
105
104
106
103
105
102
103
93
157
209
160
150
109
110
103
100
103
109
99
95
97
92
84
99
96
110
87
28
45
49
55
43
35
32
19
41
77
77
79
79
79
78
80
81
81
81
84
85
89
88
91
91
90
87
87
90
89
95
95
94
93
94
94
91
95
97
97
94
94
95
97
96
91
95
96
97
98
99
98
98
100
100
99
100
99
97
96
101
99
99
101
98
97
99
99
100
95
99
95
92
164
175
163
111
103
100
98
54
51
55
54
48
58
58
62
48
39
50
52
52
60
54
61
65
86
193
135
55
60
59
50
58
66
64
66
56
61
59
70
68
68
70
76
75
84
85
89
88
84
92
95
96
95
96
102
109
115
118
122
114
201
223
110
109
113
121
124
116
112
112
111
120
74
104
103
100
209
167
161
167
163
164
157
116
114
112
112
107
106
59
73
2
10
12
11
10
9
33
109
31
7
12
14
27
31
26
20
25
21
18
17
14
20
19
17
11
22
31
16
16
16
14
14
13
15
15
16
11
14
23
38
134
184
188
195
182
141
104
89
76
57
49
53
50
31
14
14
14
15
18
13
15
12
12
15
19
137
155
136
88
55
85
104
127
75
90
233
181
157
29
132
59
78
131
143
142
131
87
35
31
28
28
28
28
32
41
45
40
40
38
27
9
9
19
20
22
30
26
29
70
65
63
65
71
72
74
78
75
74
76
74
69
75
74
83
78
84
85
82
83
90
92
85
88
83
78
85
86
90
110
39
17
24
30
43
80
102
114
111
99
89
80
76
71
56
49
28
23
29
41
41
26
34
45
36
39
32
30
25
7
29
23
42
26
19
19
13
82
109
100
78
82
68
83
99
93
91
87
93
98
98
97
95
94
97
97
103
97
96
105
99
101
105
107
79
189
180
193
173
172
164
165
167
181
121
105
113
106
105
100
108
101
97
103
103
101
102
105
103
104
103
105
108
88
164
205
154
149
105
109
104
103
101
104
104
97
101
98
99
100
90
97
72
35
49
49
48
45
35
28
15
34
80
72
78
78
78
76
79
78
81
83
82
82
88
86
86
85
85
85
86
88
90
91
91
91
90
91
93
94
92
90
93
93
94
93
93
95
92
92
96
98
93
93
93
95
98
97
94
97
99
99
95
98
97
98
97
98
94
100
98
100
98
93
97
96
168
176
167
110
106
104
101
61
62
67
63
64
65
62
65
62
57
57
53
51
57
56
59
61
90
189
139
55
60
58
55
62
65
63
63
58
57
56
60
59
58
61
60
61
62
59
67
72
68
68
65
74
75
75
76
82
83
92
87
111
221
174
99
106
104
108
110
118
117
117
112
118
82
125
120
121
239
173
164
164
163
159
162
118
117
120
120
114
108
58
82
1
7
11
10
13
7
21
115
51
5
7
20
29
32
32
22
23
17
10
12
14
15
12
16
9
19
26
9
15
14
14
15
14
15
11
12
12
17
25
30
60
144
180
135
96
74
59
59
62
55
48
45
32
11
13
11
14
13
16
12
11
14
14
8
68
150
129
77
60
84
102
117
77
25
108
234
179
153
24
72
84
49
120
119
131
125
63
41
39
32
24
21
22
27
38
53
42
42
37
31
21
14
16
23
32
35
35
26
94
100
93
97
94
98
101
86
92
91
86
81
74
80
82
81
81
71
70
67
68
65
69
67
71
65
61
64
62
67
82
23
15
25
30
43
78
98
112
110
103
92
80
72
67
57
47
27
28
35
43
38
18
39
43
43
43
34
27
26
9
36
25
45
19
18
22
14
83
97
77
81
75
87
95
87
84
91
90
92
97
98
95
92
87
90
93
98
97
94
98
100
101
96
103
87
196
176
193
174
169
165
166
164
182
112
104
108
103
100
101
104
97
98
104
104
99
98
101
100
100
98
99
104
85
174
207
154
137
104
104
101
104
99
96
102
101
98
98
101
101
100
99
63
39
42
50
52
47
37
25
15
33
77
74
77
76
80
79
80
81
83
86
83
86
86
88
86
83
86
86
86
86
88
90
89
92
92
88
90
95
92
90
90
88
95
97
93
94
92
92
94
94
92
92
93
95
98
95
92
95
98
98
93
95
93
94
98
98
96
97
96
97
101
96
97
91
171
174
169
110
103
103
100
67
67
70
63
66
66
65
66
67
67
62
56
54
53
63
58
64
96
188
148
59
55
58
63
62
64
66
61
53
50
58
57
55
56
63
60
61
56
54
61
64
61
62
62
63
62
64
67
71
69
80
72
144
223
122
95
88
85
90
91
101
100
100
97
103
82
115
114
124
235
164
164
165
164
157
157
120
122
121
119
113
112
69
59
6
9
9
12
11
7
8
75
45
3
9
29
32
30
31
28
23
23
29
14
10
11
6
11
11
7
13
16
11
12
13
13
14
16
10
12
15
19
23
31
32
61
90
76
74
85
90
79
60
49
28
20
14
9
10
12
13
14
14
14
13
6
10
37
118
142
98
50
63
71
68
62
29
7
113
229
176
147
32
22
70
59
102
105
127
119
43
44
41
37
29
23
21
23
29
42
41
33
27
29
28
22
21
22
31
34
41
19
107
130
115
120
116
119
118
110
114
113
108
111
105
106
100
100
111
96
99
102
101
83
86
88
75
74
72
63
63
68
61
18
15
24
29
42
78
95
110
109
106
94
82
71
64
59
49
31
35
37
46
35
17
40
45
50
41
37
31
24
16
28
22
48
14
23
21
23
87
82
78
81
78
88
88
83
79
88
89
87
89
94
90
89
85
92
92
96
97
93
88
96
95
94
107
85
201
173
193
174
169
168
165
162
176
102
100
102
102
97
108
104
100
102
108
107
105
104
101
102
101
100
102
106
82
183
203
160
136
109
104
104
104
109
108
106
111
104
103
103
106
110
117
66
47
45
51
52
45
37
23
12
34
77
79
80
79
81
80
80
80
82
85
84
86
86
86
85
84
88
86
87
89
88
91
90
91
91
88
87
90
87
91
92
88
92
93
94
94
92
93
93
92
91
92
92
93
95
92
91
93
94
93
93
97
93
93
99
96
95
93
95
95
99
99
97
89
167
173
170
110
101
100
98
67
64
65
61
61
63
64
67
68
70
68
61
60
62
68
63
69
97
187
149
65
56
60
60
59
67
65
61
58
58
61
61
62
61
64
65
65
63
61
65
64
61
65
66
68
61
64
68
71
74
81
80
186
194
90
89
72
74
74
71
78
81
82
79
95
69
87
93
120
237
159
163
166
161
159
148
110
114
111
106
105
104
73
37
9
9
12
11
7
10
4
31
25
5
12
32
35
29
27
28
24
40
73
53
40
12
14
12
7
10
41
50
14
8
14
14
15
17
11
11
14
18
22
25
24
17
24
35
52
73
81
58
37
23
13
10
10
9
11
10
11
12
9
8
13
33
60
92
137
124
62
36
41
30
25
16
18
5
120
228
173
134
33
18
35
68
63
91
143
95
28
39
38
36
37
31
27
28
27
30
34
28
24
25
27
27
25
17
20
31
37
18
94
130
113
121
123
124
119
124
124
123
120
123
120
115
110
116
122
122
123
126
126
112
114
115
106
104
108
94
91
110
78
14
19
22
28
45
80
95
108
108
105
94
82
70
60
60
52
41
41
39
49
31
20
40
48
51
41
39
37
22
24
24
23
56
14
22
14
42
87
84
82
84
89
90
85
96
87
90
86
83
83
84
79
76
80
86
83
85
84
78
72
78
81
79
84
71
205
168
192
175
168
167
164
163
172
70
71
69
71
75
94
96
94
83
88
90
91
95
89
90
90
85
92
96
74
196
199
163
130
96
93
94
93
96
94
94
94
95
93
96
93
96
101
60
47
45
48
46
46
31
20
13
25
59
67
75
79
79
80
80
78
84
87
86
85
90
86
86
87
88
85
85
89
87
87
91
88
86
86
85
86
86
89
91
87
88
89
91
92
91
91
92
92
91
93
91
91
93
91
92
92
94
92
93
96
95
96
100
97
95
95
98
97
98
97
97
94
166
178
171
107
101
100
99
68
68
68
67
64
64
65
66
67
73
71
63
66
71
71
67
69
97
187
147
68
60
62
57
63
71
67
63
68
71
68
71
71
67
64
68
72
71
69
69
69
72
73
70
73
65
67
70
75
78
76
103
212
148
87
81
67
72
69
67
71
75
76
71
86
66
64
76
118
237
157
161
165
160
163
143
94
98
97
89
96
95
75
29
9
9
12
9
6
9
6
21
19
7
12
22
29
28
27
25
23
45
85
76
56
19
35
20
11
36
72
72
28
6
13
17
16
18
12
9
12
16
20
19
14
14
12
11
12
21
24
13
11
8
21
20
14
10
13
6
7
7
19
30
57
95
111
121
124
82
28
20
12
13
12
14
22
6
134
231
173
130
49
49
20
46
29
80
150
58
19
29
33
33
37
34
35
39
34
32
30
32
28
25
27
30
28
18
12
28
31
24
73
125
108
115
120
120
119
122
124
123
119
115
118
114
116
120
116
124
119
120
123
119
120
123
127
126
128
123
115
143
84
14
21
23
29
52
81
92
106
107
105
94
83
72
60
60
54
52
45
41
48
28
21
45
50
49
42
40
34
22
28
30
25
59
15
17
38
65
85
83
84
98
101
105
103
110
106
102
97
100
98
92
89
80
86
84
84
87
83
80
72
81
80
79
77
82
206
165
191
172
166
168
164
165
173
59
67
55
54
57
73
81
83
73
76
87
79
85
88
87
83
77
80
86
73
205
193
160
120
83
85
75
80
77
79
84
81
86
86
88
83
90
91
51
43
45
44
43
45
28
20
19
18
35
46
56
64
66
71
70
70
78
81
82
88
88
87
88
89
88
88
88
90
87
85
87
85
84
82
81
85
84
86
86
81
85
87
85
86
87
87
90
92
91
91
88
90
92
90
93
89
94
93
91
91
95
96
97
98
93
96
98
97
97
94
96
96
171
181
172
105
100
97
97
76
79
77
77
70
70
70
65
65
72
69
67
70
70
75
67
71
101
188
146
65
65
65
67
73
73
75
70
73
70
75
78
71
69
68
71
81
76
77
73
74
81
81
75
72
69
69
74
78
80
70
143
217
119
94
73
70
71
76
82
80
76
74
73
76
81
64
73
125
235
160
164
164
162
165
140
89
92
92
85
89
93
88
22
8
13
8
11
8
3
8
27
25
5
11
9
15
22
27
26
22
26
41
35
21
29
45
35
42
62
63
62
51
14
15
16
17
21
14
13
13
17
15
12
11
12
8
11
9
9
8
10
11
18
35
31
22
16
10
9
12
29
67
101
124
118
104
123
94
30
12
14
12
17
18
18
25
6
148
232
174
142
101
89
29
29
34
89
135
26
17
23
25
27
29
30
35
45
43
41
38
40
32
36
32
34
33
28
14
26
31
28
59
131
110
114
115
115
120
120
121
120
116
116
121
123
124
123
121
124
118
120
121
122
116
124
125
129
120
123
123
135
48
23
18
27
33
60
80
86
101
107
106
96
84
78
65
60
51
55
49
43
44
24
21
48
49
47
39
39
29
24
26
38
20
46
18
43
91
86
94
72
99
111
111
123
123
121
123
118
120
127
124
119
122
112
109
103
106
112
111
108
99
114
104
108
111
122
202
169
194
169
166
172
163
168
169
94
111
96
94
79
86
91
98
103
103
118
101
105
114
112
106
104
99
103
98
209
186
156
129
103
106
85
92
93
104
106
110
113
108
93
95
112
117
52
48
54
46
44
42
30
22
21
22
31
41
54
55
55
56
56
57
60
61
62
73
65
70
73
75
73
76
81
81
81
81
78
78
81
79
77
80
77
81
82
80
81
81
80
82
81
84
86
87
86
84
81
85
87
87
92
85
88
93
88
87
90
89
90
91
88
90
90
90
92
92
92
89
172
175
173
104
99
94
93
80
81
78
76
71
73
75
70
75
71
73
80
77
74
78
76
77
103
190
144
75
73
72
75
73
77
77
82
82
74
77
72
70
72
76
78
82
79
84
81
75
78
79
78
81
78
80
85
81
85
86
189
184
107
83
72
80
76
83
87
84
82
80
79
84
99
87
68
131
240
155
162
162
163
161
143
96
98
96
94
87
83
89
22
8
11
11
12
7
7
5
17
19
5
10
9
12
10
18
22
15
4
10
16
29
48
44
67
76
71
65
72
77
29
17
17
19
22
14
17
16
17
14
11
9
10
9
11
12
13
11
9
11
30
40
40
29
18
13
11
29
90
127
146
96
77
116
136
57
12
17
19
17
16
19
22
25
7
160
232
177
141
136
105
48
65
55
102
131
21
28
26
20
20
20
23
25
37
44
38
42
47
43
49
36
32
31
33
25
20
30
23
62
135
111
116
116
119
121
118
118
117
115
125
116
120
122
124
116
118
120
118
118
121
115
119
121
118
121
118
123
122
27
25
21
27
38
66
78
80
94
103
106
100
86
81
68
56
46
50
46
44
44
19
22
47
45
43
39
38
33
22
26
50
25
38
44
104
109
99
105
93
106
109
119
132
131
134
127
123
130
132
123
130
124
122
115
121
118
119
123
118
118
118
121
118
113
135
202
173
192
175
167
169
165
174
165
107
125
131
128
120
123
135
133
129
125
128
128
128
124
130
133
130
133
129
127
220
188
158
144
127
132
132
126
123
124
133
137
142
125
92
87
109
103
49
45
49
48
43
42
31
21
22
27
36
46
87
83
80
69
75
66
59
55
53
46
43
46
47
51
47
44
53
55
61
64
64
68
68
73
72
72
72
71
73
75
72
69
73
77
71
74
73
74
76
76
74
77
79
80
87
83
83
87
83
86
83
85
84
87
86
88
86
88
89
90
88
86
170
175
173
97
96
94
95
84
75
79
74
76
77
73
70
84
79
82
98
79
78
90
85
86
113
190
148
93
89
85
81
76
86
84
81
79
76
72
82
75
79
75
84
83
77
73
76
81
85
81
84
82
81
87
87
88
79
103
226
146
98
77
97
92
89
99
79
94
84
90
87
91
98
96
64
140
227
161
160
160
166
160
147
89
94
97
86
86
87
79
34
0
6
9
12
12
8
1
23
28
5
9
8
10
15
15
12
13
8
35
81
101
93
89
75
73
82
78
82
87
38
10
17
22
20
22
17
18
10
8
10
10
9
10
10
11
8
12
12
21
37
37
28
19
17
18
15
35
92
107
95
58
113
127
99
15
20
14
21
23
23
24
19
25
8
176
226
180
108
97
77
90
72
67
77
98
26
35
36
38
28
17
16
16
19
30
33
33
33
40
44
28
28
31
32
39
22
28
18
73
128
112
116
119
116
120
119
120
121
127
126
120
122
126
122
120
118
122
123
124
121
121
119
116
125
127
129
127
120
18
25
17
27
41
71
82
80
92
100
101
98
88
82
68
52
48
50
44
39
54
20
28
44
44
39
48
32
33
22
21
47
30
53
100
92
110
97
89
100
95
111
119
113
120
120
120
118
122
123
121
131
123
119
114
123
117
134
118
120
130
124
129
128
101
141
208
173
188
167
166
166
165
176
170
109
128
129
131
124
123
137
137
128
110
123
134
125
127
128
130
125
135
127
106
224
184
163
129
113
123
129
125
125
115
126
120
120
118
67
65
86
84
41
38
39
44
38
35
27
21
22
29
31
30
83
109
107
122
144
121
110
113
112
97
112
108
101
104
109
96
97
92
85
89
81
83
80
76
75
72
69
68
56
56
56
49
49
46
56
52
52
57
59
64
66
67
70
73
74
76
75
72
74
76
73
80
79
86
83
80
83
83
81
85
87
89
170
172
177
97
93
93
93
82
77
85
78
76
77
79
73
87
84
83
79
73
80
78
85
87
106
191
151
79
76
82
84
91
87
80
79
83
73
77
84
80
74
76
83
80
81
72
72
74
79
84
86
80
88
88
83
91
66
154
211
117
92
69
87
84
71
83
73
76
79
75
74
78
79
89
67
133
230
147
166
140
161
179
128
73
77
83
84
85
83
77
34
3
11
7
11
8
9
5
36
44
4
11
11
10
10
27
8
16
9
3
50
84
90
78
77
83
90
79
111
90
18
17
23
21
22
22
14
13
5
6
8
12
11
11
10
2
11
13
18
40
36
24
17
18
17
16
21
16
29
63
45
65
81
57
26
14
9
11
28
34
39
29
19
31
14
198
214
176
88
82
77
78
50
85
38
53
34
38
42
40
37
33
23
10
10
16
18
28
27
34
33
25
29
37
39
47
32
22
21
75
115
108
106
111
117
121
119
120
126
124
112
120
121
121
119
118
122
120
119
123
126
122
120
120
121
124
122
132
116
20
19
15
29
40
71
82
82
94
100
99
97
93
83
68
52
47
54
38
38
48
14
28
53
45
43
43
30
34
27
22
41
26
90
105
121
99
56
93
103
128
132
130
123
124
114
124
119
119
124
120
111
122
124
123
128
122
122
128
135
125
133
129
122
115
154
210
175
193
162
167
168
165
176
160
102
131
136
127
131
135
119
118
125
125
122
125
119
124
122
125
109
115
118
126
233
187
163
123
124
115
122
120
106
120
135
121
105
88
60
58
70
67
39
41
39
38
35
29
30
23
18
26
29
35
49
67
67
81
99
99
113
117
124
111
117
126
123
118
137
135
139
132
132
128
130
130
140
131
125
129
122
121
125
107
107
101
97
89
77
77
60
57
55
47
40
40
42
41
44
49
52
63
64
66
65
69
72
86
83
79
79
79
80
84
80
82
168
172
169
101
93
89
89
81
79
82
77
74
76
76
76
78
83
80
78
76
73
76
80
86
111
185
150
80
70
71
79
84
85
76
74
74
78
82
80
81
84
84
79
79
81
78
79
80
85
85
89
84
84
83
81
87
61
210
181
100
88
80
75
77
75
78
71
74
73
71
67
67
76
80
72
104
215
163
166
164
115
168
145
76
80
86
73
81
83
87
50
1
7
9
10
9
8
5
58
75
6
9
8
12
9
12
13
21
45
22
12
69
73
78
72
74
77
93
172
88
28
19
20
26
31
25
21
14
8
8
7
7
8
10
9
12
6
14
33
28
21
19
17
17
20
21
21
23
22
18
28
24
17
12
12
10
12
15
33
37
27
23
21
27
13
217
210
176
82
20
83
96
42
81
42
42
37
41
48
48
46
33
22
18
18
17
15
15
20
29
36
27
30
34
35
34
37
27
23
50
88
77
81
83
89
92
110
111
109
114
119
126
120
117
116
115
118
118
121
125
124
119
126
123
127
121
120
123
101
9
22
19
26
37
71
82
80
92
100
99
97
98
83
68
50
46
52
33
44
37
15
33
57
41
47
44
31
31
20
16
44
42
110
109
103
67
84
102
115
119
118
123
125
124
118
126
121
122
126
111
124
129
128
123
124
125
124
121
119
117
121
118
120
103
157
202
177
191
163
169
166
165
182
154
105
129
123
117
123
122
125
113
124
113
121
126
123
117
118
122
119
117
110
136
223
179
160
125
115
118
126
122
114
112
116
120
117
84
48
54
53
45
34
39
33
37
36
35
34
26
27
26
25
35
42
50
63
69
79
81
103
104
111
110
116
116
113
108
114
118
115
118
116
121
104
126
124
116
131
120
120
123
124
130
119
121
120
122
121
119
122
113
114
107
106
91
92
90
83
71
68
53
55
45
43
49
52
52
57
63
69
73
71
69
72
71
161
176
164
85
83
83
87
80
82
82
77
79
88
82
82
78
78
77
82
79
78
76
74
81
106
188
151
74
69
78
84
77
82
77
82
83
78
78
81
86
89
88
88
85
86
85
75
79
77
77
77
68
79
83
86
87
114
227
143
91
81
81
82
78
75
72
76
67
63
69
68
70
73
82
60
154
184
138
167
169
155
115
117
70
70
68
77
72
72
71
50
0
5
11
10
5
10
3
30
51
7
7
6
10
9
12
8
35
82
48
4
56
74
69
69
70
76
144
184
84
49
12
17
26
32
36
30
19
8
8
8
5
9
10
10
10
15
26
25
19
16
19
20
19
22
26
24
26
29
30
28
23
23
18
16
8
8
12
20
23
16
19
20
21
12
236
201
174
74
21
36
60
38
74
61
42
47
50
50
50
39
31
26
29
27
23
27
24
20
26
38
32
33
28
31
33
36
28
19
42
73
58
61
63
70
71
82
76
78
90
93
106
124
126
128
130
132
127
128
130
127
124
122
127
123
128
116
130
92
11
20
18
25
37
73
81
79
90
99
100
99
99
84
66
47
55
53
34
40
36
17
37
52
51
51
30
28
27
20
15
40
76
114
95
76
73
78
98
117
125
125
121
121
123
123
122
121
122
122
103
121
120
120
124
126
128
119
123
126
132
126
122
128
106
179
196
179
189
169
168
167
166
181
150
119
125
118
122
119
117
122
115
116
113
114
111
119
113
112
111
118
122
108
139
229
179
161
124
106
111
119
105
108
120
102
116
116
86
61
48
44
40
45
39
39
41
35
37
40
29
29
32
38
38
44
50
54
60
62
66
73
76
82
82
100
109
115
101
108
107
105
111
110
114
122
131
122
121
125
108
118
120
118
124
123
117
115
116
122
116
112
113
117
120
119
123
123
118
125
120
117
110
120
110
105
108
110
104
95
90
78
74
76
79
74
69
163
178
169
72
56
54
57
75
80
80
80
80
86
85
81
81
84
80
73
71
72
77
73
81
104
188
150
76
66
71
75
78
78
77
75
80
89
87
89
88
86
90
92
82
88
86
79
86
81
86
80
73
83
85
86
79
186
214
109
85
79
84
88
78
77
79
70
70
70
71
74
76
70
77
54
165
205
131
160
163
165
148
97
75
74
68
77
73
69
74
56
2
3
7
8
8
10
7
27
40
7
8
8
7
6
22
20
38
65
65
6
46
71
59
64
69
95
147
152
68
43
9
20
24
30
42
36
31
20
11
7
5
8
8
9
12
25
25
20
18
19
19
21
23
24
27
29
29
31
30
25
23
23
24
25
18
8
10
17
20
17
18
18
21
15
247
193
175
70
22
20
27
29
33
50
41
47
51
46
45
34
37
36
36
34
28
30
29
22
15
25
28
32
25
24
26
28
25
18
36
73
61
58
59
66
71
69
68
72
68
73
76
88
97
103
108
121
126
128
123
119
118
108
114
113
111
107
117
87
15
20
17
26
38
74
81
79
88
99
100
104
99
83
61
45
65
48
40
43
37
11
36
50
52
45
24
26
21
26
5
64
97
88
78
76
81
82
104
116
120
124
118
115
118
121
118
117
118
117
105
117
122
119
122
118
125
124
121
124
130
121
122
122
101
188
192
183
186
170
167
166
165
182
143
114
123
129
126
118
117
123
126
127
126
118
114
124
118
115
110
112
124
114
140
234
173
157
103
105
94
87
83
84
87
83
88
89
74
56
48
47
44
45
37
42
43
41
37
42
38
38
44
44
49
45
51
50
52
50
62
69
70
73
75
79
87
96
87
94
95
95
101
99
102
109
106
108
111
119
110
119
119
124
116
120
118
116
119
112
103
115
123
121
124
120
125
122
121
125
128
128
124
121
125
129
126
123
123
116
119
117
113
114
111
110
108
175
176
169
111
98
82
74
79
78
78
84
78
74
81
80
80
81
76
75
74
72
77
74
84
105
188
155
70
67
67
68
73
82
80
74
78
84
84
83
83
80
82
84
78
81
74
74
80
79
74
73
80
82
81
74
96
233
174
92
78
73
79
84
78
75
80
71
77
73
75
77
78
80
83
68
176
212
138
144
158
158
167
120
78
78
80
70
71
73
76
54
2
10
10
8
9
9
8
42
63
8
7
7
7
5
18
51
48
42
46
13
43
62
53
56
62
102
152
129
55
29
12
20
26
31
40
36
33
28
16
8
8
9
9
8
15
23
20
19
17
18
22
22
22
25
28
29
35
33
33
25
25
25
29
34
26
18
14
20
23
18
18
20
23
18
251
189
173
66
24
20
18
18
19
42
44
38
39
38
39
40
40
39
40
39
32
31
27
19
22
17
23
27
22
21
23
26
21
16
33
70
61
59
60
60
69
71
69
67
62
64
64
68
69
72
81
88
93
95
97
88
91
87
92
89
89
89
89
68
16
20
21
26
39
74
80
78
85
98
103
109
98
80
53
51
67
42
41
45
34
16
40
47
50
37
25
22
15
19
19
85
94
76
78
83
70
75
110
112
119
112
116
113
116
121
121
117
118
113
113
119
121
122
127
124
118
126
122
123
127
120
121
121
100
193
180
182
183
167
167
165
167
180
132
116
122
126
122
115
110
115
121
120
122
116
114
117
116
116
111
111
111
99
141
231
170
158
89
82
68
66
65
59
62
58
63
63
60
45
50
49
48
45
47
44
45
45
41
51
55
49
49
44
54
51
50
54
56
60
63
64
72
68
72
70
75
79
71
79
75
77
85
80
81
85
82
88
104
111
111
116
116
127
116
123
129
132
124
109
111
121
122
125
123
117
122
119
116
115
120
125
122
120
123
122
119
119
120
118
115
121
118
122
116
119
113
180
177
167
121
119
113
111
81
77
78
81
73
69
77
77
80
78
75
81
80
79
75
76
89
109
186
156
66
69
71
73
74
83
81
80
79
76
79
77
79
83
81
79
81
77
74
71
71
74
68
70
73
73
78
65
144
244
127
84
65
65
69
69
64
68
68
68
74
69
74
75
76
79
86
81
176
203
150
140
153
153
169
126
81
83
87
81
73
72
73
46
5
13
10
8
9
8
6
44
74
10
5
8
8
5
18
67
56
47
44
33
44
54
54
53
56
111
156
114
41
19
20
18
25
31
37
32
29
29
22
12
11
10
9
10
18
20
19
20
21
20
24
25
24
24
24
26
31
32
34
32
31
32
35
36
30
27
22
24
24
22
23
26
22
26
250
185
172
61
24
21
18
13
21
47
28
27
30
40
44
46
43
44
44
42
37
33
21
35
110
14
19
23
20
21
19
22
19
12
33
68
58
60
65
61
68
72
70
66
66
68
67
69
67
69
70
77
79
78
83
74
72
78
79
82
80
78
83
60
13
21
24
24
43
77
80
75
81
94
103
109
97
74
46
62
61
37
39
46
28
22
46
50
46
28
29
19
18
40
54
77
78
76
85
80
36
73
104
106
112
101
105
105
110
115
118
110
112
102
109
109
111
115
120
123
113
118
119
119
121
116
114
118
88
206
172
186
179
167
168
166
168
180
123
115
118
113
112
106
103
104
107
109
106
106
104
101
97
102
99
96
93
75
146
230
171
156
73
59
56
53
52
54
50
53
59
57
54
45
49
53
50
47
54
49
49
47
43
53
60
51
49
49
53
56
58
60
66
62
62
60
68
64
66
63
64
68
63
64
59
60
69
66
60
65
64
70
76
84
92
98
103
111
108
112
115
125
117
98
106
112
118
113
117
117
117
119
116
117
114
120
121
121
122
119
121
122
118
116
116
119
119
120
119
117
114
182
181
164
121
122
126
130
76
75
78
75
68
71
75
73
77
75
76
78
78
80
72
76
88
106
186
151
67
70
74
78
78
74
76
80
76
76
79
76
79
90
84
82
84
80
82
79
75
77
77
80
75
73
87
82
194
214
95
81
59
61
58
60
53
62
60
61
64
65
67
71
72
75
81
77
166
181
149
149
150
156
159
112
83
85
88
92
82
74
73
49
8
11
7
8
8
8
5
36
61
9
7
10
11
4
33
75
60
62
65
57
52
56
58
61
65
115
152
86
24
17
23
19
22
26
32
28
24
24
24
19
12
8
9
12
18
19
19
25
27
28
29
31
29
26
24
25
25
27
30
33
34
37
37
33
34
31
29
26
28
32
33
30
22
43
249
176
170
54
22
23
18
9
32
94
39
23
33
45
51
47
49
48
50
45
40
26
13
93
199
25
13
22
20
20
18
18
16
10
37
80
62
68
72
73
74
76
75
71
73
77
76
78
80
83
76
83
87
84
86
82
71
82
76
85
78
78
91
61
12
22
22
26
47
78
78
73
76
88
100
105
95
68
42
71
51
34
38
44
22
20
51
53
43
24
27
32
47
68
71
71
73
79
81
48
14
78
92
98
99
92
89
90
96
97
101
96
100
92
92
95
97
100
97
106
103
103
103
104
107
103
100
103
74
217
169
192
177
168
168
167
167
183
112
96
103
98
99
96
92
90
93
97
91
88
87
82
76
78
77
73
78
57
153
228
168
148
60
48
52
47
49
57
48
56
65
62
54
50
46
57
50
48
52
51
54
50
45
53
54
54
55
56
56
58
68
65
77
65
66
64
61
63
61
61
59
62
59
57
60
54
57
61
53
57
54
61
51
54
68
73
79
82
89
88
86
97
97
78
82
88
100
89
100
111
112
115
111
120
108
113
116
120
122
121
124
122
121
119
125
123
126
122
122
116
120
185
186
163
124
124
127
124
73
76
77
75
72
76
79
75
73
75
77
76
80
78
75
75
80
100
188
147
73
70
71
77
77
68
71
75
72
75
78
75
81
86
81
83
82
83
82
87
85
84
83
87
91
84
93
122
223
156
84
82
68
66
58
62
64
65
65
63
63
67
67
76
75
81
82
69
151
159
136
151
150
152
146
109
78
83
88
82
85
84
83
55
9
11
7
9
8
8
5
46
59
6
12
10
12
4
47
88
68
66
73
72
64
65
63
74
86
115
130
41
16
17
19
21
21
22
27
23
20
19
21
21
13
9
12
14
18
19
24
32
37
37
31
34
31
31
28
24
25
25
27
27
31
36
35
32
37
33
30
27
41
46
45
30
21
62
249
167
162
47
24
24
24
40
87
149
83
28
41
41
47
47
51
47
53
48
40
20
23
162
202
61
7
24
21
21
22
20
14
12
45
97
71
80
77
79
82
81
78
76
76
80
87
85
87
88
85
86
87
87
89
85
79
86
77
79
75
80
93
57
15
22
22
30
48
75
75
71
71
81
93
98
89
63
42
72
43
36
38
37
17
17
54
52
42
24
34
70
78
66
69
82
82
80
53
8
23
83
84
88
91
86
82
81
86
85
86
85
93
91
80
89
86
89
84
87
91
90
88
87
90
87
88
86
71
220
166
192
175
168
166
166
167
184
91
75
84
87
85
86
79
78
81
79
79
76
72
66
65
65
62
63
69
48
161
221
163
142
62
52
50
50
54
55
55
54
67
62
55
50
47
55
51
53
51
51
57
53
51
54
51
61
64
62
65
61
70
69
79
77
74
68
61
65
60
64
61
60
53
58
64
55
52
58
55
57
56
61
57
46
56
58
59
61
70
68
71
74
74
62
64
62
67
69
77
90
99
98
91
102
97
96
98
109
115
109
110
112
118
119
123
118
121
115
115
113
112
185
186
167
115
122
122
113
77
85
81
79
84
88
91
80
80
84
85
87
89
83
83
79
84
107
188
143
87
73
75
79
81
80
76
76
74
77
73
76
83
77
82
82
83
82
81
84
82
83
82
82
88
84
81
159
223
107
89
83
80
74
74
69
75
79
71
78
77
83
84
89
83
85
89
76
137
160
126
142
147
136
160
108
77
83
83
75
77
85
89
40
11
9
11
9
11
9
7
70
74
7
13
9
10
3
54
82
76
69
72
81
69
68
69
78
94
117
71
9
20
15
16
19
17
20
26
21
18
15
21
16
13
10
17
20
23
29
32
38
42
39
28
31
26
29
22
16
23
29
29
30
29
33
32
33
38
37
30
30
52
57
57
36
19
70
249
171
156
43
25
25
54
147
176
137
102
43
40
37
37
41
46
50
53
45
35
33
64
185
190
109
6
24
23
24
26
24
16
10
51
95
76
78
78
72
81
75
73
78
71
81
90
82
88
86
87
92
86
89
94
86
87
86
83
83
78
78
97
56
13
16
22
30
46
70
72
68
69
76
82
87
83
61
46
61
41
40
41
38
12
19
55
51
37
24
73
105
67
61
83
81
83
72
13
10
35
92
85
87
89
92
86
84
92
98
88
86
94
88
87
87
84
87
91
80
89
88
84
84
80
85
82
80
70
227
165
189
171
166
167
165
167
180
69
78
85
86
79
79
76
75
74
74
76
77
67
63
59
66
62
73
73
52
171
216
164
138
66
73
62
57
60
58
62
65
65
61
57
57
56
59
63
61
61
55
57
54
56
46
50
58
64
68
72
59
65
66
62
69
64
62
65
70
62
57
58
55
48
52
54
52
54
50
51
50
60
56
59
56
52
56
60
55
59
54
64
63
62
52
57
53
52
58
62
65
67
68
68
66
83
70
69
79
86
80
85
99
101
106
115
111
107
100
107
114
104
185
184
179
105
114
120
115
73
79
82
80
86
82
85
79
85
86
88
78
78
89
88
85
87
115
187
151
98
86
91
88
95
102
88
84
89
94
82
79
82
85
83
84
88
86
86
88
86
81
82
86
83
80
89
195
185
85
91
85
90
88
77
82
79
79
76
90
90
91
91
83
68
84
93
106
189
121
95
126
145
127
162
107
92
83
78
86
95
77
65
26
13
8
9
11
10
16
10
42
41
5
7
9
8
6
68
88
89
76
81
79
74
75
72
88
84
38
18
19
21
20
16
17
16
19
23
22
14
14
19
18
11
15
21
27
26
39
38
36
22
32
56
40
32
23
18
8
14
28
35
36
37
37
34
40
35
29
29
34
54
56
61
54
21
79
244
173
158
50
23
38
144
215
154
159
183
94
33
40
31
35
36
48
54
32
18
29
81
179
193
144
6
23
25
25
28
24
13
10
43
84
81
76
78
74
76
77
76
77
69
77
74
69
74
88
86
87
92
88
95
92
91
92
94
90
83
79
91
51
15
12
17
23
37
63
72
68
65
72
77
86
82
60
54
50
32
32
44
45
12
20
50
44
29
64
107
66
64
86
79
82
66
56
15
12
46
98
92
100
96
103
89
89
83
94
97
92
91
86
103
87
85
87
90
93
92
90
83
83
76
88
82
79
83
231
152
188
176
164
168
164
168
173
79
91
81
77
82
78
74
75
76
72
72
61
62
67
65
70
69
78
76
60
177
214
168
137
71
70
68
67
62
63
64
66
65
57
53
66
62
68
75
63
73
50
52
53
54
57
47
59
66
62
64
57
51
52
61
64
60
57
58
69
65
59
60
50
41
50
49
44
46
49
49
50
56
49
50
54
45
53
57
60
51
50
61
51
57
63
53
54
49
52
59
51
54
55
55
63
64
60
59
63
59
63
64
68
78
85
83
95
93
88
87
97
95
183
181
174
105
104
111
113
78
75
75
80
75
78
81
83
79
78
80
79
84
88
72
78
82
103
189
154
96
82
88
87
94
86
88
92
87
92
96
96
98
96
93
99
91
89
89
88
97
94
91
92
103
101
123
224
139
99
90
91
90
89
80
80
74
71
69
87
90
86
92
76
96
98
73
80
173
167
87
63
83
128
127
118
102
94
81
93
105
96
42
18
12
11
15
13
11
15
10
49
26
5
10
7
9
21
96
90
81
81
84
85
82
81
80
97
66
6
19
20
22
20
15
16
15
16
16
26
21
14
17
24
15
19
32
29
22
30
15
4
18
102
109
100
99
92
88
69
17
17
30
43
45
42
37
40
33
38
43
45
46
58
66
68
34
95
247
157
156
87
74
76
182
200
152
148
147
172
87
23
17
25
30
42
26
11
5
70
86
184
182
152
7
19
24
28
26
21
16
9
41
81
79
83
79
89
92
88
83
85
85
83
94
84
84
97
79
87
88
87
83
88
93
93
94
92
85
72
81
47
15
15
24
24
29
54
72
67
62
71
78
84
79
57
63
49
38
32
33
39
9
17
43
44
88
104
69
67
98
76
74
72
23
45
15
0
82
110
99
98
109
97
92
90
86
91
89
93
93
89
83
85
95
88
88
90
78
94
80
80
85
94
88
81
96
229
149
197
170
171
164
165
172
169
87
98
79
83
82
68
74
79
85
92
79
82
85
83
78
89
83
80
79
60
186
206
164
125
57
59
57
61
57
64
73
68
60
62
62
66
61
55
63
55
57
67
58
58
50
58
54
57
61
59
56
48
50
51
50
53
65
62
50
52
62
53
62
54
41
52
53
49
42
36
50
48
48
51
55
40
55
56
57
58
67
59
62
60
60
64
49
57
55
45
48
57
52
58
53
60
58
62
56
55
70
58
64
66
62
68
64
69
71
67
63
62
70
179
183
168
79
80
80
84
91
82
78
86
84
66
79
87
84
85
85
83
85
82
73
78
83
105
186
158
80
94
82
84
82
86
88
90
89
73
84
92
90
93
91
87
85
91
89
89
91
99
89
94
100
83
163
213
111
100
88
85
84
90
85
80
82
77
81
81
88
84
88
92
103
98
101
80
70
71
74
67
52
44
52
75
98
96
91
79
55
23
16
10
7
9
11
9
11
7
8
23
9
2
3
21
8
37
108
75
82
85
94
84
80
73
80
78
17
13
16
18
16
16
18
17
12
16
18
25
27
23
15
24
16
18
30
33
71
24
3
11
87
92
79
79
80
81
86
103
84
23
12
33
39
47
45
42
42
48
50
60
59
63
61
80
59
125
248
157
150
97
102
70
176
197
155
154
158
159
180
126
58
13
32
31
23
5
44
101
96
182
180
153
18
12
22
24
23
23
17
11
40
109
77
80
79
88
90
89
82
90
92
86
87
88
84
93
91
92
87
85
82
90
96
92
98
89
82
80
90
43
19
19
20
19
27
47
67
65
63
72
75
88
84
58
65
42
38
39
37
29
4
31
55
75
98
69
69
97
94
79
70
46
36
41
10
0
84
95
88
96
102
100
96
93
92
86
90
89
99
94
85
82
89
86
77
96
84
92
87
90
84
85
93
78
108
233
157
191
168
167
165
165
173
164
77
91
82
86
87
83
89
94
94
91
92
95
86
89
87
64
80
75
83
69
199
207
168
139
78
74
63
72
71
64
77
74
66
74
75
71
77
69
61
60
64
81
62
74
60
61
57
61
70
67
47
58
58
55
50
56
60
59
56
48
69
60
50
55
51
60
53
57
56
51
54
62
54
62
58
58
59
56
59
66
65
57
58
52
51
55
57
52
52
56
52
52
60
60
56
60
63
58
72
65
63
63
66
64
59
57
67
63
69
66
57
54
64
174
171
170
63
62
57
58
104
90
87
89
90
86
88
95
91
86
83
79
86
84
76
81
84
106
184
154
84
86
78
83
88
88
92
88
84
84
89
79
86
85
86
83
85
84
89
98
93
84
83
92
104
101
203
177
100
89
89
84
88
93
88
88
90
86
92
84
86
88
89
91
88
94
97
95
138
93
94
75
61
65
52
36
49
65
63
40
23
18
13
10
9
4
10
6
11
11
8
18
9
1
32
21
2
62
102
78
84
86
92
92
87
96
88
29
12
8
19
20
18
20
19
15
13
16
18
20
30
32
32
32
16
13
6
54
138
44
2
49
107
94
85
85
84
83
87
85
89
70
14
6
19
30
47
46
43
47
52
57
63
69
71
71
66
145
247
158
149
88
96
80
174
189
153
155
157
157
161
131
92
18
19
34
26
55
97
99
95
182
182
160
40
21
24
22
23
24
17
14
28
101
90
91
89
90
91
88
88
80
89
92
88
89
86
90
94
90
98
91
86
90
94
90
91
89
85
80
91
36
19
21
17
20
27
41
63
62
62
71
75
88
84
61
65
41
38
33
34
32
7
33
73
87
96
71
64
105
90
65
29
43
42
44
9
2
93
86
79
89
97
89
90
90
95
85
90
87
95
88
88
90
78
86
73
92
85
84
90
90
84
81
86
77
126
225
161
192
166
163
168
165
172
155
79
87
81
77
77
72
80
87
83
84
82
84
79
77
74
81
81
70
80
68
205
205
165
132
85
80
69
74
69
76
71
71
70
73
71
75
80
84
81
82
83
98
88
82
75
80
74
62
76
74
65
53
70
64
64
63
67
64
69
74
58
65
62
68
63
71
65
71
64
53
59
67
65
63
64
69
60
56
51
54
59
61
63
56
53
52
57
50
50
53
56
57
62
61
62
53
63
59
66
64
66
71
63
63
55
62
57
58
59
64
68
53
65
173
171
169
59
57
57
52
97
97
95
99
105
97
102
94
91
90
87
92
94
85
86
85
89
107
188
155
88
84
84
83
92
92
94
93
90
89
92
86
84
85
89
87
88
83
88
84
85
86
88
103
85
127
221
138
97
83
87
89
88
88
96
91
91
90
84
90
93
96
101
107
109
104
101
100
181
96
90
95
70
64
69
58
43
46
36
20
13
12
9
8
6
7
11
10
14
7
61
56
6
25
65
9
20
87
103
91
82
88
95
92
99
98
43
12
14
15
18
20
19
21
16
14
15
16
17
15
25
36
38
29
19
18
30
24
71
28
28
93
105
93
87
78
79
85
84
88
84
86
73
2
10
38
33
40
51
50
57
61
61
63
60
79
77
150
240
162
142
75
87
68
179
192
149
153
149
157
161
128
110
42
5
21
57
88
106
99
105
185
185
144
87
30
23
30
26
25
23
18
19
112
96
93
98
95
94
93
94
94
89
95
94
95
92
90
89
87
83
86
87
87
79
85
86
84
81
79
93
37
20
18
20
20
23
37
61
61
61
70
81
96
85
65
65
42
37
28
32
27
10
36
89
87
80
45
119
101
67
33
22
43
47
46
9
12
99
85
78
80
83
74
81
81
85
91
88
91
86
88
91
95
82
92
86
80
83
85
84
87
81
82
86
73
124
226
164
195
167
167
164
165
174
148
73
86
80
77
77
77
75
85
82
79
76
75
75
78
81
77
77
80
78
75
208
197
166
123
79
87
81
72
75
81
75
76
75
74
74
85
76
84
85
88
91
93
94
94
88
95
93
83
88
81
81
78
83
81
75
80
80
76
77
83
73
74
70
73
69
80
75
75
68
67
72
72
74
74
72
84
71
62
69
69
68
67
70
67
70
69
63
61
68
71
63
67
66
65
70
58
64
70
67
65
64
66
65
71
65
68
65
62
66
68
66
56
70
171
181
163
61
63
66
60
91
96
95
96
98
100
97
90
90
92
94
100
97
94
94
98
102
110
192
159
92
89
92
92
96
95
98
98
98
97
94
96
89
97
99
96
95
90
85
83
89
97
96
98
70
180
207
116
96
92
91
96
88
91
99
99
95
87
82
86
85
86
91
93
99
105
111
116
201
129
85
77
64
50
49
42
31
25
16
11
13
11
7
5
3
8
10
10
11
23
127
47
9
69
40
11
58
92
93
91
86
89
93
90
104
60
15
12
13
19
19
20
21
18
17
16
16
17
20
13
23
34
41
34
22
17
68
26
18
23
67
106
97
92
87
84
85
88
86
86
85
89
99
46
40
81
65
39
43
58
64
62
55
64
76
91
79
156
235
163
138
77
89
67
187
190
148
151
148
156
161
123
76
21
34
66
83
91
98
103
103
184
188
133
95
45
21
29
27
27
24
21
16
97
99
87
92
97
87
93
96
96
89
98
96
91
94
90
91
88
84
91
89
86
79
86
89
87
83
82
92
32
22
19
21
21
19
34
59
62
63
74
89
101
83
64
60
41
36
27
29
25
5
64
104
85
51
109
124
72
45
24
20
49
44
48
11
25
101
86
82
80
83
81
80
86
83
92
93
91
85
93
90
95
90
86
79
78
81
81
79
81
84
84
82
71
134
211
166
194
167
167
166
165
174
142
66
83
77
79
71
77
69
83
79
80
77
70
75
77
85
78
74
78
81
82
212
192
162
122
80
89
81
80
79
83
80
80
82
81
77
95
81
85
87
87
87
84
87
90
86
87
92
87
89
89
82
87
86
84
78
81
80
78
78
78
77
76
74
77
73
78
78
77
71
73
81
82
76
75
79
83
74
67
74
73
69
73
78
72
80
74
74
77
82
81
74
75
76
70
73
72
71
71
73
73
69
68
72
78
81
74
74
80
85
74
71
66
76
173
179
168
70
71
71
59
86
89
91
88
96
98
91
86
90
93
98
105
100
102
104
113
115
122
191
161
99
97
97
100
99
99
104
105
101
99
101
102
99
110
102
104
104
102
92
97
101
104
111
103
93
222
174
102
102
104
102
102
96
103
104
108
104
95
94
92
89
90
88
89
84
86
97
103
156
116
79
55
42
29
19
17
17
16
14
13
14
13
7
4
6
7
10
11
8
39
92
23
42
61
10
40
85
91
87
88
96
90
89
90
69
21
13
16
19
19
21
20
22
15
17
17
14
16
22
13
21
30
36
34
24
12
65
76
61
71
87
93
90
96
93
95
92
91
89
85
89
95
98
83
81
104
97
84
33
45
56
54
61
83
96
100
83
167
225
161
135
86
97
75
190
186
148
151
150
155
158
104
29
25
74
83
83
88
87
102
92
182
182
132
79
64
22
30
26
26
22
22
13
71
100
88
86
91
86
90
92
91
91
92
96
90
90
88
88
91
89
98
92
88
88
88
96
92
86
86
91
25
20
17
22
21
19
30
58
64
68
82
98
103
81
66
57
40
33
30
28
21
9
101
113
99
82
126
69
39
32
20
20
47
41
54
12
33
100
83
83
88
94
89
90
97
89
91
95
97
95
95
88
91
88
81
75
80
79
77
75
77
80
83
80
67
154
200
169
187
164
166
168
164
173
140
65
78
76
76
70
74
70
77
75
82
83
69
77
77
81
82
77
79
85
87
215
189
158
123
85
87
85
84
77
83
84
80
87
89
80
94
84
87
89
84
83
81
79
81
82
76
85
80
81
81
73
74
79
69
70
68
63
66
70
71
67
76
72
77
74
72
76
73
75
74
76
77
75
71
76
74
70
70
73
71
71
77
80
73
76
72
80
83
82
79
79
80
84
74
71
75
71
71
74
73
73
78
82
83
84
79
76
82
87
78
75
74
78
176
176
168
77
73
68
56
89
85
89
89
98
90
88
82
86
88
93
98
90
94
107
110
111
126
186
164
101
99
97
96
96
97
104
104
101
93
106
102
104
114
98
102
108
113
102
105
108
110
119
105
146
228
136
101
109
108
116
109
108
113
109
114
114
102
105
97
101
99
95
102
92
81
81
84
94
73
65
51
39
28
23
19
21
22
21
16
15
12
9
7
10
9
12
10
7
33
28
53
67
20
26
83
90
86
87
91
102
87
84
90
22
13
15
20
23
22
22
22
20
17
14
16
11
10
22
14
18
27
27
25
27
11
32
102
104
102
91
88
92
97
96
98
98
94
95
88
92
98
97
97
95
97
99
112
22
16
37
64
85
98
103
101
91
179
214
159
135
91
104
79
193
184
148
153
153
151
154
97
37
77
92
80
84
94
88
98
90
181
180
135
80
74
24
31
25
22
21
22
14
53
112
96
92
90
93
92
93
94
99
90
96
95
92
92
86
93
91
97
96
91
95
90
101
94
90
88
90
23
19
13
22
20
21
27
58
67
74
88
100
101
78
73
54
40
35
31
27
18
44
119
104
92
94
66
30
25
24
13
28
46
41
59
13
48
103
84
86
97
100
92
95
97
94
95
92
101
100
96
86
86
85
86
81
85
82
82
80
77
78
82
84
65
167
195
174
186
164
166
165
165
173
132
77
80
78
74
76
76
78
76
77
83
84
75
79
81
77
81
79
84
83
91
219
181
158
123
90
86
86
80
75
81
85
79
84
86
84
86
82
82
84
84
80
74
73
72
78
69
78
75
73
69
65
62
69
53
63
57
51
55
56
60
62
68
66
70
73
68
73
68
76
74
73
71
73
71
75
73
68
72
72
71
73
76
72
70
68
67
73
77
73
69
70
78
79
74
71
71
68
74
71
70
74
82
82
83
76
82
79
77
80
81
81
81
79
177
176
164
78
75
66
64
97
88
91
99
92
83
86
82
88
89
90
89
87
92
102
87
89
111
189
165
85
88
88
83
85
86
93
89
93
89
103
96
97
104
93
98
105
110
95
96
104
111
110
94
203
203
109
109
109
101
121
114
113
113
109
119
122
103
104
95
103
96
99
108
107
98
79
75
68
61
54
56
55
48
48
34
33
26
21
15
14
9
9
10
11
11
11
13
27
27
21
88
46
19
76
106
87
85
88
99
101
85
90
88
3
21
16
24
22
22
23
21
15
16
11
11
8
12
24
16
18
26
22
18
25
15
10
81
92
87
95
98
101
96
97
98
101
95
99
91
93
95
98
102
91
93
94
91
7
18
54
94
105
97
101
101
97
189
206
162
133
93
103
82
201
183
150
154
155
146
153
112
89
115
96
96
94
100
97
97
95
182
183
139
94
74
27
30
25
21
19
22
20
38
125
104
102
97
97
99
98
102
103
98
99
98
97
104
92
95
98
95
97
94
97
94
101
94
92
89
90
23
21
17
20
21
20
27
56
66
76
87
93
93
72
72
45
38
40
30
31
33
84
110
74
51
43
25
33
27
18
11
36
49
36
63
16
68
113
94
96
98
99
95
94
92
95
96
92
95
95
95
89
87
87
92
88
91
89
90
91
83
88
87
86
70
175
185
177
189
163
166
165
165
172
122
86
88
82
79
79
81
84
82
81
82
81
80
81
80
79
79
78
81
77
93
227
171
161
120
88
82
76
77
76
78
80
78
77
77
81
77
80
74
76
81
78
69
72
67
70
67
75
72
71
74
66
64
67
55
65
56
58
64
54
54
67
60
64
68
75
67
73
72
72
75
75
79
73
74
79
74
71
75
73
73
73
73
65
67
69
61
62
67
66
63
63
73
73
73
74
73
72
75
72
71
75
78
79
83
76
85
81
79
82
86
86
86
83
178
175
164
81
78
69
79
97
95
94
100
89
90
93
89
109
115
113
111
127
129
110
93
97
115
196
157
77
86
80
83
81
86
87
84
88
95
95
87
84
84
86
103
96
88
75
81
92
97
91
112
242
159
98
107
105
93
109
109
108
104
108
114
122
109
96
104
101
99
106
108
108
102
81
59
66
52
51
50
47
49
45
36
27
21
16
11
12
10
8
11
7
11
22
48
71
36
38
47
13
68
114
95
90
98
97
107
97
91
108
79
2
19
23
22
25
19
20
16
11
9
9
8
23
49
28
17
21
29
27
21
19
18
7
67
98
98
100
102
105
108
102
100
91
94
96
93
95
101
98
101
103
99
104
85
18
73
116
109
104
97
95
108
98
197
198
165
123
94
101
94
205
180
150
154
155
149
156
122
107
106
104
96
90
91
91
93
88
183
182
141
91
75
32
31
26
21
20
21
23
19
111
106
94
93
91
99
96
99
92
99
98
99
89
98
91
93
96
94
92
95
94
99
97
95
87
93
93
23
20
23
20
20
19
26
52
62
71
83
87
82
68
65
36
35
36
38
50
56
92
90
44
32
28
30
31
26
22
16
37
44
27
64
19
70
117
102
100
93
98
92
96
94
93
86
94
90
90
88
92
95
89
95
96
94
94
93
91
95
95
89
86
75
192
175
181
183
159
167
166
161
169
122
75
90
83
86
80
80
84
81
80
81
82
77
83
79
81
77
83
78
76
100
227
169
163
112
76
78
77
79
81
78
75
77
83
78
69
76
80
76
80
73
81
78
79
71
68
78
75
71
78
86
82
71
75
74
71
68
78
83
75
72
77
71
76
81
78
72
78
80
72
78
72
85
76
75
75
70
76
78
83
80
81
81
74
69
73
61
56
60
69
71
74
73
79
78
75
75
80
76
74
72
75
77
88
89
86
86
79
78
87
91
86
83
87
176
176
157
91
79
77
87
95
96
97
96
92
102
92
101
130
135
141
148
150
142
144
167
181
182
175
154
123
107
103
109
104
117
119
118
118
109
95
88
94
86
94
89
84
82
77
90
93
94
81
164
238
119
98
96
100
94
102
94
94
92
111
100
98
108
103
106
94
98
103
105
113
109
112
107
125
34
24
26
26
27
25
18
22
17
16
15
10
12
9
5
8
20
86
109
45
20
125
61
34
113
102
97
102
92
102
113
99
95
119
61
2
24
25
22
24
21
14
16
12
9
3
27
90
113
21
22
30
28
26
25
18
18
9
67
92
97
105
104
101
107
99
98
93
94
99
93
97
104
105
104
108
110
110
65
85
132
103
105
106
97
99
108
93
204
192
162
131
103
102
104
210
176
153
151
155
158
155
121
95
98
97
88
92
82
81
79
79
183
184
133
74
57
31
28
25
22
24
22
22
21
97
95
82
84
83
86
91
86
80
86
81
88
77
71
72
83
73
82
84
101
89
91
88
92
84
94
85
21
24
21
25
19
17
26
50
61
66
76
81
75
66
61
38
31
29
56
56
44
111
67
42
36
25
24
28
30
25
20
28
39
26
57
18
71
105
97
97
99
100
97
86
89
94
90
97
86
87
82
84
87
86
90
88
95
95
93
97
97
85
88
101
78
199
163
190
180
163
167
162
163
174
118
76
94
80
87
84
82
83
79
77
77
79
80
82
86
76
73
84
81
78
108
221
172
164
109
89
93
88
89
90
87
87
74
82
87
81
86
82
84
88
78
78
79
84
78
79
90
69
79
72
80
82
78
78
82
76
87
88
80
84
86
86
81
85
84
80
86
83
82
80
77
84
82
75
79
81
74
76
79
83
76
83
91
85
72
71
73
71
67
74
80
69
72
83
81
81
73
77
78
74
72
71
82
86
87
88
89
88
86
86
76
87
86
91
182
177
161
91
93
97
95
84
89
83
85
86
91
87
87
80
80
84
82
75
79
82
86
93
107
96
108
139
120
114
98
120
122
134
129
146
111
90
91
102
103
94
94
92
91
85
94
100
110
107
211
196
93
96
90
99
90
92
98
95
89
93
94
92
90
90
95
94
89
93
104
113
103
95
138
229
149
89
22
2
1
21
23
22
24
19
21
17
14
8
14
28
64
65
22
4
106
155
48
97
96
97
104
98
100
102
112
105
99
118
60
3
26
23
26
14
10
11
10
10
1
31
115
115
107
28
18
41
32
29
24
22
18
7
83
119
110
118
118
102
100
102
99
106
100
81
100
105
96
109
110
103
103
96
112
120
92
93
93
103
103
99
100
97
214
182
162
133
99
101
92
212
171
149
156
154
154
151
131
110
101
97
90
83
87
92
85
97
188
193
147
53
34
33
28
25
19
23
22
26
16
75
99
80
89
87
85
81
80
82
79
66
70
73
68
77
57
64
69
81
95
88
88
90
82
92
94
80
19
29
23
20
14
12
21
43
58
61
70
75
71
69
57
35
36
27
23
20
87
85
47
37
30
24
21
26
26
25
20
28
33
22
41
10
77
103
86
90
90
91
92
88
92
87
93
93
96
93
80
71
76
78
81
87
84
87
83
85
85
90
86
103
89
204
159
192
174
166
166
168
166
170
119
102
92
81
84
87
90
86
87
87
82
87
104
86
91
94
86
80
86
80
106
224
160
166
114
87
92
85
81
89
81
74
73
76
73
78
78
86
85
91
82
84
92
86
90
89
84
80
92
97
92
95
84
84
84
81
99
84
83
76
86
85
70
77
83
80
80
80
73
77
73
75
77
87
87
86
78
78
83
83
72
70
80
77
71
72
81
100
87
84
82
73
78
73
75
86
81
85
86
85
76
70
103
95
94
91
92
87
93
93
86
89
90
95
181
176
167
99
99
102
90
88
89
84
85
87
91
93
91
89
92
92
93
92
88
94
92
93
92
97
83
80
84
86
77
83
82
89
87
91
86
92
94
93
86
96
86
87
90
92
105
105
95
130
224
146
101
97
97
103
106
96
100
92
91
92
100
95
89
87
84
89
90
106
102
92
106
95
136
210
138
160
150
108
54
7
3
2
2
2
2
1
1
10
32
80
59
14
13
85
82
53
166
115
107
121
115
106
101
103
110
105
104
117
60
2
21
22
16
16
7
12
9
7
7
117
110
96
107
29
12
26
29
32
25
18
21
11
50
121
106
106
104
113
101
114
113
111
109
107
112
103
106
109
113
108
104
102
109
110
102
107
112
124
108
102
103
108
219
175
165
126
100
102
96
214
167
148
152
157
155
150
117
98
95
103
105
101
97
96
100
96
189
191
146
38
34
35
33
28
18
22
23
30
16
63
112
99
97
100
94
94
95
94
105
91
88
94
90
97
83
84
86
89
89
95
99
95
90
97
104
86
24
32
23
18
14
18
23
36
48
52
61
67
61
63
53
39
40
27
26
41
93
76
44
41
29
15
17
22
20
31
21
27
47
34
42
9
93
94
86
94
93
104
82
87
87
96
92
90
96
96
89
93
84
83
93
97
89
89
99
104
83
92
88
95
96
208
159
193
179
167
164
163
165
167
110
85
91
92
86
89
92
90
96
95
91
83
96
88
94
96
95
100
102
92
122
221
157
163
107
93
93
92
90
90
87
90
86
87
83
76
75
95
81
77
83
86
88
87
84
85
84
93
78
82
80
80
81
88
79
77
90
77
78
80
78
74
79
79
76
77
76
73
75
83
81
77
77
84
81
84
87
88
87
83
82
80
86
78
86
80
85
92
89
90
85
90
88
79
82
83
79
81
92
94
91
83
91
91
90
85
92
83
88
91
94
96
93
93
179
173
161
92
98
99
100
96
98
90
92
98
88
93
90
94
96
91
91
93
95
90
89
90
87
96
87
90
80
81
78
84
85
88
90
86
86
97
92
96
97
96
87
86
87
86
89
95
91
169
215
107
111
95
101
100
100
102
107
105
107
106
95
99
101
105
99
103
96
106
102
89
103
96
149
215
139
145
146
148
147
109
57
47
41
47
54
64
62
55
35
15
16
47
96
58
30
178
171
69
70
71
70
70
65
82
84
80
80
97
54
2
21
19
10
11
9
11
11
4
71
117
97
92
103
66
5
27
33
32
27
17
22
18
22
112
90
98
94
97
94
103
108
94
104
105
105
106
108
105
113
107
96
104
108
110
112
101
113
111
101
115
107
110
218
172
166
124
104
110
89
214
165
152
151
155
151
152
113
103
104
103
102
104
98
92
102
100
190
191
91
24
34
30
30
29
22
25
22
25
22
44
99
107
114
101
99
102
100
85
105
105
96
100
97
101
101
101
92
97
103
100
102
102
100
108
108
92
23
26
25
19
19
21
18
22
25
26
31
33
25
53
42
33
39
28
24
33
61
49
50
35
26
23
21
16
25
25
20
27
44
34
39
9
94
105
91
99
96
101
98
91
92
101
94
98
93
96
93
94
83
91
99
97
91
101
103
107
103
90
92
96
93
213
156
194
177
164
165
161
164
164
104
93
88
85
86
89
87
88
89
85
83
86
98
90
97
91
95
87
90
85
130
217
162
166
100
86
91
88
95
88
84
91
93
90
80
78
81
78
89
94
89
86
80
88
88
87
89
94
92
93
93
92
88
86
93
93
83
86
85
88
88
90
86
86
84
83
87
87
85
78
80
76
80
82
82
85
87
90
92
93
96
92
87
84
86
87
88
90
89
88
75
90
88
85
85
89
87
83
84
97
96
95
92
87
89
86
94
85
79
80
88
84
87
98
180
179
158
90
91
89
96
96
97
92
86
92
88
92
91
90
94
92
91
95
93
91
89
92
90
97
99
98
87
85
92
88
87
91
87
91
91
101
91
92
95
91
86
94
91
92
102
106
111
200
178
98
106
96
95
94
99
101
102
107
106
103
103
106
103
97
105
108
106
107
106
104
97
94
148
220
141
157
152
150
149
126
95
90
86
109
115
108
95
76
80
101
152
144
69
38
143
226
191
154
148
135
140
140
130
134
150
141
151
122
48
4
17
17
10
10
12
14
9
44
100
99
89
86
94
94
31
17
32
30
21
25
25
24
10
107
106
97
97
97
99
98
97
93
103
106
99
104
101
109
116
108
101
104
100
107
103
101
108
106
98
110
103
113
223
162
171
112
101
106
87
218
168
149
154
155
154
152
117
107
104
105
106
103
101
92
111
116
202
126
43
31
33
35
38
33
23
27
23
23
24
31
105
112
114
106
97
109
106
98
105
109
101
103
102
99
105
108
100
109
105
101
102
107
111
118
114
88
20
27
17
21
18
15
11
12
12
10
15
12
12
42
34
33
39
26
22
30
62
54
44
31
28
27
19
15
27
25
23
22
35
35
28
4
93
115
95
100
97
109
109
100
105
110
99
103
102
102
103
102
104
104
107
98
97
102
104
106
108
105
97
94
100
213
151
194
172
164
167
164
168
163
104
104
89
92
94
96
95
96
92
91
85
90
96
91
96
90
90
91
93
87
141
216
163
161
104
86
95
104
97
94
96
96
90
93
90
91
85
89
96
90
89
93
92
92
90
94
94
96
96
94
96
92
89
87
89
96
99
96
94
90
87
84
88
88
90
91
85
87
92
89
80
82
83
77
86
86
82
86
88
88
90
97
94
94
91
93
91
87
90
91
90
96
93
87
82
91
80
88
84
91
91
94
93
91
89
87
88
87
75
75
87
86
81
93
182
178
157
91
91
86
87
92
92
87
83
89
88
91
88
86
100
91
93
101
100
90
90
92
94
97
99
94
83
79
85
84
88
90
91
93
90
107
89
90
94
91
85
90
89
96
99
104
143
215
137
104
98
97
97
98
102
100
99
101
100
95
99
101
97
96
100
100
100
102
104
104
103
97
156
214
131
158
158
155
155
136
97
100
98
114
112
110
105
113
128
139
121
78
56
88
162
179
173
177
181
203
202
207
175
142
144
141
143
123
54
5
20
16
12
11
15
11
20
94
100
95
93
92
91
96
65
34
27
26
21
26
27
30
9
98
120
95
96
90
95
98
97
95
98
102
96
97
96
103
102
106
104
98
99
99
93
93
99
104
97
103
100
113
224
152
173
108
91
96
88
224
165
149
151
155
155
150
111
103
98
98
102
102
97
96
107
100
117
55
30
29
32
40
40
36
23
26
22
19
25
23
100
115
106
100
96
106
104
106
111
110
109
111
106
100
107
108
105
116
113
107
111
108
120
110
113
91
26
31
21
20
11
7
6
8
8
5
9
4
13
40
32
35
35
27
25
32
62
52
42
31
32
31
22
25
31
30
24
24
39
40
21
2
82
105
95
93
95
93
100
96
104
105
103
100
101
102
100
99
102
105
105
109
106
103
104
106
104
111
104
96
109
211
152
197
169
166
168
164
170
163
109
106
103
98
98
106
103
97
97
94
90
96
96
99
96
93
90
93
89
83
146
217
164
158
107
87
92
100
102
97
100
97
95
95
93
99
89
91
93
93
88
95
95
91
91
88
100
97
94
88
93
90
93
92
84
86
98
97
94
92
90
87
84
85
91
91
87
88
88
87
83
78
77
76
84
77
72
73
77
78
79
89
92
94
92
92
90
91
90
92
94
99
92
89
84
87
80
92
86
86
90
87
92
93
91
89
91
89
87
90
88
89
93
94
183
178
162
91
96
95
91
90
92
86
86
93
91
90
89
89
93
95
91
92
96
92
91
93
94
91
90
97
79
79
83
83
88
97
101
95
96
106
90
93
87
86
85
76
83
90
92
94
177
199
114
104
87
94
98
101
97
91
96
94
94
98
91
94
95
97
93
87
88
95
97
101
102
95
164
208
137
155
155
156
162
134
93
105
99
99
93
92
89
91
85
78
59
61
88
111
121
126
131
134
139
173
170
182
154
128
114
117
113
115
66
8
24
17
13
13
12
11
60
115
97
97
94
94
86
90
85
77
41
19
19
24
28
33
18
70
121
96
95
86
89
100
98
94
89
100
94
93
92
94
94
99
97
95
96
92
92
94
95
99
95
99
96
115
224
153
171
106
87
97
92
224
164
151
153
152
153
152
111
94
88
94
93
99
93
90
77
52
36
27
25
21
26
33
33
31
22
22
22
16
24
20
84
115
96
93
96
100
100
100
109
103
106
106
104
115
110
107
110
120
121
114
120
111
123
107
114
91
20
28
19
14
8
6
3
5
6
5
10
5
21
42
31
37
30
26
27
51
55
46
43
28
30
37
33
33
32
30
24
27
49
46
24
2
86
118
104
94
96
84
87
89
100
96
99
96
96
100
98
88
93
103
104
114
103
104
101
101
102
99
104
95
113
208
158
197
168
168
168
163
171
162
107
101
111
103
97
101
104
98
100
96
96
98
100
99
97
94
92
94
89
76
148
212
163
155
102
92
91
86
94
96
98
102
96
101
96
104
95
86
88
97
91
94
93
92
95
91
108
100
97
93
96
98
101
99
94
89
92
97
89
89
94
93
87
86
88
88
87
91
81
85
81
76
78
83
89
80
73
69
73
70
70
84
81
85
88
90
92
97
94
93
93
98
92
94
95
88
87
92
92
86
93
92
95
95
93
95
99
97
96
99
94
96
100
99
181
174
165
100
102
99
97
93
96
91
93
95
93
88
91
93
88
96
86
83
89
94
92
93
91
89
90
96
86
89
94
94
89
101
105
99
99
94
89
89
80
83
82
73
85
86
88
98
206
168
108
88
84
88
92
93
84
82
93
94
96
104
92
92
95
93
92
85
88
94
101
99
98
99
172
207
151
158
152
150
156
126
94
101
92
93
86
77
70
65
62
66
78
98
106
101
101
107
107
104
105
113
115
120
116
115
107
109
107
119
65
7
23
16
13
12
10
23
103
114
96
99
92
95
90
93
91
99
77
19
16
23
26
32
30
35
101
105
97
90
87
98
94
96
90
98
90
88
91
94
97
91
91
96
93
89
93
96
96
94
88
94
94
122
225
152
170
102
92
104
94
221
162
150
153
153
151
154
108
88
82
91
86
96
88
74
63
34
29
22
19
15
19
21
24
23
17
15
20
16
22
19
72
110
99
98
101
102
103
97
108
96
98
102
102
117
109
104
114
116
117
113
115
109
117
111
110
95
29
24
11
10
11
7
3
6
8
8
10
5
32
41
31
33
25
25
27
46
36
46
42
24
29
40
41
34
32
31
25
29
59
49
28
3
90
131
111
99
97
96
88
90
104
100
96
98
97
101
99
82
93
100
102
105
94
105
100
96
102
92
104
91
119
207
159
194
168
169
167
164
171
158
91
93
101
104
98
96
104
106
102
98
102
99
105
98
105
98
97
98
95
85
152
206
160
154
101
99
96
84
87
94
99
103
93
97
96
99
99
87
86
92
93
92
89
93
99
98
106
95
96
101
98
101
99
101
103
100
96
100
93
91
97
96
91
89
91
95
90
95
87
90
85
84
88
92
93
92
85
82
81
72
69
86
79
81
84
87
94
95
91
91
95
92
90
93
98
93
91
85
94
87
87
99
97
98
96
97
96
98
96
97
96
98
95
101
180
173
160
99
101
92
94
93
95
94
96
90
94
87
92
93
94
86
83
85
88
92
93
89
87
90
96
88
93
95
97
98
94
93
100
99
91
85
83
81
83
86
80
85
94
95
78
132
217
141
103
78
92
86
87
85
80
87
93
97
99
100
100
94
93
86
88
87
89
91
100
94
94
98
180
207
155
149
138
143
155
119
85
86
82
92
86
73
68
78
96
110
104
92
95
95
99
104
103
99
102
97
100
95
101
102
106
105
101
119
48
3
19
16
15
11
10
52
118
108
91
99
91
97
98
98
92
90
103
43
13
20
21
31
34
21
63
106
101
96
89
93
89
98
97
95
92
88
93
99
96
89
93
95
93
93
91
94
99
96
87
94
97
128
226
141
171
98
99
102
99
222
157
150
148
157
149
149
100
92
87
91
89
97
87
66
81
61
55
19
18
13
16
16
19
16
9
11
17
18
24
20
68
109
105
107
108
105
105
102
114
99
100
107
101
104
105
100
108
105
106
108
103
102
108
110
99
106
70
42
7
10
15
9
6
11
12
12
10
4
43
37
32
24
21
24
26
18
17
53
37
26
29
37
39
34
35
34
29
25
60
47
19
2
81
124
107
100
96
103
96
96
106
111
106
105
100
101
98
80
93
93
100
102
94
103
103
100
100
100
104
96
132
203
156
194
169
168
166
166
171
154
92
98
91
102
100
102
105
114
107
101
103
100
105
103
114
104
103
100
97
96
159
205
156
156
104
101
98
91
89
95
101
96
95
89
94
92
96
93
87
82
87
88
84
92
96
90
91
84
86
96
95
98
92
98
100
101
101
101
100
101
102
101
94
92
101
107
94
98
99
93
98
98
96
97
94
97
97
95
92
85
83
92
91
88
87
87
96
90
87
90
94
87
87
91
93
91
90
80
90
87
82
94
92
96
96
92
87
87
89
94
91
96
87
99
180
175
156
84
92
83
88
90
88
92
89
85
91
88
90
90
96
80
84
84
86
93
92
84
84
88
91
86
89
86
85
82
94
87
90
95
88
92
84
85
90
89
86
92
98
102
73
184
199
117
96
90
95
88
88
90
86
95
92
95
96
88
103
97
98
92
90
91
89
95
92
102
99
93
186
207
153
117
112
147
166
116
92
101
106
115
113
103
98
95
92
81
85
90
92
88
91
95
93
88
90
92
94
97
98
97
96
96
93
100
34
4
17
20
15
14
13
89
110
95
86
95
93
95
94
93
93
89
97
88
12
14
21
30
31
32
35
82
102
99
96
93
88
91
96
92
106
95
94
97
89
92
96
96
93
101
95
97
104
101
100
103
98
128
225
134
167
92
103
89
115
225
156
150
149
157
150
143
104
101
97
94
95
93
91
75
90
72
58
20
11
13
18
14
15
9
8
12
16
17
27
22
62
115
100
100
105
102
98
103
111
101
105
103
96
101
99
92
89
99
99
107
101
98
106
111
93
103
100
80
21
11
14
11
6
11
13
15
10
11
53
34
32
20
24
21
17
14
17
56
33
31
28
29
36
38
34
35
33
15
52
52
8
1
79
128
105
101
99
97
98
97
96
108
116
110
99
97
96
84
91
90
100
107
101
101
104
106
101
101
100
103
145
194
159
195
166
167
166
167
170
155
117
111
103
103
99
109
102
113
109
105
99
99
101
104
110
102
100
100
97
85
162
205
151
158
100
98
95
91
89
94
100
93
100
92
99
93
88
92
89
80
81
87
85
92
87
80
80
82
78
84
92
111
96
97
98
99
97
99
102
106
104
108
100
97
108
108
93
100
102
96
103
107
99
100
103
99
100
95
98
97
97
97
98
95
98
96
97
93
94
94
91
92
88
96
93
87
84
84
85
87
90
89
92
89
97
93
89
84
84
90
92
99
86
97
181
174
160
83
87
83
88
85
84
88
89
85
73
88
85
86
91
88
89
89
91
88
93
90
78
86
86
83
82
80
82
87
85
93
82
89
89
92
93
87
91
87
88
98
100
91
93
228
169
103
96
87
85
89
88
87
81
83
84
91
88
86
97
99
105
134
144
145
141
144
153
153
157
158
211
204
151
110
129
162
156
154
174
174
180
187
187
177
183
179
162
92
97
97
90
93
98
86
90
92
90
85
89
99
92
95
88
89
92
97
42
4
15
13
11
6
36
111
96
99
102
89
93
99
96
95
97
97
90
113
41
5
27
28
32
32
33
47
98
103
103
93
96
97
95
83
107
97
98
96
91
95
98
105
97
107
102
101
103
101
108
103
92
134
223
144
163
86
95
85
121
224
155
148
156
156
153
147
106
101
102
86
94
86
85
84
83
53
45
15
4
17
21
16
13
4
12
18
12
20
23
23
44
114
97
96
107
96
98
100
95
95
93
94
96
81
84
85
84
96
99
96
101
96
107
108
96
84
78
92
76
15
11
9
5
10
15
17
13
19
55
38
35
25
25
19
18
13
22
55
33
27
27
31
34
38
37
35
35
13
41
69
17
2
68
125
100
105
99
109
96
97
91
101
109
106
104
99
89
109
99
98
98
94
98
102
102
104
99
100
97
96
151
185
172
197
159
169
166
164
167
144
101
104
115
108
105
106
103
109
105
105
109
103
103
101
102
97
97
106
104
90
164
206
150
156
103
102
110
99
94
90
101
101
93
93
92
90
87
84
84
84
90
95
87
91
80
86
91
84
81
90
96
114
104
104
101
103
103
102
102
104
98
103
102
100
103
107
105
103
104
103
101
103
101
102
103
105
99
89
94
98
87
94
94
90
100
97
91
92
94
96
94
91
84
91
92
86
77
79
81
85
81
91
101
96
110
98
85
89
92
93
99
100
94
96
183
174
157
82
89
87
91
89
81
82
88
86
95
96
90
90
91
94
96
103
92
84
94
92
77
87
82
78
83
82
90
87
80
81
91
87
91
93
97
90
86
92
94
96
107
84
149
225
134
100
86
86
83
92
93
87
94
87
84
86
82
89
83
90
114
197
199
203
201
193
189
189
188
187
179
162
147
100
142
148
149
166
168
168
167
176
167
164
161
160
138
89
96
93
93
102
101
95
89
90
93
91
90
91
94
91
107
101
102
122
58
2
16
11
22
2
55
115
90
94
106
91
99
98
91
89
100
102
94
97
108
16
20
30
31
31
31
32
74
113
102
104
101
95
100
91
89
96
92
93
99
94
95
96
92
94
99
96
102
101
95
95
94
143
221
158
158
85
93
88
128
224
155
152
149
152
157
143
96
101
78
125
216
205
178
147
134
97
47
20
28
27
24
18
16
6
40
69
15
18
20
26
26
86
94
88
92
88
87
92
92
99
85
84
95
78
93
88
96
93
101
92
93
94
90
95
91
85
84
85
106
57
3
8
16
18
15
15
11
11
24
51
40
27
19
14
20
11
20
52
33
28
29
32
28
32
39
33
30
22
20
76
18
2
67
114
99
100
102
108
105
96
90
94
100
90
93
87
83
100
88
85
91
94
85
96
99
88
91
100
85
84
159
192
173
190
166
167
161
169
167
147
104
103
113
101
110
114
104
97
111
102
110
116
109
103
101
94
101
104
98
103
174
203
161
150
110
103
98
111
108
100
98
97
95
94
93
99
97
92
101
95
99
92
99
106
94
90
107
91
87
90
104
97
111
106
102
106
96
106
106
106
102
99
105
100
99
99
108
108
97
107
98
97
98
93
94
93
101
98
91
102
99
98
91
88
87
94
99
99
97
100
99
90
98
101
98
97
88
96
93
90
94
96
104
95
100
87
88
93
83
96
102
91
101
98
179
174
161
102
98
94
98
85
84
82
81
96
90
93
93
90
96
91
87
90
87
96
96
89
91
89
79
85
77
84
84
87
90
84
87
86
97
92
93
95
81
83
80
85
88
79
217
203
109
99
89
88
88
98
95
93
96
94
95
97
86
93
90
90
118
177
113
145
145
146
146
142
157
152
147
152
149
112
126
135
161
145
144
139
145
143
153
147
142
148
137
99
93
96
94
94
85
88
85
87
86
105
99
89
98
103
110
109
96
117
64
2
19
23
24
2
86
112
91
98
95
91
94
94
95
92
101
101
95
97
115
85
13
20
31
39
34
31
41
98
102
102
101
97
96
90
82
89
88
89
90
80
92
87
94
93
96
92
97
89
88
101
99
140
212
160
153
81
94
89
133
223
154
153
154
158
153
153
161
165
192
205
206
220
236
225
224
138
31
25
32
33
26
20
17
6
67
102
20
21
21
25
22
63
94
84
78
83
91
90
86
91
85
88
83
90
93
87
94
89
87
91
89
94
93
89
88
90
90
79
101
104
29
9
21
17
7
6
5
2
2
8
24
29
25
25
18
14
25
44
29
23
22
19
28
30
25
19
21
22
25
36
27
55
89
84
91
99
109
97
101
97
88
99
92
81
82
73
59
72
72
80
80
93
82
82
92
96
98
73
76
69
150
184
182
187
164
167
168
165
173
141
103
106
99
103
99
100
99
102
106
110
111
119
105
108
113
109
118
112
116
106
173
199
156
148
105
106
94
100
100
98
89
84
91
86
88
92
97
97
102
100
100
89
109
109
107
104
109
100
108
106
99
102
101
108
112
108
104
106
97
100
108
107
104
107
103
99
104
106
102
105
109
103
105
105
96
100
106
113
112
96
98
93
101
96
97
103
105
102
102
107
104
101
102
106
107
108
101
111
110
107
108
118
105
102
91
101
101
102
100
100
108
100
98
100
182
177
152
105
104
99
101
83
84
80
89
88
88
88
89
91
89
86
82
84
89
83
89
89
81
85
88
86
89
87
86
93
90
85
86
85
92
90
89
92
83
78
81
84
80
118
238
155
101
85
82
85
90
94
97
101
92
92
87
89
86
84
96
90
123
180
140
152
153
158
146
164
150
157
158
144
130
124
133
151
152
149
153
148
150
155
148
147
141
147
140
78
88
87
86
89
88
92
87
89
89
94
95
90
89
102
99
101
90
105
61
2
21
23
19
2
104
101
89
98
105
88
90
91
96
103
90
86
84
88
85
92
53
19
26
35
36
38
36
63
121
102
97
96
94
91
89
84
90
91
94
90
92
88
94
102
95
97
99
89
89
97
93
148
209
158
159
89
102
95
142
224
148
153
149
154
158
149
121
118
136
127
113
129
142
147
101
60
39
32
36
29
24
22
14
6
93
111
38
18
22
20
19
47
100
87
92
91
93
97
103
91
88
89
89
84
85
85
88
85
87
86
84
94
89
87
89
90
85
94
99
102
75
12
6
5
7
4
4
3
6
9
9
12
15
20
16
3
36
55
34
29
27
25
26
19
14
18
18
21
23
48
97
99
88
81
80
81
93
105
90
93
87
91
90
87
84
74
66
59
66
74
82
81
82
84
89
92
99
77
85
68
153
178
192
184
166
168
165
165
172
135
107
104
91
93
99
94
95
104
97
100
105
116
102
104
113
111
108
105
115
105
187
195
160
142
90
98
87
90
87
83
80
82
84
85
86
83
86
90
84
90
92
93
95
95
95
102
96
101
99
106
105
106
100
117
117
108
120
113
103
112
106
108
117
119
115
109
99
117
106
108
115
109
104
109
104
97
97
103
111
105
101
106
106
112
114
109
108
112
110
108
111
107
101
109
110
112
109
103
105
110
105
112
111
103
96
110
103
100
103
105
104
104
101
109
181
179
153
104
105
103
102
83
87
83
84
80
89
85
88
93
90
86
84
85
86
84
83
88
86
85
80
85
90
90
91
89
87
89
94
91
87
91
86
91
82
74
78
82
81
174
226
118
97
75
73
79
83
84
90
87
88
88
86
87
95
88
91
95
112
152
130
146
147
155
146
154
122
132
141
130
134
112
123
131
134
151
140
143
138
125
124
130
140
136
127
77
84
79
83
86
82
83
78
84
89
86
91
89
87
98
90
99
88
99
52
4
19
20
19
2
112
94
92
96
103
92
94
100
102
102
88
86
77
77
76
100
80
15
16
27
32
33
35
36
78
107
92
93
94
89
96
94
96
92
105
91
92
93
95
102
104
100
101
90
91
97
92
155
207
158
158
88
100
92
154
221
145
154
151
153
155
143
103
105
105
103
104
107
108
111
98
73
47
37
35
26
20
17
11
15
90
103
46
13
22
21
24
28
93
92
86
89
89
92
103
96
90
88
89
87
87
88
85
88
87
93
89
93
88
83
89
90
95
90
91
95
95
35
55
16
5
7
7
8
8
8
9
6
5
10
38
56
39
16
18
19
20
23
21
16
17
21
19
27
19
42
97
92
85
85
85
79
89
102
89
90
87
83
88
90
83
76
71
64
64
70
76
68
71
79
72
76
78
80
96
84
167
173
192
183
166
166
166
167
172
139
113
109
94
96
95
93
100
104
96
91
95
102
102
88
93
95
93
98
98
98
186
194
165
137
98
87
88
97
89
84
82
83
79
83
83
77
79
84
70
75
90
82
84
92
89
98
90
107
103
108
104
90
98
106
114
107
113
108
106
109
105
109
114
116
111
105
107
119
111
114
104
113
115
108
108
102
101
104
112
116
102
102
103
109
112
105
100
108
112
110
107
107
111
105
107
110
117
104
99
107
107
100
108
102
101
99
102
105
108
101
110
108
101
113
184
175
158
106
100
94
97
86
85
82
83
80
88
88
93
91
89
97
96
94
86
89
89
91
91
83
87
88
94
87
85
88
88
94
96
94
90
89
91
89
81
82
86
84
102
210
186
103
84
77
77
84
81
79
85
79
78
88
88
84
87
87
82
95
105
116
107
127
126
124
130
115
96
96
108
106
112
96
103
103
114
119
110
113
110
96
103
108
118
110
102
79
81
79
81
88
83
81
80
86
83
81
87
86
86
89
91
94
87
85
34
7
18
20
16
5
106
90
90
95
98
94
97
101
97
94
96
93
82
80
86
98
93
48
15
18
26
33
33
35
37
102
101
87
90
92
94
96
108
97
100
90
89
94
94
107
106
96
93
84
95
96
91
161
205
165
148
82
98
81
148
219
146
152
153
151
153
141
99
96
92
97
96
98
99
98
100
91
66
31
39
25
20
17
6
28
104
102
58
9
22
24
29
18
71
109
87
93
91
92
98
97
94
95
98
90
95
92
88
93
93
95
96
92
87
82
95
93
95
89
85
86
91
73
92
20
6
11
11
9
7
7
10
9
7
8
41
93
67
2
7
7
9
9
9
11
12
17
17
14
44
63
98
90
88
87
85
84
95
93
93
90
92
80
83
90
77
76
72
69
67
69
64
60
58
68
56
65
73
79
90
90
175
176
195
182
165
167
165
170
173
140
111
107
109
100
97
100
98
98
95
92
93
91
93
72
77
82
82
86
87
89
185
192
164
133
97
88
98
95
95
98
93
87
78
91
87
84
80
85
77
76
91
83
88
89
90
96
93
109
102
105
102
95
108
106
113
105
110
105
105
106
104
109
106
107
102
102
110
105
101
106
106
106
110
109
111
103
97
104
107
110
100
94
99
104
108
100
92
105
113
107
107
113
112
116
112
112
112
108
115
110
101
106
105
108
101
100
103
105
110
112
112
103
102
112
184
177
155
102
105
98
102
82
80
77
77
78
83
84
89
86
83
94
95
94
91
94
95
95
93
85
92
94
95
89
84
89
93
95
92
95
91
88
90
91
87
87
95
86
139
222
147
103
82
84
83
89
82
83
85
84
77
83
82
79
77
83
81
90
94
95
94
101
102
94
101
92
85
83
88
88
88
87
88
88
96
90
90
89
94
88
78
89
92
86
81
78
82
84
82
86
86
84
81
83
77
82
86
83
81
76
91
90
89
84
24
12
17
21
17
6
96
88
87
88
91
89
93
95
90
87
93
85
84
82
87
94
96
89
49
14
21
31
35
38
34
69
103
90
86
96
94
95
105
97
89
95
94
95
97
103
107
96
90
83
90
94
94
165
201
172
140
80
95
78
155
217
147
149
152
153
150
140
95
85
85
90
84
91
97
100
97
92
92
39
33
27
22
15
6
27
112
104
79
10
21
25
29
23
40
115
94
96
94
98
91
98
94
99
100
101
99
93
88
91
92
96
98
95
93
93
103
98
94
91
91
89
85
82
96
31
9
14
11
7
7
8
9
9
8
10
38
105
93
3
11
9
7
5
6
11
9
9
12
2
84
96
93
87
91
93
83
89
95
94
95
96
96
91
87
89
78
82
85
79
78
70
65
69
60
65
60
68
74
79
84
91
179
174
201
179
164
166
160
167
171
128
105
112
112
102
100
100
94
87
96
89
88
84
87
73
69
69
75
80
85
84
187
183
162
129
84
90
97
95
101
101
94
98
85
100
101
93
97
95
89
89
97
97
97
91
95
101
101
105
104
104
106
107
114
108
114
111
115
109
110
110
111
113
110
104
99
100
104
103
99
104
105
109
105
105
101
102
92
101
103
100
95
96
97
96
101
99
99
99
104
95
107
109
110
119
113
115
110
109
122
123
103
109
102
113
106
111
106
111
110
114
107
109
104
109
184
179
153
101
109
106
110
75
79
75
71
73
74
75
78
77
78
83
83
88
93
93
96
94
90
90
91
97
96
95
90
88
93
95
92
90
87
95
91
95
89
87
99
92
178
210
121
102
88
88
87
83
91
93
92
88
84
81
76
73
76
78
84
85
89
88
93
89
90
87
87
97
83
82
82
81
81
85
81
85
87
79
85
79
89
87
68
81
81
79
74
77
80
84
81
84
88
84
81
79
79
80
85
83
78
76
83
86
89
89
20
16
19
23
17
7
95
88
84
82
88
83
85
87
89
87
88
79
82
79
85
91
98
100
90
34
17
29
37
38
39
38
77
92
86
91
90
95
93
95
84
95
95
94
96
93
102
96
91
87
83
92
93
169
202
172
137
82
98
79
167
213
146
150
152
153
147
138
98
87
88
89
89
93
100
102
94
88
102
64
32
24
20
13
7
23
102
101
93
12
21
24
27
30
18
103
101
94
91
102
91
96
94
98
100
103
99
94
92
92
94
105
101
101
103
102
104
98
97
98
98
94
88
81
105
44
10
16
12
7
7
8
9
7
4
10
38
109
94
3
14
12
9
9
6
12
12
8
10
5
106
106
93
89
87
94
89
92
88
95
97
99
97
98
97
90
85
86
91
86
86
82
79
81
82
80
77
80
77
84
84
91
181
176
203
175
163
164
160
162
170
115
101
113
99
99
95
97
93
85
96
86
85
81
86
79
74
69
76
86
83
85
187
176
162
121
81
91
94
96
94
92
85
104
94
93
104
101
103
100
98
100
104
109
95
93
97
100
104
103
105
107
104
112
108
106
115
118
118
115
113
109
114
114
112
110
102
103
106
107
104
105
104
109
106
100
97
99
100
103
104
99
93
95
99
99
102
104
109
100
96
91
102
102
112
115
107
107
111
107
114
124
110
111
108
112
103
114
107
113
111
109
104
109
110
105
185
176
156
103
115
117
117
73
80
79
72
70
67
69
73
73
75
75
79
81
88
87
92
85
83
90
91
97
97
101
98
88
90
95
97
88
88
101
98
94
86
89
100
111
208
179
111
99
92
92
88
82
100
98
97
87
90
83
78
72
80
77
84
85
90
87
95
92
89
90
89
101
82
78
79
82
81
81
77
84
85
82
81
77
85
82
80
81
81
84
78
78
80
84
81
85
90
80
81
80
83
77
83
83
79
84
80
85
87
85
15
18
23
25
14
11
99
86
85
87
88
83
80
82
89
88
90
87
83
83
94
89
96
89
101
73
21
28
37
36
31
32
41
72
90
84
84
94
86
92
85
88
89
92
89
88
90
91
87
90
84
92
90
172
202
167
134
81
105
77
175
212
145
154
152
151
148
139
105
96
95
96
102
100
107
103
91
81
87
80
49
23
15
13
6
32
95
94
95
17
17
21
25
31
17
74
102
90
86
100
94
91
92
97
101
94
96
93
97
97
94
110
100
102
106
103
101
97
102
101
102
98
97
91
120
57
7
16
13
9
8
9
10
7
3
11
38
110
91
3
10
10
9
9
5
11
12
11
11
9
111
99
100
96
87
90
96
91
85
89
99
94
96
91
96
91
89
85
84
85
88
98
91
86
97
96
89
90
82
91
87
94
187
184
201
172
162
157
163
162
171
107
97
105
91
88
86
92
95
90
89
86
86
81
88
86
86
82
86
89
83
90
186
178
166
120
87
93
94
95
82
84
82
98
90
82
93
104
95
101
103
104
105
107
93
93
102
96
98
107
102
106
98
112
106
105
112
114
113
112
108
101
108
108
106
110
102
105
110
100
108
105
105
101
108
101
109
99
107
107
109
99
97
91
102
108
110
107
108
109
98
99
101
103
113
113
104
96
104
102
102
106
110
113
113
105
94
101
103
106
107
105
103
98
109
104
184
175
156
105
118
122
118
78
79
79
75
68
67
74
78
81
76
76
82
78
81
86
85
79
80
86
89
93
94
104
99
90
90
92
95
93
98
95
99
89
88
98
97
143
218
142
114
96
96
95
84
94
93
90
95
88
89
82
82
77
81
83
80
89
87
89
91
94
84
82
85
83
81
74
74
85
78
73
77
84
81
86
77
84
84
81
85
80
82
85
83
79
86
86
88
83
87
81
76
78
80
82
81
81
81
83
86
88
87
71
10
18
24
25
13
12
100
83
89
97
83
83
80
85
88
83
88
92
92
99
101
92
91
90
88
102
51
24
35
33
29
36
29
32
88
89
86
93
85
84
89
87
91
89
88
87
86
92
81
89
89
96
97
176
195
166
132
82
107
80
183
211
144
153
150
153
149
142
102
95
95
99
103
101
107
104
93
68
71
73
67
37
19
10
6
57
99
87
99
32
8
14
21
28
27
40
100
91
85
92
89
85
88
91
91
91
92
88
93
93
82
97
87
94
96
105
100
98
102
95
106
106
104
99
109
80
6
15
13
10
8
9
11
9
5
12
35
108
108
3
11
12
11
9
9
13
10
11
5
7
120
104
98
96
95
94
93
88
88
88
92
89
93
84
85
87
87
87
87
86
86
90
85
82
84
91
91
93
85
95
97
101
196
184
198
170
163
149
165
164
168
96
90
97
93
76
84
83
92
90
78
86
83
82
94
101
92
87
95
82
90
95
190
179
170
131
86
94
90
93
84
82
89
94
81
88
88
95
92
105
104
100
99
103
99
96
108
101
92
107
101
100
99
108
112
107
103
103
106
99
102
96
101
102
104
98
96
99
105
97
111
109
102
103
106
101
113
104
100
104
110
93
99
97
101
105
105
104
105
111
98
103
109
105
106
106
106
96
92
94
90
91
104
105
103
95
90
81
95
100
96
94
98
95
97
107
182
180
150
105
113
110
113
83
80
77
76
70
71
78
80
85
82
85
87
83
83
84
85
81
82
78
84
80
95
96
83
83
83
90
85
90
97
92
98
94
92
99
95
178
200
128
100
96
95
92
83
95
92
88
91
86
80
87
91
86
82
88
78
85
85
90
84
93
81
85
85
83
75
66
68
79
76
78
84
87
84
79
84
89
88
84
75
80
81
79
79
74
84
75
85
81
77
82
76
77
75
76
79
78
85
82
85
87
86
62
13
23
28
26
15
9
102
82
88
92
74
82
80
80
81
84
88
84
96
101
92
95
97
95
93
99
100
30
30
32
38
35
34
20
66
104
87
92
80
77
89
90
93
88
99
90
91
94
88
89
82
100
102
184
193
176
133
85
102
79
190
212
143
148
153
149
134
138
98
91
93
84
92
92
93
99
92
63
62
71
64
54
39
14
29
102
98
84
113
53
1
13
19
25
31
37
100
99
87
86
89
83
81
81
84
90
92
99
97
90
95
94
75
87
84
104
97
91
90
95
105
105
107
104
96
93
6
15
13
9
8
10
11
8
6
11
32
108
116
4
16
12
10
6
10
16
10
10
5
15
113
102
98
99
93
103
94
92
85
100
90
91
96
84
92
82
84
89
94
94
87
71
79
86
79
87
85
87
91
90
96
105
199
182
198
170
166
163
165
161
160
81
88
93
88
77
84
80
86
86
83
84
81
85
91
101
92
80
90
86
97
104
194
168
167
125
93
96
83
83
82
77
88
97
88
92
88
81
80
95
102
96
93
115
100
93
94
100
99
97
96
89
98
97
100
100
97
95
105
93
100
100
100
93
108
92
86
98
105
109
103
108
104
111
92
92
103
102
99
93
96
93
95
92
96
106
100
110
114
102
102
96
103
95
100
91
93
92
89
88
83
82
92
91
88
87
82
83
88
88
92
91
94
87
88
102
183
179
147
106
121
110
106
70
75
77
82
83
82
84
87
88
83
89
93
86
81
89
92
93
84
81
88
95
85
87
82
76
77
89
95
95
95
95
96
95
99
101
105
221
175
121
92
99
86
86
81
78
88
87
90
89
85
96
97
96
85
97
95
87
90
83
91
81
82
95
82
89
73
81
84
78
86
77
90
90
90
89
88
90
86
80
88
72
71
73
71
79
77
80
85
82
88
89
87
82
73
80
83
78
79
75
82
87
86
57
12
18
26
22
15
14
107
84
83
80
73
89
87
81
76
78
82
85
84
85
91
88
82
86
84
85
104
60
26
38
39
32
30
34
42
102
100
80
71
79
86
93
93
97
94
86
93
85
89
91
84
90
99
184
184
174
109
63
77
49
202
211
143
140
150
145
140
118
76
76
88
78
101
104
117
111
126
83
52
58
55
45
47
32
84
113
100
89
98
79
5
14
19
26
33
40
59
101
93
97
92
81
81
81
85
89
98
102
92
98
96
90
85
99
96
99
102
98
92
95
90
101
93
90
105
85
6
14
10
13
9
12
13
8
5
8
32
107
98
5
13
15
13
7
8
14
12
10
8
25
109
88
99
97
90
103
99
96
100
100
87
105
95
92
94
83
94
97
106
90
155
171
152
152
132
118
105
88
82
75
70
101
200
183
203
166
166
168
165
163
164
113
92
89
82
84
85
82
88
77
88
82
83
91
99
88
88
90
85
86
85
98
205
169
168
100
84
84
75
79
74
82
80
83
90
90
78
75
71
80
84
86
94
90
104
94
85
87
80
81
91
85
95
105
95
102
106
93
94
96
92
99
97
85
101
91
92
101
92
94
95
98
93
98
86
93
101
89
97
89
95
92
80
89
83
103
99
108
127
102
113
101
103
98
99
94
98
104
100
79
92
88
92
91
86
94
90
85
81
81
85
85
87
68
77
96
176
176
152
99
108
110
100
72
79
78
80
82
82
86
81
77
88
86
82
82
84
84
88
85
86
84
89
81
90
95
88
82
78
85
88
96
87
86
100
97
106
77
145
220
146
116
84
96
105
91
86
93
89
90
93
92
98
99
91
93
92
91
90
90
79
85
83
82
82
89
87
90
79
89
86
85
81
81
84
85
90
74
91
86
85
80
80
76
77
83
79
78
71
77
84
88
86
78
84
82
76
84
76
78
82
80
85
77
87
50
10
19
27
26
16
14
97
86
87
85
86
81
79
80
76
86
76
73
78
78
77
77
76
76
85
84
89
82
30
28
34
30
34
42
29
40
88
91
80
86
80
92
86
80
88
88
71
80
90
83
74
92
105
189
179
163
143
132
146
146
235
210
145
149
142
137
141
161
202
203
207
215
216
216
215
212
219
134
51
47
46
48
44
41
79
80
91
92
97
80
4
15
20
24
27
32
34
96
115
96
89
72
77
78
75
91
94
94
104
84
100
98
101
98
106
103
98
97
97
87
87
93
94
95
95
86
7
14
10
10
10
11
15
13
9
9
38
105
97
3
13
13
11
12
10
11
13
10
7
15
108
99
97
103
102
99
101
103
106
103
93
98
94
102
98
102
104
97
102
90
173
171
147
198
227
229
221
216
199
216
192
207
221
201
197
172
172
170
167
166
168
152
90
64
71
79
77
85
96
83
80
81
84
84
88
87
82
80
83
85
78
104
206
166
171
97
72
68
77
81
70
73
71
77
78
79
79
84
79
69
82
81
85
86
81
82
81
84
80
73
88
93
92
99
102
103
96
90
84
99
98
96
101
111
91
90
87
90
104
92
87
92
91
86
85
97
93
91
97
98
89
87
86
98
86
94
108
95
124
98
108
107
105
107
100
101
109
116
107
107
106
102
93
103
90
97
104
103
90
93
90
91
91
87
84
90
181
178
148
95
103
104
111
77
82
75
72
78
76
81
73
77
79
81
80
77
82
87
79
88
83
84
74
81
79
57
58
76
81
86
85
83
82
84
87
84
95
78
204
205
134
94
86
92
102
86
83
86
83
88
90
93
95
89
96
95
96
84
88
89
82
88
83
85
84
79
84
90
87
87
83
86
90
82
87
89
81
78
88
90
83
80
89
97
91
80
81
85
79
72
84
68
65
78
79
73
82
92
78
85
81
76
81
79
79
61
12
25
25
25
17
14
88
78
89
85
80
75
81
77
81
86
81
78
83
78
71
77
82
74
81
77
80
85
40
25
28
27
34
38
31
33
35
76
97
97
82
86
79
81
75
84
83
88
84
93
182
193
207
214
187
156
196
198
198
202
200
167
143
140
138
138
146
142
156
158
159
149
150
145
142
145
147
121
45
30
30
37
38
34
86
90
83
89
95
91
17
10
23
27
32
31
22
74
112
97
97
86
87
90
79
101
92
97
100
87
112
98
102
96
94
97
94
93
93
83
92
96
102
100
87
91
13
15
13
11
11
13
16
10
12
9
37
96
108
8
12
14
11
11
8
14
15
10
3
28
117
94
101
98
104
107
98
98
98
88
92
93
88
98
106
98
94
98
99
106
99
101
89
106
132
125
121
140
123
167
146
147
145
196
197
167
169
169
164
167
181
189
156
168
137
123
87
85
94
88
83
86
88
87
78
92
79
76
87
86
73
105
206
167
170
105
69
75
77
80
71
80
80
74
79
75
77
83
86
70
86
82
76
72
74
73
69
76
79
84
86
90
93
90
99
101
95
95
85
86
94
82
84
96
104
86
85
80
92
92
87
95
97
77
93
94
90
92
97
97
94
87
91
88
94
101
102
95
112
106
102
108
109
104
106
105
103
109
114
110
117
112
106
104
89
101
113
107
97
106
107
102
103
92
96
103
184
174
155
106
102
97
108
75
71
74
76
81
77
76
77
77
72
74
75
74
73
76
78
80
78
79
82
81
96
124
124
88
72
63
68
76
85
80
82
88
83
110
232
175
129
93
86
82
90
86
82
86
83
89
88
95
91
87
96
94
94
90
89
96
91
93
83
90
91
80
91
88
88
86
84
74
73
76
76
76
75
80
88
85
84
89
90
93
89
83
80
81
83
77
75
64
71
80
75
84
86
87
85
83
79
74
79
84
83
58
11
24
28
24
15
15
110
85
81
77
77
77
84
82
82
80
76
83
78
77
74
76
75
76
73
72
69
75
44
16
23
27
35
37
42
27
13
23
48
85
76
87
73
77
82
75
84
91
84
103
222
141
159
203
187
166
159
156
154
157
156
152
147
143
138
145
148
137
145
150
146
143
144
145
149
150
145
135
49
30
31
28
26
38
78
88
87
82
78
99
40
5
21
27
25
28
18
54
108
93
102
104
94
95
90
95
84
88
90
91
96
103
96
94
91
90
93
91
96
88
98
95
99
96
81
94
22
7
12
10
11
12
18
8
9
14
33
96
104
5
12
10
8
8
12
13
13
12
2
50
119
93
91
92
97
92
99
92
97
84
88
90
90
92
91
96
88
88
98
101
92
93
94
95
98
104
102
110
101
114
116
121
111
205
195
163
167
167
163
175
156
133
127
146
121
119
97
92
95
90
82
89
95
89
83
87
81
82
88
91
82
110
206
165
176
97
76
75
80
84
74
77
83
76
75
74
79
82
82
74
77
79
75
81
76
78
74
82
79
84
85
88
95
90
94
96
95
93
90
85
88
82
82
98
97
91
87
92
84
85
94
90
89
82
84
93
93
87
96
93
90
94
84
83
93
97
95
93
101
104
112
107
106
106
118
111
99
106
102
101
110
111
104
104
107
104
103
103
107
104
106
110
108
96
107
106
182
177
155
107
100
98
108
75
71
77
79
74
76
82
79
77
75
78
76
75
74
70
69
76
78
75
84
75
148
208
206
191
170
135
96
71
64
66
74
84
68
176
229
163
122
99
96
88
97
95
96
95
96
92
84
95
97
94
97
95
90
94
94
95
89
92
83
93
93
85
91
95
93
86
86
79
71
81
74
76
81
76
84
86
86
92
91
89
85
92
82
82
84
77
74
79
82
85
83
87
82
80
86
83
79
80
76
80
81
73
19
23
26
24
17
12
103
84
74
70
78
86
84
91
81
77
77
77
78
82
72
78
70
71
67
71
68
66
53
15
27
24
33
35
27
36
66
73
63
74
84
70
71
74
79
77
78
84
88
102
231
137
147
201
185
169
151
150
152
151
156
145
142
134
137
137
140
132
143
147
144
147
148
146
148
152
144
140
64
17
27
29
26
40
78
78
84
80
78
91
47
12
21
21
22
25
24
41
90
88
87
95
88
78
82
83
84
83
83
89
92
99
94
90
92
87
89
81
90
87
92
87
89
90
77
99
22
11
14
13
13
15
19
10
11
13
32
97
108
9
10
10
10
12
9
15
12
11
6
36
111
95
91
88
96
88
84
90
92
84
87
90
88
84
87
92
84
78
95
91
92
93
99
92
93
99
95
99
90
87
98
98
99
209
185
161
168
165
161
176
141
99
103
98
90
97
94
90
93
86
85
89
92
82
85
88
86
85
90
92
83
118
207
163
177
96
78
76
81
88
82
81
78
76
81
85
81
85
79
78
80
80
76
83
84
81
83
94
78
88
89
87
87
82
93
85
89
84
84
83
88
87
85
85
91
92
91
90
82
75
88
83
82
76
72
88
87
90
90
94
86
89
85
85
89
91
88
94
94
96
104
102
103
100
102
106
100
107
96
95
100
103
96
98
107
103
103
100
106
103
104
104
107
104
105
112
184
179
151
107
106
104
107
73
75
79
78
74
79
81
77
79
84
76
79
79
78
70
72
74
74
76
89
78
172
222
218
217
214
202
178
152
131
101
85
80
92
224
212
152
93
84
89
84
79
77
82
85
81
82
83
87
93
92
93
88
87
88
97
91
88
90
81
95
97
89
92
99
94
84
88
90
78
83
80
85
87
79
85
87
84
91
95
84
83
87
85
85
85
81
78
84
83
91
90
87
80
77
79
79
77
78
81
79
75
81
23
23
26
24
16
16
83
72
70
69
79
90
83
90
86
81
79
78
82
76
76
74
70
71
72
71
66
66
66
25
24
20
23
27
42
99
122
117
97
87
87
69
71
74
75
68
73
79
75
102
221
138
156
207
182
171
146
149
153
150
159
134
132
126
128
126
132
132
143
146
148
150
144
140
144
148
144
134
90
48
15
14
22
51
88
74
76
76
84
89
71
16
17
16
18
21
29
33
61
83
81
81
77
62
68
71
82
82
82
82
93
90
88
90
89
82
81
75
82
83
84
75
80
83
75
93
25
11
12
10
12
15
14
12
14
9
26
87
102
7
10
12
8
9
10
13
12
8
7
25
88
93
90
87
98
91
81
91
92
88
83
83
83
81
83
87
86
79
84
86
87
90
92
84
89
93
91
88
83
84
91
84
98
211
176
160
168
165
161
176
132
93
94
88
83
88
89
90
95
80
81
85
82
80
88
82
81
81
87
92
85
121
205
165
179
97
80
79
85
83
84
84
80
80
83
88
84
89
80
81
85
81
85
86
90
80
83
95
82
86
87
86
84
74
86
81
87
84
83
80
78
84
83
84
91
89
87
84
80
84
81
78
78
75
68
83
80
90
90
86
85
81
84
86
82
88
88
93
86
87
88
95
95
91
84
93
92
96
92
91
92
91
93
95
95
92
102
97
95
97
90
94
99
106
96
107
186
182
154
102
104
101
102
75
78
76
79
80
82
80
77
79
81
74
77
79
74
76
76
71
75
79
92
86
178
214
205
201
200
210
217
215
204
180
163
153
175
240
202
159
133
122
122
118
110
110
109
108
96
92
82
81
87
86
86
81
87
81
91
81
84
87
82
88
94
90
92
98
91
89
87
89
88
84
84
86
87
84
87
85
84
91
91
82
82
80
84
85
86
85
82
80
73
86
91
86
82
72
82
81
77
75
87
89
78
86
23
24
28
24
14
16
74
72
74
77
82
82
86
86
90
86
76
80
85
75
80
70
75
71
72
67
66
72
81
35
21
23
20
35
96
144
133
122
110
105
88
88
73
73
76
70
72
76
63
108
200
127
152
209
180
174
140
142
140
136
146
122
118
112
107
115
121
125
140
141
139
134
125
120
126
145
140
124
93
85
48
35
42
74
88
76
70
77
82
88
88
25
11
14
15
19
24
25
34
61
89
85
71
65
69
68
78
81
86
85
98
90
85
87
89
81
78
82
87
84
82
76
80
79
80
89
35
8
9
10
11
13
12
13
13
8
20
82
76
3
13
12
8
7
11
12
11
6
11
16
60
88
87
86
96
89
85
87
88
85
82
79
81
79
78
80
86
81
79
80
80
87
85
80
80
87
92
82
83
85
90
84
109
212
172
161
166
165
161
178
124
92
90
97
94
90
87
94
92
81
80
82
77
84
87
79
76
76
78
83
81
119
201
164
174
94
86
83
91
77
87
85
85
88
85
87
89
88
89
82
85
85
93
90
87
75
76
86
83
86
81
82
84
80
83
84
88
88
80
79
72
78
78
83
83
85
85
80
79
86
83
79
79
83
74
84
80
86
88
79
81
78
80
86
82
88
90
89
81
82
81
89
85
83
82
82
82
81
80
85
83
84
92
91
89
88
95
85
90
96
80
86
90
100
92
104
188
181
162
99
100
96
95
79
78
75
79
78
80
81
76
77
71
74
72
74
70
78
71
72
78
79
88
97
184
215
216
216
206
212
215
220
218
224
235
231
236
237
205
189
209
200
190
162
160
159
153
150
149
135
94
85
85
84
84
82
84
80
81
74
78
79
82
79
84
86
88
92
89
92
84
87
92
84
82
81
82
84
87
86
88
89
80
81
80
80
82
81
88
83
79
80
67
75
86
82
82
73
92
88
85
82
93
96
91
92
24
28
29
21
15
12
81
79
81
86
79
74
87
83
87
85
69
77
83
83
77
71
80
69
67
66
66
75
88
50
18
24
26
71
136
132
121
124
118
104
80
97
88
73
79
80
71
74
66
105
158
112
132
209
180
180
122
124
118
117
120
108
96
88
88
100
105
105
122
119
116
104
100
96
92
129
122
111
78
87
90
79
75
87
77
80
73
81
77
82
86
45
9
13
15
17
15
19
25
33
63
84
82
79
81
79
80
83
89
92
103
92
88
88
94
87
87
91
93
92
81
83
81
78
84
97
49
10
13
11
12
14
13
14
12
8
25
89
52
5
14
12
10
12
11
13
10
7
15
13
46
81
88
84
86
84
85
80
81
76
82
78
80
77
72
77
82
79
82
77
79
84
84
82
80
85
92
84
86
85
89
86
121
211
169
162
165
165
160
181
112
88
89
94
98
91
84
92
86
85
84
83
81
85
80
82
80
79
81
79
74
120
203
158
165
89
88
86
92
77
88
85
86
92
85
92
94
88
101
89
84
87
92
93
86
79
78
81
78
89
79
79
87
90
85
85
87
87
75
84
79
77
75
74
72
84
84
80
77
76
82
83
86
88
80
86
81
83
79
83
80
78
79
84
86
87
89
87
84
83
85
86
80
80
81
82
82
76
72
81
79
80
89
82
84
91
88
77
87
97
84
87
85
95
92
107
188
180
166
97
101
95
92
78
78
80
75
72
78
79
75
73
72
71
72
75
72
73
69
74
73
82
85
110
163
193
211
211
205
210
211
205
197
180
196
185
190
198
186
192
195
218
211
166
157
137
124
127
144
146
106
89
78
82
85
84
76
81
77
78
79
73
75
80
81
79
80
82
86
83
81
90
87
81
79
79
79
82
90
89
88
87
78
78
74
76
84
75
90
81
75
84
73
71
79
80
81
85
92
87
93
90
94
91
99
89
24
31
29
21
21
16
81
79
73
80
70
74
80
78
88
80
67
81
79
85
74
79
82
75
74
74
70
75
82
77
29
26
39
112
133
115
115
114
111
74
50
68
95
80
81
76
65
71
70
87
98
87
110
210
181
189
84
93
89
95
88
90
75
70
79
87
88
83
89
87
96
87
86
87
70
97
97
96
78
76
78
81
79
80
77
83
78
75
74
80
81
64
9
10
15
12
15
33
50
42
22
50
88
88
87
88
84
88
88
89
96
87
86
95
93
92
98
87
85
94
78
77
75
77
80
97
54
18
20
11
13
15
12
14
15
7
37
93
56
20
13
13
10
13
11
15
14
14
17
27
63
76
90
81
78
83
80
80
80
74
80
76
74
79
69
83
84
83
83
82
85
82
86
83
92
89
86
90
86
89
88
83
126
210
168
162
165
165
161
185
93
84
86
84
87
85
81
82
86
83
84
83
86
88
77
85
85
88
93
91
80
128
205
156
168
87
85
84
87
78
80
81
85
89
78
95
96
90
101
95
85
85
92
92
93
92
95
90
78
86
82
84
93
90
83
86
85
87
80
90
85
78
79
68
77
83
75
79
73
73
77
87
90
84
81
80
78
83
72
89
84
75
81
79
81
82
85
84
87
84
89
86
82
84
76
89
87
78
80
84
83
76
86
79
79
87
86
84
80
89
91
96
88
95
89
105
187
183
159
94
100
97
96
80
87
79
76
82
82
84
79
73
79
74
79
85
76
72
74
71
76
86
86
98
111
156
148
133
136
125
134
117
127
110
113
107
113
119
116
128
132
182
174
194
191
141
102
65
79
80
75
77
76
80
77
77
77
78
76
79
79
75
73
78
79
70
72
78
75
80
82
78
82
84
81
80
84
85
88
83
84
88
80
76
70
67
78
76
78
80
78
81
77
76
78
83
79
80
83
81
87
88
82
88
92
83
26
30
34
30
26
21
50
84
67
62
75
71
77
85
94
83
77
84
82
82
80
94
84
84
86
81
83
85
82
87
86
51
66
125
117
116
95
63
37
23
25
16
46
79
80
79
61
62
69
72
61
76
104
208
177
192
66
73
72
74
70
77
71
69
70
77
75
79
76
76
84
84
81
90
74
76
84
86
80
79
73
72
73
80
84
74
75
63
73
82
79
76
18
12
13
6
35
82
109
99
79
38
53
92
85
81
76
82
84
80
81
89
71
86
82
87
86
76
79
81
79
72
77
77
75
71
43
22
19
21
21
13
11
12
16
7
38
82
72
46
15
14
16
12
12
21
24
30
31
31
101
85
86
81
82
78
75
77
72
81
83
82
76
77
77
90
90
88
85
80
90
83
85
81
91
90
87
91
84
86
83
82
138
214
170
165
165
163
165
186
77
81
86
82
84
77
91
86
87
84
85
86
88
94
87
86
87
91
89
92
97
137
205
165
172
87
84
77
78
84
83
79
81
85
81
88
88
88
86
87
91
87
97
92
96
95
97
98
93
88
85
86
83
86
84
83
85
90
84
89
88
84
92
68
87
85
77
72
74
80
89
93
85
90
85
78
80
84
88
85
80
80
87
86
83
82
86
85
86
85
86
87
85
85
83
89
85
80
82
90
84
81
83
87
90
87
85
83
88
88
96
97
94
97
92
101
183
181
154
94
98
98
101
85
89
84
90
92
80
84
80
80
96
77
83
92
77
80
77
84
84
85
78
91
102
117
131
119
126
118
111
113
121
100
99
105
105
96
104
99
107
124
93
112
119
140
161
131
151
90
80
71
69
72
65
73
78
70
80
74
69
70
67
76
78
75
70
72
74
78
76
76
88
80
82
77
83
83
85
79
71
78
82
69
67
67
71
82
68
75
68
62
70
68
65
68
81
61
71
69
73
77
82
77
87
84
22
31
30
22
15
17
14
83
96
77
86
81
86
92
85
93
77
77
81
82
91
83
84
80
89
82
89
88
87
89
87
71
80
116
103
77
35
22
16
25
34
23
30
73
64
71
68
56
67
66
62
74
102
205
178
190
58
65
64
59
70
73
68
71
61
68
58
75
77
72
67
71
77
75
73
68
78
81
72
78
71
75
75
82
82
73
77
72
79
81
81
81
52
19
7
40
102
126
121
122
139
132
71
79
77
82
81
79
82
71
79
76
58
67
75
85
80
78
79
72
72
63
71
71
65
72
42
34
25
28
44
18
18
16
14
13
34
53
59
54
16
23
26
25
27
34
32
24
29
23
81
87
81
80
75
67
76
71
70
92
80
84
83
80
68
81
82
78
74
78
74
83
74
76
79
78
85
76
78
79
88
84
151
211
166
168
164
162
165
177
77
88
96
87
90
89
95
102
97
101
94
99
92
85
81
86
85
84
84
85
81
148
207
162
167
76
84
73
71
79
74
75
79
80
85
77
88
85
82
94
89
85
82
85
97
93
82
85
92
86
89
80
73
91
82
70
79
83
81
82
86
86
92
88
92
92
85
84
73
86
93
89
94
93
93
86
85
82
94
90
85
94
88
83
91
81
84
98
98
95
84
84
89
86
78
81
82
81
86
84
85
90
83
86
85
82
91
89
109
93
98
106
94
112
96
110
187
184
156
91
101
94
90
82
84
80
82
83
79
87
84
87
94
79
85
89
85
81
78
85
84
81
75
87
94
89
98
82
83
88
85
89
86
80
79
83
83
83
85
84
83
85
99
86
83
75
88
100
121
91
74
69
66
67
73
80
83
68
77
71
69
74
63
75
76
69
78
67
69
75
81
82
88
78
74
75
76
84
88
77
77
75
69
73
76
70
63
68
61
67
62
62
66
55
57
60
66
53
66
64
65
66
65
72
86
52
19
21
15
11
15
29
18
57
99
94
93
88
83
84
81
82
74
74
73
70
81
74
77
74
75
73
76
82
82
78
78
72
62
88
52
20
23
25
25
23
16
22
76
80
69
80
71
65
71
76
82
78
110
210
177
180
64
58
61
57
66
57
63
68
61
72
62
74
69
54
66
72
67
64
57
70
81
74
72
73
74
68
74
78
87
78
83
90
82
83
85
85
93
41
50
133
124
131
140
145
140
140
131
94
78
80
77
80
86
73
71
66
67
68
68
72
68
77
71
72
73
79
84
67
74
57
50
49
41
53
48
34
29
20
22
24
35
49
44
43
22
32
30
26
39
43
35
24
30
11
65
87
78
78
77
65
71
75
68
77
71
74
75
70
57
70
72
67
68
75
55
65
73
68
81
68
76
69
73
78
80
81
158
208
164
163
162
162
166
169
82
85
97
92
91
95
92
97
91
89
99
95
90
81
73
86
81
87
77
75
84
146
206
162
167
66
75
79
70
77
72
80
81
69
77
73
82
82
82
80
73
64
72
66
76
78
77
82
80
84
83
85
67
82
84
76
75
81
79
73
80
83
85
86
88
96
84
92
82
93
93
82
92
95
107
104
112
108
96
97
95
92
94
103
89
91
85
91
84
80
83
85
90
85
84
83
85
84
86
84
87
91
85
81
84
82
84
74
61
70
75
84
86
87
86
105
192
188
165
92
100
92
92
79
84
82
82
79
83
87
94
89
91
89
84
90
85
84
88
84
84
76
79
76
68
81
79
76
77
78
74
81
78
80
83
85
85
76
80
76
80
85
83
80
74
77
80
81
76
76
67
66
63
71
68
66
72
82
70
65
77
68
67
70
73
67
77
70
67
71
70
73
72
65
71
74
77
70
72
76
76
67
77
72
71
69
74
67
68
66
67
65
62
66
68
64
68
65
62
61
60
57
72
73
66
40
32
40
33
28
30
25
31
34
31
61
84
68
69
71
67
69
66
70
66
62
69
68
73
71
63
69
69
69
71
72
77
70
44
21
7
6
5
8
7
14
30
77
95
81
64
69
74
64
72
69
79
75
118
212
176
178
51
69
67
60
64
62
74
69
68
80
68
67
70
69
67
63
62
68
64
73
78
76
78
76
73
77
72
76
77
84
82
82
82
79
78
82
64
26
74
121
127
147
144
133
115
113
107
113
97
83
73
71
79
77
65
66
76
74
68
76
76
73
73
75
73
76
73
74
67
67
65
67
63
59
55
53
33
29
34
34
38
50
56
39
41
33
34
37
42
41
43
26
24
71
46
69
78
62
60
65
59
69
64
72
68
66
62
62
62
68
68
56
64
81
58
63
77
74
69
69
70
74
69
75
94
82
167
204
164
166
163
161
163
167
80
102
96
91
96
95
96
98
97
88
85
85
87
92
86
82
82
96
82
90
93
146
208
154
166
86
80
85
80
83
75
79
76
66
64
75
71
77
78
65
67
69
65
63
60
73
72
81
76
78
82
82
67
72
72
77
75
78
76
84
75
82
84
87
101
95
79
87
85
78
90
83
80
97
101
98
99
102
107
101
101
96
92
94
99
99
91
84
92
90
91
93
93
80
93
93
88
91
92
88
87
90
96
72
88
90
87
139
156
142
124
112
93
89
92
92
181
201
157
62
80
74
66
75
77
84
81
72
90
90
97
93
84
84
80
83
84
84
80
78
82
76
75
72
75
72
73
76
72
74
75
78
72
80
76
75
81
77
80
74
87
75
67
81
71
72
72
69
82
77
63
64
55
59
57
58
62
87
74
68
68
67
63
71
77
71
70
65
65
70
63
69
75
68
68
72
76
69
71
65
70
68
71
71
74
68
68
57
69
68
62
64
59
60
62
57
63
61
59
64
64
57
63
60
61
56
42
41
56
46
47
36
37
40
41
36
50
54
54
55
53
57
58
56
61
62
59
56
62
61
57
61
62
62
60
67
68
63
54
37
39
49
23
12
18
31
72
74
78
75
72
76
71
55
61
61
70
69
119
208
180
164
56
67
66
68
75
77
67
75
62
58
68
67
78
69
70
71
74
72
72
83
76
74
77
80
76
85
80
77
76
81
77
76
80
79
77
79
56
32
53
84
79
75
62
48
54
42
39
48
67
91
74
75
83
77
70
76
72
73
74
74
74
73
70
70
68
64
68
69
75
73
66
62
57
56
55
54
46
50
65
53
46
54
63
42
55
49
46
52
41
41
46
39
29
97
15
46
72
66
59
65
56
57
55
72
66
66
65
60
59
66
63
67
67
68
72
71
71
65
58
57
51
54
48
54
63
50
169
201
156
159
150
148
168
146
52
66
64
63
67
63
63
65
76
84
82
83
84
87
80
85
87
90
88
70
82
162
206
164
150
95
87
77
85
83
74
83
65
55
71
67
63
70
72
61
75
70
69
70
74
75
77
72
81
94
81
76
81
89
81
79
82
79
77
81
82
84
81
78
89
91
89
76
93
77
82
88
86
92
88
89
92
89
102
96
100
99
96
103
98
99
92
89
98
97
102
102
112
100
83
94
98
86
90
89
88
91
96
94
79
83
71
148
180
194
198
207
192
198
201
200
215
202
187
127
120
132
146
77
78
80
86
83
90
91
93
91
82
83
81
77
76
77
80
82
73
80
80
72
76
80
74
76
73
78
74
79
72
75
78
83
77
84
82
79
78
72
75
68
70
84
66
72
75
67
59
68
62
54
57
55
66
70
72
72
70
63
66
74
70
66
72
61
68
67
60
67
71
68
66
71
67
61
70
60
63
64
63
77
79
71
67
69
67
69
62
65
63
61
65
53
68
59
57
57
60
60
53
59
62
56
58
56
60
60
54
48
42
48
46
49
43
52
47
56
54
56
58
58
61
60
57
54
55
56
58
57
50
56
58
63
62
61
56
57
63
60
52
45
48
46
65
65
66
65
60
68
62
48
52
56
59
69
127
208
179
156
46
63
64
75
76
74
71
67
67
59
68
71
69
70
68
69
76
75
77
81
72
70
74
82
75
81
80
81
80
82
80
77
78
80
81
78
70
40
21
40
35
30
32
26
32
23
24
20
21
52
70
73
76
74
74
77
68
72
72
67
76
78
70
75
74
65
64
71
73
68
69
67
61
67
60
62
59
62
67
66
59
60
61
60
60
60
57
58
54
57
41
40
54
70
12
37
59
63
68
63
62
56
67
71
62
71
63
68
63
65
60
63
69
54
65
65
73
79
79
89
89
87
88
99
104
111
194
205
158
156
146
144
155
159
134
138
140
141
144
146
148
153
134
83
77
76
74
75
77
81
74
77
83
73
72
160
205
167
153
92
89
83
80
76
75
86
73
65
82
68
66
65
65
76
75
83
77
78
81
80
87
74
88
94
86
82
81
82
94
82
87
77
77
77
83
79
85
91
91
87
89
83
90
86
80
81
81
88
87
89
92
87
91
96
107
95
92
94
102
101
94
89
101
97
104
99
98
108
89
87
92
84
91
89
91
94
95
107
109
109
128
165
159
200
206
206
193
197
219
217
217
187
224
208
197
197
188
85
87
89
87
89
85
89
93
88
83
83
80
78
82
81
81
82
78
77
82
83
81
85
82
81
81
81
75
75
75
77
80
82
78
78
76
79
76
74
79
67
74
81
68
80
70
69
62
71
66
58
63
63
69
68
70
73
70
69
72
76
64
64
76
67
70
68
65
62
69
75
69
68
69
60
67
63
64
63
71
75
80
74
66
76
65
70
65
64
65
69
70
61
69
62
61
57
61
59
53
67
68
61
61
68
58
60
54
51
54
59
59
58
53
58
55
57
58
67
58
62
60
62
57
52
50
51
55
54
52
55
59
63
57
58
59
66
63
62
61
62
57
55
59
54
54
58
49
54
51
49
48
51
56
68
133
211
183
149
47
64
65
68
70
64
72
68
73
76
71
76
68
72
63
71
76
76
81
70
65
65
71
74
70
78
78
76
78
79
75
77
74
78
77
71
72
57
39
11
18
20
23
24
25
22
22
17
15
16
55
68
65
67
71
70
69
71
69
66
74
70
71
74
77
75
69
70
69
65
73
72
64
67
62
70
66
65
64
72
72
65
59
72
63
65
64
63
57
73
59
51
65
56
43
58
61
62
68
58
62
61
66
66
60
69
65
70
63
60
64
62
67
60
66
73
135
166
171
178
181
180
182
188
187
189
208
196
162
156
149
153
155
167
186
186
187
188
187
186
189
189
185
99
68
76
74
68
73
76
72
72
85
74
70
165
204
162
152
82
91
91
84
85
77
79
80
77
80
73
78
71
77
86
76
83
84
75
68
87
91
78
81
88
87
84
85
77
89
76
81
82
81
71
83
76
82
91
90
84
86
88
79
86
82
77
81
72
81
92
89
87
85
82
94
93
88
85
103
97
90
87
96
88
96
97
92
99
100
90
92
98
96
84
90
94
93
100
134
122
143
153
135
148
148
160
155
155
169
175
176
148
182
203
190
205
204
91
88
92
85
81
81
88
92
86
83
77
78
82
86
83
79
75
87
75
83
94
85
81
86
78
82
79
75
70
77
74
76
79
78
74
68
78
80
70
73
78
79
76
77
77
74
76
72
72
75
66
69
73
75
74
73
75
69
75
74
77
69
72
79
71
73
70
72
66
67
70
70
69
75
66
69
70
69
66
74
70
72
70
62
71
66
65
66
69
70
75
69
69
68
64
65
61
65
61
63
65
68
66
60
64
62
53
52
48
69
61
65
61
65
57
60
59
63
71
60
59
56
61
50
47
49
48
55
57
58
58
62
62
58
56
62
61
61
63
60
62
57
57
57
50
52
57
55
55
48
53
49
52
58
66
141
213
189
140
52
67
63
61
63
61
66
73
73
78
70
74
74
74
68
72
76
74
75
61
61
62
66
63
67
77
79
73
73
78
71
74
73
73
69
65
69
71
72
32
12
11
14
15
14
17
14
11
14
16
53
60
60
64
66
66
71
68
71
69
65
61
68
72
71
78
70
63
65
65
72
70
62
63
64
69
71
63
65
68
71
66
61
74
62
62
67
69
59
73
74
66
68
68
67
78
70
69
68
62
64
62
61
64
64
64
66
67
62
61
68
67
69
72
74
88
180
188
196
194
196
197
196
195
196
193
186
174
163
155
148
156
162
153
170
176
177
178
176
172
174
169
183
110
67
77
77
71
68
76
77
74
84
74
74
171
202
162
152
86
90
91
92
90
85
79
84
86
83
83
86
82
90
84
86
80
81
69
63
88
93
84
81
85
87
82
89
75
91
73
76
84
81
76
82
81
81
86
82
78
79
84
79
79
78
82
83
69
82
90
84
85
77
83
85
90
83
83
97
92
87
84
89
84
83
90
92
89
97
89
93
104
86
83
86
90
90
88
111
102
112
112
115
106
104
119
118
120
124
132
124
117
124
151
142
182
176
92
86
95
90
78
79
85
84
83
81
72
82
83
80
87
82
75
85
71
80
88
78
74
78
73
72
71
66
70
78
67
75
76
76
75
70
79
84
68
72
90
80
82
86
71
80
79
82
74
91
74
76
80
83
78
79
78
76
75
74
78
77
80
78
72
79
72
75
78
67
65
69
70
75
72
73
75
72
70
68
69
66
66
63
65
68
60
69
76
71
73
67
71
73
64
69
62
64
66
71
61
61
66
64
59
67
57
58
57
74
62
61
65
65
56
60
62
66
68
66
55
54
59
51
49
52
52
61
63
55
58
61
58
58
55
62
57
62
58
57
55
56
58
50
51
54
57
63
61
54
56
54
57
62
63
149
210
187
132
49
66
60
62
57
62
63
74
68
68
69
68
73
74
76
67
73
70
68
62
60
60
63
60
69
72
73
70
69
77
73
73
76
71
61
62
69
73
76
72
35
15
9
6
7
15
16
20
27
49
65
63
61
70
64
66
70
66
69
69
63
64
64
67
70
74
67
64
66
61
69
68
60
66
65
62
73
61
61
62
64
66
61
76
61
59
65
73
61
67
70
69
68
74
74
78
73
70
71
68
67
64
65
67
65
63
69
64
74
71
73
73
75
78
71
99
176
147
160
160
158
163
160
159
162
167
161
163
160
145
150
153
163
146
155
164
162
164
167
161
163
161
171
98
74
79
82
75
71
78
79
76
78
85
80
173
199
168
147
93
88
84
87
84
95
84
83
88
91
88
85
80
89
86
98
96
79
81
76
87
94
88
90
85
87
81
88
75
90
75
75
84
77
83
80
84
82
89
78
76
74
74
80
73
71
85
85
78
83
85
83
81
73
97
92
89
79
81
86
87
86
78
85
85
76
83
85
86
87
85
87
92
73
82
82
85
84
86
82
82
89
85
96
95
91
93
93
100
106
105
95
101
99
108
112
146
123
90
92
106
102
88
79
80
77
81
82
75
88
80
83
95
88
83
79
69
73
76
72
70
65
74
64
64
60
74
78
70
79
69
77
75
77
82
89
74
85
93
81
84
88
75
81
82
87
78
95
80
83
84
84
90
85
81
84
79
76
79
78
81
79
78
85
76
75
80
73
76
72
72
76
76
71
73
70
72
67
71
71
70
67
66
71
65
71
72
70
65
70
72
77
69
71
67
65
67
73
68
64
69
66
64
66
70
71
73
69
69
63
65
60
64
65
64
64
70
68
57
62
63
68
64
58
63
67
65
53
59
58
59
55
54
61
60
56
49
52
48
50
60
48
49
49
53
60
59
57
53
57
58
68
60
150
206
184
125
42
64
58
60
57
59
66
70
67
65
69
66
67
70
72
66
68
66
68
68
59
60
65
64
71
65
66
65
66
69
72
73
76
70
56
56
63
67
61
73
73
49
23
20
28
34
43
56
70
77
69
74
67
74
64
64
68
62
64
64
66
72
63
60
78
72
73
71
70
59
69
71
65
69
63
64
69
62
59
59
66
66
59
85
67
63
63
71
64
68
62
67
64
68
79
73
74
65
73
68
66
71
74
68
67
69
78
67
90
79
80
79
81
82
65
104
158
146
163
162
162
173
168
169
163
170
161
157
138
130
154
151
157
155
167
163
161
163
171
159
159
162
171
85
84
88
90
74
77
80
79
77
77
93
82
179
194
174
130
82
92
81
74
83
92
81
77
82
85
84
86
73
83
97
100
115
88
104
91
92
91
84
88
88
86
82
86
83
73
77
74
86
80
80
87
82
83
92
84
81
80
71
64
75
71
78
85
75
77
83
87
77
75
96
93
95
77
80
78
80
82
75
79
83
77
81
79
83
82
88
84
84
76
77
79
81
78
86
91
85
84
87
84
84
79
80
81
90
95
90
91
87
82
86
92
100
93
89
93
95
99
96
90
85
86
89
88
78
84
81
93
86
86
85
81
88
80
82
78
78
67
63
73
72
71
80
75
83
80
71
82
81
81
87
92
82
93
83
87
83
81
82
82
80
79
81
77
85
86
85
86
103
89
87
86
89
81
83
81
83
84
83
89
80
78
79
85
75
78
79
77
82
70
73
74
72
68
73
77
73
69
69
71
69
66
64
81
68
72
74
76
75
73
74
76
74
81
74
75
69
69
66
69
69
68
70
65
73
67
67
68
70
66
65
61
73
65
67
75
66
79
72
66
74
66
66
60
67
67
66
68
60
59
57
49
46
57
55
57
61
50
56
52
51
62
57
51
49
54
54
70
65
156
208
197
113
35
61
54
55
60
61
62
65
70
72
67
69
65
67
60
68
65
64
63
64
62
62
67
65
68
64
70
69
63
66
68
66
65
59
60
50
54
60
55
59
55
67
66
68
80
76
77
77
75
68
69
69
71
72
68
63
68
58
65
60
61
70
64
69
75
73
73
64
63
72
73
74
76
65
67
77
67
70
74
56
71
66
71
97
74
70
70
67
73
67
69
75
68
78
74
79
76
77
83
71
69
81
80
68
77
77
79
88
85
75
80
85
87
83
74
98
124
130
137
125
142
158
151
143
144
140
144
120
92
123
139
141
140
149
152
137
156
154
161
152
147
145
135
95
90
89
83
76
76
82
81
84
79
87
85
186
193
181
133
72
94
90
79
80
81
85
80
81
70
85
91
86
82
100
91
95
88
105
93
89
89
87
80
88
85
80
85
88
82
80
80
84
87
87
93
94
100
96
89
83
87
83
52
90
79
76
77
74
91
86
90
81
71
90
84
93
79
89
79
84
73
81
73
79
79
77
81
83
81
85
89
85
80
78
76
78
74
75
92
85
83
88
79
85
78
79
75
79
91
87
88
83
75
85
87
86
86
92
86
93
92
99
99
96
93
90
92
82
87
87
85
85
83
77
79
85
85
77
86
85
73
76
81
76
74
84
85
96
92
80
87
87
92
88
83
83
91
88
78
86
82
87
75
76
76
73
79
77
86
89
91
92
90
90
89
89
89
82
87
87
81
89
90
89
89
89
86
84
83
83
82
85
80
83
82
74
72
82
75
72
80
73
78
66
73
71
77
78
78
74
77
81
76
77
92
82
84
87
83
77
72
74
72
67
68
73
72
74
66
71
74
67
69
64
69
71
74
75
76
62
70
62
65
73
72
61
66
70
74
74
80
76
65
71
53
55
62
62
59
67
66
61
62
58
62
55
52
51
55
69
82
73
165
209
196
108
46
66
65
67
65
67
60
61
67
72
65
66
62
56
60
60
60
57
61
62
61
64
63
62
58
63
66
59
55
64
64
57
60
57
60
52
53
58
60
64
55
61
64
68
79
67
56
69
72
67
67
64
66
65
71
74
73
70
65
68
62
59
66
66
67
72
68
65
66
68
71
71
74
66
76
80
78
68
73
68
77
77
78
80
83
71
75
70
74
74
80
77
70
80
86
87
84
78
82
78
74
79
84
74
81
77
70
78
75
78
75
82
87
78
79
88
96
103
112
97
107
126
134
116
111
102
99
98
90
127
119
116
111
134
113
117
120
120
141
116
134
123
103
88
82
86
78
83
87
90
90
89
88
90
97
185
193
178
138
87
88
86
87
81
84
86
82
82
82
86
83
86
79
85
87
86
88
83
85
86
83
91
80
92
78
72
85
86
79
88
87
87
86
88
92
97
88
93
83
78
85
91
79
79
82
90
86
101
91
89
80
82
86
94
89
92
88
96
92
89
70
80
76
80
81
71
73
81
78
80
89
88
83
80
81
85
86
71
88
88
87
83
82
81
75
77
74
80
88
91
79
75
78
77
81
77
87
104
94
90
98
102
97
91
85
92
95
91
88
80
85
91
91
86
78
91
95
100
92
96
90
84
80
80
81
90
89
90
88
88
89
90
86
83
72
79
85
68
69
84
86
84
70
77
81
76
83
84
82
84
93
89
88
88
97
85
88
87
87
84
91
77
90
89
93
96
79
86
86
78
87
88
75
82
80
82
78
81
86
80
87
83
71
77
78
75
75
80
83
81
81
81
83
75
80
78
75
82
81
85
82
76
70
70
63
94
78
72
69
63
71
63
72
71
77
67
71
78
68
68
65
65
68
74
72
72
74
81
71
71
75
79
69
75
76
69
69
70
60
55
52
68
64
65
72
81
67
71
80
76
84
72
172
209
198
119
63
73
73
74
65
75
66
69
69
63
68
65
57
61
61
54
58
55
59
53
65
64
61
60
64
63
63
54
46
62
64
65
56
56
60
64
61
65
60
59
62
62
67
64
65
66
61
68
66
72
71
60
59
62
56
68
70
81
68
71
75
71
77
61
63
65
71
72
74
65
63
61
54
65
75
79
89
73
82
86
87
76
71
79
86
78
82
80
90
85
71
78
84
84
79
79
77
76
85
81
77
80
83
83
73
74
70
78
79
79
66
68
76
77
73
86
83
80
88
86
82
101
96
99
83
89
84
90
74
91
90
89
91
97
90
102
80
95
97
86
92
102
90
77
80
77
78
89
97
90
87
79
88
108
101
195
185
180
127
76
88
81
83
77
81
78
79
78
86
90
83
87
83
81
87
86
82
90
87
85
78
73
73
93
84
84
76
79
67
79
89
93
97
84
85
92
89
91
80
90
89
91
101
92
86
98
98
113
97
92
92
98
93
99
97
94
87
114
95
83
85
80
94
73
73
73
82
71
82
85
88
87
91
81
79
75
85
77
85
80
77
74
78
65
72
69
68
73
79
79
77
83
59
69
74
77
88
90
92
88
98
97
96
90
84
88
102
95
90
106
94
88
82
85
93
102
88
97
95
94
84
84
97
93
97
91
88
95
86
96
94
77
83
88
80
80
87
74
82
88
85
89
68
72
74
80
80
81
89
89
97
89
89
88
90
86
82
82
88
80
80
80
85
89
84
91
87
91
87
83
88
84
79
85
81
81
79
74
74
75
77
78
78
85
81
86
77
92
81
79
79
81
82
84
82
86
83
72
73
70
71
79
82
74
79
89
82
72
84
79
74
73
73
71
69
61
78
69
78
68
72
68
74
71
67
79
73
70
78
78
73
70
69
67
71
67
73
79
93
97
105
79
59
52
50
43
56
65
69
74
91
80
187
211
208
102
63
74
66
69
65
72
66
62
61
63
61
61
59
69
62
59
68
60
56
53
55
65
64
61
66
63
61
60
63
63
64
69
64
69
64
65
65
73
68
62
61
55
56
70
67
65
63
73
67
61
62
57
56
63
62
65
63
75
70
64
68
68
71
70
72
68
73
68
73
65
59
55
35
58
62
68
80
93
88
88
84
78
81
71
86
79
77
74
91
86
89
91
88
86
74
82
84
75
78
72
82
80
82
80
78
75
75
76
64
78
79
77
74
69
72
71
73
83
82
81
83
91
91
76
75
78
79
77
69
77
82
79
90
90
76
86
91
89
85
87
84
86
86
83
82
80
78
75
85
85
85
92
85
101
92
199
189
180
115
76
88
77
81
74
79
88
83
72
75
84
82
88
87
75
81
79
87
90
88
87
82
78
87
81
80
85
81
78
89
84
98
93
99
89
92
90
94
94
86
88
90
87
102
95
90
87
90
93
96
101
93
94
91
88
91
94
99
95
95
97
84
80
95
85
87
75
78
86
82
81
81
84
81
89
84
86
81
72
85
70
71
77
70
70
71
65
60
64
70
71
67
68
70
76
72
72
79
96
103
100
91
91
90
97
94
95
100
102
89
97
92
89
88
92
95
93
93
90
95
94
83
89
84
89
96
94
84
95
91
89
77
84
81
87
85
82
88
84
88
83
84
91
82
82
84
84
79
95
96
94
93
88
85
82
93
90
84
86
86
86
92
86
86
91
89
93
87
91
91
88
96
78
78
80
78
80
76
78
81
80
76
82
79
79
79
74
75
82
83
82
75
82
82
85
78
75
81
77
77
77
70
80
81
77
83
81
83
80
79
91
78
78
76
74
68
74
77
70
93
74
66
68
77
78
76
87
68
76
76
69
68
67
69
69
71
69
69
71
123
150
187
159
159
138
127
126
108
87
88
74
85
74
192
207
199
97
65
75
74
78
85
87
89
88
83
91
76
71
66
57
66
61
65
60
62
67
63
67
65
68
74
74
63
62
70
69
63
66
61
59
59
59
61
63
54
61
59
55
54
53
57
63
65
70
70
60
60
61
55
67
66
66
61
65
75
71
67
72
70
73
72
70
74
77
78
60
64
65
50
49
50
61
64
82
84
87
85
79
75
79
67
63
73
73
92
87
87
87
80
83
87
87
85
83
72
76
80
73
75
82
82
81
81
78
71
80
80
69
71
71
84
70
71
78
77
77
78
81
75
71
82
79
85
76
79
80
84
81
84
88
85
85
88
85
81
83
85
80
86
85
77
76
75
79
87
84
82
94
78
89
95
198
189
182
111
76
91
86
80
74
83
86
81
83
80
84
86
90
91
83
87
85
83
87
82
89
91
85
94
85
82
85
87
80
89
95
97
94
93
91
93
89
82
87
85
84
82
86
90
89
84
81
82
91
97
86
91
82
87
86
81
93
92
88
85
92
88
84
91
88
84
88
92
88
97
87
85
100
88
91
93
93
93
96
87
85
78
70
76
73
72
68
71
70
69
76
74
78
90
89
90
87
90
105
102
94
93
95
94
93
97
92
98
100
91
100
92
93
95
91
93
93
101
94
83
90
84
86
83
88
90
93
79
91
89
84
75
84
82
85
88
89
84
85
86
85
86
87
87
86
87
86
85
98
96
100
96
91
86
90
89
88
91
87
85
91
98
79
95
96
93
91
85
86
92
93
88
85
80
78
81
89
86
82
77
76
77
75
81
76
76
77
75
77
81
72
75
75
82
82
78
75
76
82
82
81
83
68
73
75
75
82
76
85
85
86
80
86
81
78
75
84
76
83
89
79
72
74
75
75
74
80
72
78
68
69
75
65
66
72
76
74
69
67
107
100
131
126
151
160
167
190
185
169
173
183
167
153
195
203
200
146
178
179
153
144
171
163
159
153
156
145
84
59
70
67
73
67
66
67
72
66
72
76
76
73
76
70
67
68
65
65
63
61
57
57
59
55
57
60
48
58
58
56
59
50
64
68
69
62
66
60
60
64
56
65
67
62
63
68
68
76
74
73
76
82
80
77
80
82
82
82
76
67
63
45
54
55
67
82
85
90
84
76
69
62
52
58
71
65
86
72
85
90
81
73
86
84
82
91
78
82
80
75
70
76
88
83
82
88
73
84
82
77
77
74
82
73
76
73
75
79
79
80
73
67
73
77
80
80
74
79
84
77
80
79
86
84
81
81
75
77
83
81
81
90
85
77
78
86
85
79
85
89
78
82
101
196
183
186
102
84
89
86
79
76
79
86
76
83
95
91
87
87
83
84
91
79
80
88
83
88
87
86
88
87
83
84
88
82
83
88
98
100
88
94
92
91
90
80
82
82
83
82
85
84
76
77
82
89
87
78
86
81
78
76
72
87
87
96
91
83
89
88
96
91
84
93
96
79
94
90
93
99
93
91
91
96
95
110
94
87
85
75
76
78
81
85
90
88
87
85
87
87
94
86
91
88
89
104
95
86
94
95
89
88
87
82
89
88
91
95
89
87
96
94
97
93
91
92
80
92
89
79
87
85
88
92
83
88
83
85
85
80
82
85
94
92
84
89
81
83
84
87
84
84
88
83
90
94
93
93
102
90
91
92
89
86
87
92
86
89
91
85
99
92
96
95
85
83
89
89
85
86
82
85
93
90
89
83
81
73
72
77
76
75
74
78
79
76
84
76
82
78
75
80
77
75
79
82
80
77
82
74
72
75
75
84
74
83
83
86
84
91
83
80
81
83
79
87
87
83
81
78
70
76
72
73
72
73
66
70
75
63
73
76
79
76
70
69
85
69
139
144
167
160
156
144
162
161
144
162
145
142
141
160
176
134
179
192
171
180
188
204
196
189
187
172
114
96
88
76
73
75
73
76
80
72
83
85
80
75
74
68
71
74
74
64
63
64
62
71
59
61
64
62
55
73
60
57
61
58
67
68
73
63
60
63
64
69
63
66
68
69
68
69
67
77
77
73
77
84
80
82
86
83
86
84
84
71
71
66
67
70
77
81
80
85
78
77
74
58
64
69
78
75
84
77
90
90
88
77
91
88
84
89
81
83
79
79
68
71
92
87
86
80
80
84
75
84
83
80
85
76
73
73
74
78
82
79
70
67
73
75
74
76
71
78
79
73
86
73
82
74
75
77
69
78
78
81
84
88
84
72
73
83
78
74
87
87
83
83
100
196
182
186
97
85
84
80
75
81
80
82
82
85
85
86
90
87
85
81
84
82
82
85
88
81
81
83
87
85
79
85
85
82
78
87
92
93
87
98
87
88
91
84
83
87
83
75
82
82
80
80
88
87
83
79
89
81
73
81
77
84
85
93
97
86
89
88
85
89
83
88
94
87
93
92
90
90
91
89
89
90
87
99
97
91
90
81
76
81
88
92
93
95
95
89
86
85
90
91
92
87
85
97
90
83
91
89
86
88
87
86
83
81
86
86
85
85
96
93
97
95
86
82
90
93
92
83
88
85
86
92
90
83
79
81
84
82
82
84
95
95
85
90
82
81
78
83
84
83
85
80
90
90
87
85
97
89
91
92
92
87
88
95
87
88
84
90
94
83
95
97
84
92
85
90
87
85
86
87
106
97
94
86
85
77
70
79
75
74
73
72
77
72
80
82
79
84
77
90
84
77
81
78
77
75
76
81
77
78
77
85
74
76
77
83
87
83
82
84
83
82
79
86
89
86
81
80
74
75
76
76
74
72
71
77
71
72
83
77
82
81
81
77
79
71
150
153
147
127
111
91
107
107
89
88
88
90
95
108
115
103
119
136
145
156
154
193
189
193
199
193
172
157
121
86
78
83
78
78
78
84
91
84
78
83
73
73
75
79
81
78
70
70
73
77
68
63
67
63
65
83
68
63
64
64
71
74
73
67
66
73
75
79
79
76
72
76
72
72
75
80
81
76
76
81
75
82
82
80
83
77
81
75
77
78
76
84
83
84
84
79
75
77
83
79
79
81
88
91
84
88
91
88
91
85
91
88
83
87
80
80
78
78
73
80
94
81
87
77
89
87
83
85
88
87
91
84
75
83
82
78
76
77
76
75
75
73
70
68
71
69
75
70
78
72
76
73
74
75
68
71
75
79
80
78
76
73
69
68
70
71
82
83
77
76
97
199
180
189
96
76
78
76
70
78
75
74
80
82
82
81
85
84
85
81
77
81
78
82
90
79
82
83
86
84
82
83
83
82
76
84
82
81
87
92
87
87
89
82
79
88
84
80
81
84
87
84
85
88
87
86
90
83
79
85
84
88
82
90
91
83
88
83
77
85
79
86
96
93
87
91
82
87
87
89
88
87
85
83
93
90
85
83
81
88
88
92
87
91
92
88
83
77
88
94
94
86
81
89
87
86
86
84
87
88
94
97
80
82
81
81
86
94
95
87
91
93
88
83
95
89
93
88
88
89
85
91
85
82
77
75
77
88
79
80
90
91
84
86
87
84
77
78
83
81
82
89
88
87
83
83
85
86
85
93
89
84
89
93
85
88
84
87
94
87
92
90
81
99
86
96
92
84
88
82
106
106
98
89
84
85
81
79
82
77
74
77
72
72
75
82
79
83
84
95
95
86
80
75
79
75
77
80
81
79
78
84
73
71
78
78
81
76
81
85
82
83
78
83
86
87
79
84
85
79
78
85
81
76
77
83
75
85
85
77
86
90
93
86
83
74
115
118
99
92
80
83
84
82
77
69
76
71
90
85
72
90
87
93
113
115
119
142
156
169
181
181
187
156
130
85
87
84
77
78
75
84
89
81
78
85
78
79
77
80
76
83
74
73
83
73
80
64
69
68
67
79
71
71
68
64
83
82
75
72
77
79
80
88
93
88
77
77
75
79
81
83
85
82
79
84
80
82
77
74
80
76
72
78
79
77
77
83
86
88
91
76
75
79
86
95
85
85
91
94
84
86
85
81
91
88
84
79
79
86
75
76
80
76
80
94
95
78
85
78
89
90
93
89
91
90
90
90
90
90
86
79
72
79
85
87
77
72
68
65
72
65
75
69
68
76
78
76
75
78
75
65
72
76
74
73
71
74
71
59
67
72
73
73
73
70
100
205
179
190
93
72
75
77
67
70
69
69
71
76
85
81
81
77
81
81
78
78
73
79
83
83
85
85
79
83
85
79
81
82
78
79
77
76
82
83
85
87
89
78
76
82
82
85
81
83
85
83
81
89
91
90
87
85
85
83
84
88
82
84
86
79
84
80
78
78
75
82
90
89
80
91
82
87
83
88
87
87
88
82
88
88
81
86
85
94
90
91
86
86
86
87
86
74
89
90
92
85
80
83
87
90
83
82
86
84
90
91
79
84
79
78
88
99
89
89
87
87
88
92
90
87
90
85
89
86
83
83
71
83
73
75
77
87
74
76
88
83
84
83
86
87
82
81
79
82
89
100
88
81
86
85
82
80
81
86
79
80
82
90
85
86
86
88
103
98
91
86
77
97
90
97
94
80
84
80
94
99
91
84
84
93
97
84
86
85
81
94
80
82
83
82
95
83
82
83
91
94
80
78
86
78
79
82
81
79
81
84
78
76
83
83
74
77
82
81
78
82
81
79
78
86
84
91
91
86
79
91
84
84
81
82
83
88
84
82
90
94
92
91
86
76
89
94
92
90
82
82
76
82
71
73
81
75
86
82
76
81
75
76
81
92
94
86
116
125
126
126
132
105
105
74
90
80
78
83
79
74
81
82
81
76
86
76
75
77
73
71
69
73
85
74
80
73
77
77
65
78
74
76
74
70
91
82
85
77
82
76
76
91
94
90
81
76
79
83
80
82
82
85
85
92
88
84
80
72
82
75
71
80
77
83
74
77
88
84
86
74
74
85
83
90
87
84
85
88
88
76
83
77
88
84
80
72
74
79
70
72
81
77
80
96
90
87
83
71
83
87
88
91
90
91
88
91
100
85
81
80
82
85
84
91
81
72
67
64
73
71
75
72
78
84
85
74
74
79
82
74
71
75
80
80
72
71
74
69
71
73
71
70
82
74
109
209
183
184
85
81
78
79
63
67
69
69
69
74
74
78
82
73
81
77
79
81
75
74
73
79
82
83
73
82
79
78
81
77
77
78
79
78
74
79
78
82
84
79
81
80
76
78
79
78
80
82
83
87
90
89
83
82
82
79
78
78
82
71
89
82
80
81
76
74
71
75
75
83
78
88
87
81
81
80
86
84
85
92
86
92
83
88
85
92
93
89
88
82
83
87
90
78
88
88
90
87
84
86
91
85
88
83
88
81
83
81
80
85
82
79
82
89
80
90
85
90
91
91
89
91
81
83
82
75
75
75
67
80
75
81
77
77
72
77
89
87
82
84
79
80
80
81
83
94
97
94
87
84
90
91
90
81
85
78
76
84
89
87
89
85
92
89
95
95
90
91
83
101
93
94
87
80
83
84
94
91
83
79
86
91
101
90
87
94
93
100
95
93
91
77
98
89
79
79
73
87
83
87
92
87
81
83
80
83
84
85
88
84
86
91
79
72
82
76
81
87
83
80
78
81
88
89
90
82
88
89
84
91
85
80
79
89
88
86
89
88
89
93
84
81
83
80
81
83
79
84
74
81
72
69
88
82
79
75
78
85
77
70
73
78
84
78
93
95
103
102
96
101
90
83
86
78
81
85
84
79
78
75
78
74
82
66
76
80
69
64
69
73
75
78
79
78
79
80
71
85
91
86
82
81
81
82
91
81
75
82
75
85
84
89
83
76
85
79
80
78
80
83
89
95
78
77
77
73
80
73
74
79
77
83
72
75
82
78
82
79
79
78
77
84
82
89
80
84
89
75
88
88
80
76
77
68
68
71
68
71
73
78
77
91
86
84
75
68
82
86
88
86
87
93
94
92
91
83
87
85
92
87
82
86
82
76
69
65
73
66
72
77
82
91
86
80
80
75
85
79
75
81
84
82
82
79
78
78
81
74
79
79
79
75
115
211
182
184
77
87
86
78
63
73
71
71
72
69
72
73
76
73
86
69
70
77
75
69
72
73
77
80
76
83
74
77
81
68
68
71
75
79
72
77
76
77
77
78
76
78
73
74
74
78
84
84
78
80
79
86
75
77
76
72
74
73
76
72
78
78
82
75
74
84
75
80
76
68
79
76
89
77
83
76
82
87
84
93
84
88
83
86
82
82
85
83
80
77
83
87
92
85
89
88
87
90
85
90
85
87
84
76
81
83
83
73
78
75
87
84
89
89
75
83
79
93
80
87
98
80
83
86
77
76
75
77
76
75
80
76
74
82
74
79
90
85
84
89
83
75
83
92
80
88
91
89
94
100
88
99
93
87
81
85
86
85
86
86
89
85
102
101
93
89
88
89
93
98
96
103
94
82
92
102
89
104
73
79
83
82
90
89
95
97
101
98
98
91
86
76
78
87
78
79
79
79
91
89
83
89
95
83
78
83
82
88
80
89
90
92
79
76
76
81
90
90
86
86
82
88
79
86
87
87
81
75
88
89
86
81
86
96
85
87
83
86
88
84
85
84
76
81
83
80
78
84
79
77
79
75
88
85
82
78
77
85
76
71
72
75
77
79
80
95
92
92
91
92
87
87
78
86
87
89
86
78
85
77
72
77
78
66
73
84
74
59
67
74
80
81
83
82
74
81
88
87
82
91
87
81
88
76
76
76
72
80
71
76
79
75
76
76
74
84
77
75
84
86
88
91
79
78
71
70
75
66
71
77
76
82
76
77
82
79
82
91
83
76
78
80
76
93
81
80
85
83
87
83
74
76
72
65
66
69
74
69
73
74
71
86
83
80
81
74
79
80
79
79
85
73
85
91
85
83
73
85
87
85
84
93
85
85
86
77
76
72
85
89
84
90
94
89
86
84
88
75
83
78
83
74
88
90
83
83
85
79
81
77
72
82
117
214
178
179
86
82
87
73
70
71
85
79
81
72
80
70
71
74
80
64
67
70
79
74
69
81
82
77
75
82
78
78
79
72
64
64
66
73
75
71
69
75
70
84
67
76
74
72
64
80
70
75
74
71
71
80
74
73
68
76
76
72
70
70
69
75
77
74
77
82
88
85
81
70
82
88
86
83
77
89
79
82
80
75
83
85
85
88
70
73
75
74
77
71
84
88
89
89
88
78
80
86
85
81
78
94
84
74
85
82
83
86
78
89
88
83
101
76
82
81
83
87
84
99
85
80
73
79
83
81
83
87
81
90
83
79
75
87
93
80
83
81
85
72
83
77
86
92
82
88
96
94
84
89
93
102
86
74
87
94
94
90
89
82
87
87
91
95
101
97
92
87
78
94
105
95
100
94
85
85
82
83
79
79
73
79
84
92
104
91
95
94
85
94
84
71
91
72
75
82
76
74
84
86
95
85
82
81
80
79
81
89
71
94
85
80
79
88
75
76
87
73
85
83
96
85
79
90
96
92
83
83
99
93
91
85
95
84
89
88
89
86
93
87
87
75
68
83
81
78
88
72
78
87
87
82
85
83
78
81
83
83
80
72
71
90
80
86
87
92
88
89
88
85
89
94
94
90
81
93
73
71
84
84
87
88
67
70
82
93
86
67
82
79
77
75
79
88
84
93
85
75
78
92
100
77
83
78
72
70
73
77
68
76
91
78
73
93
80
95
72
72
76
82
82
78
86
83
84
76
65
66
77
74
75
74
79
80
73
70
80
88
77
75
78
87
69
74
79
82
80
78
92
85
81
76
68
75
72
71
70
74
82
84
80
76
75
83
81
80
68
81
79
75
76
70
71
79
89
97
77
88
86
80
86
77
84
86
86
91
97
88
93
85
86
78
101
90
95
84
82
82
81
80
92
89
81
79
79
80
83
75
79
84
88
81
120
205
177
181
69
76
73
67
80
76
73
74
76
74
82
68
72
76
66
75
76
78
79
68
67
71
67
67
87
87
78
87
70
75
72
64
63
76
77
66
71
70
68
84
66
78
81
65
68
67
76
72
80
80
63
78
74
78
76
70
69
68
65
71
76
72
68
72
82
79
83
82
78
84
71
79
76
71
75
81
73
80
79
85
89
80
82
81
72
76
73
77
75
76
74
84
84
82
74
67
73
77
79
88
89
89
92
93
79
82
85
86
90
86
84
98
87
75
88
91
80
78
84
77
66
76
75
76
80
81
88
86
84
75
79
78
79
82
84
91
84
73
87
80
86
90
80
90
87
92
92
91
94
99
89
87
92
94
95
96
99
94
81
87
87
91
87
87
85
85
94
89
79
96
98
97
108
82
101
99
95
85
94
88
91
82
94
91
98
99
90
85
83
95
79
81
77
76
87
89
80
68
74
77
89
90
82
99
87
80
86
94
99
91
92
91
82
86
86
79
82
77
89
97
93
95
97
88
89
86
89
86
90
98
90
81
95
88
84
82
83
87
94
89
83
90
81
82
83
86
93
84
86
88
88
93
89
84
88
84
92
76
79
85
72
78
94
82
82
80
77
87
86
85
92
95
81
97
78
91
85
80
80
76
82
83
69
80
87
80
77
83
79
82
89
71
88
89
83
86
72
79
91
84
88
79
75
81
70
72
74
70
71
78
89
81
81
65
81
83
75
84
73
80
79
71
86
82
75
81
74
74
76
71
79
78
78
80
74
81
70
79
83
79
77
80
78
79
78
75
75
87
87
88
90
75
73
72
82
90
81
74
88
81
78
75
86
86
82
72
72
79
77
79
71
80
82
78
79
90
82
88
91
85
87
76
85
90
86
85
89
95
93
84
78
95
92
87
91
100
101
88
79
85
90
90
79
84
88
86
87
82
89
91
83
76
130
209
179
171
77
91
77
76
73
79
74
79
86
76
80
80
80
78
76
75
77
68
67
68
74
76
79
76
83
81
77
75
72
63
68
64
65
71
65
70
69
73
73
71
79
73
71
68
67
70
87
69
73
84
73
76
71
70
74
73
66
69
67
69
68
68
72
78
79
76
90
89
82
81
74
83
76
75
73
74
77
80
77
81
85
85
79
85
88
80
76
72
75
79
75
76
83
80
76
83
74
72
72
88
84
81
87
89
85
84
84
85
90
87
86
90
81
85
90
90
85
75
78
85
75
78
75
75
78
81
86
87
83
87
79
74
83
78
81
90
85
79
86
85
83
89
92
95
86
90
90
93
89
87
92
99
97
84
96
94
91
86
94
88
86
86
86
85
89
95
95
96
90
99
87
91
99
91
99
98
94
97
99
98
104
96
98
90
95
95
93
97
88
91
94
88
87
94
97
93
87
84
86
82
87
93
94
94
91
91
97
107
100
97
94
96
99
101
98
96
93
96
104
106
98
95
105
95
99
96
88
87
87
86
88
85
85
85
84
79
81
95
90
91
87
92
96
93
87
91
86
87
87
92
88
93
85
85
86
91
86
88
87
88
80
88
91
85
84
84
78
87
92
88
87
86
85
90
89
93
84
84
88
84
86
80
83
89
84
85
89
85
80
87
88
80
88
86
82
86
84
89
84
79
77
86
86
76
75
83
80
79
87
80
79
85
99
79
90
82
78
77
73
83
80
68
84
80
75
71
78
76
74
73
82
87
75
76
75
80
77
69
80
79
80
67
68
72
73
72
65
79
85
88
87
79
85
82
81
84
83
76
87
82
82
86
83
85
85
87
89
81
77
71
74
81
74
72
77
84
86
81
89
83
81
80
85
86
86
84
83
96
93
93
87
92
89
87
84
95
100
89
85
86
82
86
83
81
85
78
83
85
89
87
95
84
132
207
179
173
65
90
82
81
75
74
84
84
89
92
72
82
84
84
73
78
68
71
71
78
75
78
81
80
80
85
80
79
70
75
74
68
69
78
65
67
71
81
71
78
68
70
63
75
79
71
79
69
68
75
72
73
73
65
72
72
69
72
68
77
70
68
75
77
67
72
86
76
90
81
81
81
87
72
82
79
77
81
79
83
83
89
86
83
87
79
77
76
67
75
78
73
72
75
88
87
78
73
73
92
87
76
82
80
87
77
80
89
84
78
84
89
83
86
94
88
89
88
88
85
91
100
83
77
83
79
80
75
78
87
81
79
86
85
84
76
77
86
83
90
87
92
89
84
92
88
90
93
94
91
95
90
93
94
87
87
93
88
101
91
86
87
93
87
95
93
87
94
93
93
83
89
94
93
87
92
86
90
90
95
95
91
94
100
96
102
94
97
97
95
99
93
92
95
92
98
98
95
97
90
90
98
95
96
94
90
101
105
89
104
95
95
102
102
96
94
100
107
107
98
99
94
99
99
101
98
97
87
83
89
93
93
89
88
89
85
92
84
90
90
90
92
92
86
91
99
82
82
91
88
85
85
87
88
86
85
89
84
87
84
85
88
95
89
89
81
83
80
92
91
83
86
83
84
88
90
79
80
88
84
87
80
88
88
82
88
94
88
79
90
86
81
87
88
80
88
93
85
76
76
79
84
88
75
79
89
81
73
92
84
86
83
88
87
90
81
81
82
78
77
82
79
78
82
73
78
82
67
69
73
79
83
74
70
70
74
74
69
71
72
76
78
77
74
74
68
71
74
78
81
81
84
79
81
81
82
83
82
81
85
84
85
80
90
90
90
90
88
85
73
79
80
77
68
78
82
88
83
85
84
83
87
87
86
86
88
81
89
95
90
88
89
86
83
81
81
90
92
89
85
88
86
81
88
84
84
80
91
85
89
100
89
145
202
173
154
86
95
86
88
84
81
88
87
86
91
85
86
85
89
81
90
75
79
67
69
77
72
82
76
71
81
83
76
76
75
73
77
70
77
79
72
75
84
76
81
79
78
78
77
78
83
95
83
74
78
68
73
72
69
73
68
67
74
71
76
69
70
74
73
74
77
87
81
80
78
82
80
86
83
83
80
80
78
82
104
76
84
79
84
84
79
75
76
75
75
84
74
75
83
87
84
78
73
74
91
90
83
78
74
86
78
86
87
82
80
80
86
86
86
93
90
90
93
89
86
103
94
87
80
91
81
78
87
83
77
93
90
91
85
82
72
74
87
84
90
89
89
87
88
94
84
92
91
92
98
94
85
86
90
87
90
95
91
97
91
90
95
94
86
93
90
86
82
91
92
85
87
87
88
84
85
85
84
83
88
89
89
96
92
91
99
92
89
99
99
98
98
96
97
95
102
101
98
97
93
101
94
97
98
99
99
100
105
93
103
96
90
99
103
96
91
99
96
98
90
95
98
94
91
105
98
102
91
84
90
97
96
97
88
92
93
92
80
88
83
84
81
82
81
88
88
84
83
98
84
81
88
97
85
93
94
97
88
93
90
91
91
91
90
89
84
91
81
90
91
86
90
87
83
88
90
79
80
79
81
86
83
90
80
79
87
86
91
92
90
84
79
86
89
81
88
89
77
78
75
76
75
80
81
79
87
74
77
85
84
93
90
84
82
83
80
83
82
80
78
76
85
81
88
78
81
81
71
75
73
76
80
75
70
71
74
66
76
74
75
74
86
80
78
77
75
72
75
74
77
73
83
77
79
80
77
92
86
77
84
80
85
79
86
84
83
91
84
78
76
76
81
75
77
82
81
84
95
84
87
80
87
82
83
82
85
83
85
82
81
77
88
90
84
79
87
82
94
87
82
86
87
77
92
86
86
82
86
88
90
91
80
158
209
175
147
93
93
88
87
88
85
87
88
87
90
86
85
87
94
86
91
87
82
70
75
86
77
84
76
78
79
87
79
83
74
78
81
81
78
78
80
79
87
78
81
86
77
85
85
88
84
97
86
78
89
77
76
69
68
69
71
71
73
72
76
72
76
75
69
80
78
78
80
77
82
80
81
82
81
84
80
76
72
75
90
84
84
77
84
83
80
73
78
83
80
82
78
82
90
82
82
81
79
81
95
91
92
84
82
88
88
89
87
87
83
87
90
89
89
91
92
89
90
89
88
99
89
97
88
95
90
89
102
89
78
98
97
97
87
83
86
84
89
87
100
96
85
90
97
94
90
94
92
92
96
88
87
88
80
85
87
87
92
88
85
89
93
92
89
86
86
86
82
88
97
91
88
83
86
88
84
87
89
88
90
87
90
93
84
93
91
89
98
96
99
98
98
100
105
100
102
100
97
94
97
104
92
100
98
97
101
97
106
99
100
95
90
98
98
97
96
96
94
92
90
93
96
98
91
106
97
101
98
89
88
99
93
101
92
95
95
81
82
81
78
75
71
77
77
83
76
85
84
101
85
76
82
91
88
88
93
98
89
96
96
94
93
95
93
89
92
90
84
86
85
90
88
87
83
86
84
79
75
76
80
84
85
85
75
80
85
78
87
96
90
84
83
86
86
84
83
85
83
85
79
77
75
82
86
85
87
75
78
80
84
90
90
85
81
79
84
86
81
78
77
76
87
81
90
80
77
78
79
80
77
78
76
73
78
78
74
68
75
77
78
73
86
79
78
78
76
68
78
76
77
74
77
78
75
80
72
89
83
76
86
81
87
87
82
80
79
87
72
71
78
74
79
78
89
81
79
83
91
84
87
76
79
74
76
81
87
78
83
74
82
84
85
91
83
77
89
82
91
84
80
83
84
82
93
90
86
85
80
93
90
90
74
160
201
182
150
86
92
87
86
88
87
88
93
91
90
89
85
89
92
89
92
91
85
80
80
89
82
81
79
88
82
89
87
89
78
82
84
91
78
74
84
86
91
80
89
83
79
82
84
90
82
89
83
81
89
83
81
72
62
65
68
68
71
69
75
76
80
77
77
79
78
79
77
79
80
76
79
80
76
79
75
73
69
70
71
82
85
81
82
81
77
74
80
86
86
78
80
80
88
81
84
81
84
92
100
101
99
97
94
99
95
88
91
91
90
101
97
99
91
87
94
89
93
93
92
93
99
105
95
94
95
99
104
95
88
96
96
99
96
95
102
97
93
95
114
103
92
93
100
96
96
98
96
96
91
87
89
90
76
78
78
73
84
81
72
78
83
91
88
81
81
83
88
85
97
89
91
85
81
89
86
84
89
95
89
85
86
86
84
90
87
87
104
93
97
96
97
102
103
99
100
97
94
95
98
100
94
98
101
95
98
94
102
96
95
94
95
96
91
94
100
93
100
95
94
93
92
97
94
102
97
98
99
93
87
101
94
96
95
92
89
75
80
74
75
66
63
70
73
76
76
87
80
95
86
79
71
75
87
85
85
92
90
95
96
94
93
100
93
87
93
84
82
84
79
87
85
85
82
85
79
80
73
76
84
88
84
76
77
81
81
75
81
89
85
82
83
85
82
81
80
79
85
87
86
87
83
89
89
91
89
80
75
86
85
85
85
83
82
78
88
87
80
80
75
80
84
76
84
75
77
79
82
78
79
80
74
70
81
84
72
75
76
74
78
75
83
79
76
76
77
72
78
77
75
80
75
76
73
80
77
80
80
80
87
82
89
87
80
81
78
77
69
73
77
73
68
81
88
78
75
82
80
81
84
74
76
76
76
81
89
75
81
81
90
96
84
89
81
80
84
81
85
81
79
81
84
87
88
89
84
84
82
89
91
97
77
161
189
188
149
81
93
87
88
91
89
91
99
94
90
99
90
90
88
92
93
92
84
85
79
83
79
75
78
85
84
86
87
88
82
82
83
88
81
86
83
91
93
85
91
83
86
83
82
87
89
84
83
85
84
80
83
82
67
73
64
58
76
71
75
82
81
81
86
79
80
86
75
77
75
71
76
74
77
75
69
69
71
72
69
74
82
80
76
77
71
79
85
82
86
79
78
76
82
79
81
78
83
93
100
111
102
105
101
110
96
96
97
95
101
108
101
111
98
87
98
95
100
98
97
99
105
98
96
93
91
100
103
99
98
98
95
95
98
105
103
98
99
101
116
101
99
94
101
97
92
99
97
98
89
92
90
86
81
78
74
67
70
81
63
68
73
87
79
79
81
79
87
85
92
83
93
90
81
87
85
81
84
90
82
84
82
87
85
79
87
86
92
88
93
91
97
99
92
92
96
89
93
96
94
95
93
93
101
96
98
96
97
92
92
94
101
95
88
93
97
96
101
100
98
90
95
90
91
97
97
94
95
96
91
102
100
98
99
84
81
78
73
73
71
66
59
68
77
70
77
86
78
88
81
88
74
70
76
89
87
87
90
94
98
95
96
91
90
85
84
83
75
78
79
82
90
87
81
88
79
81
79
75
89
94
81
71
84
79
78
75
79
82
77
80
78
80
79
80
82
69
75
86
87
96
90
90
88
89
88
80
83
87
86
82
89
79
79
79
87
81
78
84
80
81
79
75
77
74
83
86
88
78
76
78
76
74
77
81
73
80
83
72
82
79
78
82
74
74
83
82
73
72
71
78
76
76
77
80
82
78
81
85
85
83
84
75
77
79
77
72
76
76
76
71
59
77
79
79
74
79
81
81
82
75
83
84
86
81
84
83
83
86
92
91
87
90
80
84
85
76
82
80
80
80
87
84
82
85
79
85
87
83
93
93
82
176
198
191
146
79
91
90
88
93
86
93
101
93
91
98
93
94
90
93
90
90
78
85
77
79
78
73
75
77
86
83
80
85
84
82
79
81
85
94
85
88
94
93
86
87
88
89
90
92
98
84
89
85
88
82
82
88
80
84
73
64
84
80
80
90
86
86
87
90
83
85
75
76
75
70
74
66
74
74
69
68
74
73
72
75
76
76
69
77
74
81
86
74
81
82
78
76
77
74
77
77
80
83
96
97
95
103
104
105
100
109
103
101
100
109
106
111
117
100
101
104
98
103
94
104
102
93
96
97
89
101
103
90
101
95
100
92
88
98
97
94
98
96
107
99
89
94
101
94
89
95
85
96
92
91
89
91
97
82
74
73
70
82
73
67
66
78
78
82
88
78
89
88
88
96
95
90
100
89
85
83
90
78
88
86
91
87
84
88
87
87
82
83
88
93
95
89
92
87
91
81
91
93
91
92
89
89
93
89
93
94
95
97
101
98
101
102
88
98
96
101
105
101
98
94
100
96
97
94
94
90
96
98
99
98
100
119
116
84
82
75
65
78
77
79
75
82
87
72
72
80
87
90
76
91
83
76
80
82
87
86
82
92
102
97
99
85
91
82
79
79
68
65
82
83
93
89
78
80
76
81
86
81
85
92
78
75
88
80
75
77
84
76
78
84
77
74
80
89
83
68
81
87
82
95
89
91
84
88
90
86
90
73
86
84
91
78
83
85
90
74
82
79
86
87
81
76
78
78
86
91
88
83
78
76
76
86
77
71
76
85
82
74
86
80
75
83
75
73
77
85
74
73
68
69
76
82
75
80
76
72
85
84
87
89
75
73
76
79
76
75
76
76
76
75
68
80
78
75
80
81
82
81
80
78
83
85
88
86
87
85
85
79
82
87
88
89
77
80
81
73
78
75
79
78
82
83
84
84
80
90
91
86
94
86
81
193
212
192
146
82
91
86
88
88
83
88
96
86
89
88
92
95
92
89
92
83
78
87
66
81
82
79
80
78
88
83
78
85
84
81
83
84
80
84
93
84
90
99
91
86
87
87
96
92
96
84
91
84
95
93
83
84
82
81
86
84
86
85
88
97
95
87
90
108
88
88
81
82
76
76
73
68
67
63
74
75
74
69
74
69
76
80
75
84
85
78
74
77
84
86
80
80
75
72
79
78
83
76
80
80
81
78
88
94
102
100
99
96
88
108
104
100
108
110
100
109
101
98
95
99
107
110
95
105
96
99
98
96
95
92
98
100
95
99
101
99
89
100
101
99
88
93
95
88
94
90
80
93
97
88
87
98
91
77
75
80
77
77
85
61
72
77
70
88
94
82
86
88
83
96
89
84
100
89
89
86
86
89
95
91
98
86
88
91
78
89
84
84
87
94
99
94
97
91
84
85
81
88
95
96
83
90
94
80
93
83
91
97
100
102
99
100
99
90
95
98
92
109
96
99
98
106
108
93
92
90
92
112
98
93
111
129
116
90
81
81
79
83
82
84
89
92
81
82
82
81
92
86
82
87
93
89
89
89
86
88
93
93
94
87
82
82
92
86
85
78
72
79
86
87
81
84
85
82
94
84
100
85
77
89
86
75
81
90
84
87
85
95
82
83
72
74
86
86
85
93
88
84
80
93
87
86
91
92
98
88
93
82
93
90
89
97
88
89
92
88
82
88
90
87
86
88
90
82
84
87
84
84
89
75
74
87
85
84
81
73
76
81
81
76
80
73
74
74
74
82
74
82
76
71
79
84
73
76
91
73
79
76
80
84
82
73
76
79
75
77
72
75
74
74
80
83
71
76
81
76
77
77
78
74
84
78
85
84
82
79
77
78
79
83
82
81
76
71
73
61
61
62
66
69
74
82
79
84
90
85
93
91
94
97
77
190
210
190
137
84
87
77
80
81
73
73
72
79
89
83
84
86
88
82
86
89
86
79
76
81
81
89
91
95
81
80
81
81
77
86
79
76
84
84
96
85
86
97
87
89
91
92
91
96
84
85
90
87
89
89
97
88
83
76
81
83
81
93
96
92
101
92
92
99
88
91
94
82
81
82
74
71
67
68
75
72
71
76
71
72
79
86
94
85
90
89
82
90
93
87
75
80
84
76
76
80
84
71
78
83
68
80
72
87
95
90
81
95
94
92
96
94
96
117
97
100
98
111
103
97
103
106
109
87
91
100
104
108
99
97
95
93
93
102
100
97
90
99
102
98
90
92
91
93
94
87
88
88
83
88
93
81
88
81
84
79
92
92
97
79
87
85
85
86
80
85
90
88
86
86
94
93
87
91
89
99
97
85
90
99
97
96
104
87
88
90
86
89
85
88
97
90
97
96
88
92
89
97
89
93
95
90
80
86
87
87
99
96
91
100
95
106
96
87
92
92
91
101
94
93
90
93
101
97
91
101
82
97
91
95
111
100
103
97
92
86
92
104
85
78
87
91
79
89
82
90
88
78
87
98
85
98
87
98
101
94
87
97
85
75
85
72
92
77
90
79
81
89
87
106
72
92
95
96
102
94
100
88
81
91
97
108
111
93
91
81
86
102
88
85
86
84
114
93
92
86
87
87
79
81
90
102
94
92
97
91
116
85
86
99
98
97
93
96
90
89
88
82
90
92
88
90
86
88
80
82
93
93
85
84
88
95
83
79
82
85
79
78
85
75
79
79
76
73
68
78
76
80
76
70
76
78
85
75
77
77
77
81
82
80
95
82
76
75
74
76
67
77
75
69
75
79
76
81
75
65
67
76
80
76
89
81
84
81
73
80
81
83
75
77
78
81
76
74
94
161
172
158
140
136
121
100
87
76
60
63
66
60
74
86
48
190
211
199
108
61
59
52
55
72
51
56
59
69
63
67
88
90
91
98
84
83
84
80
96
82
83
90
85
85
83
84
87
75
69
78
80
88
78
90
90
91
87
82
90
87
97
89
87
91
91
92
92
84
89
89
92
81
89
81
82
84
88
92
92
88
88
92
101
80
74
83
91
83
89
81
82
88
83
95
88
83
75
83
74
89
73
84
96
87
79
81
90
90
99
79
74
78
78
82
84
82
80
70
72
87
74
85
71
82
80
89
80
99
97
94
92
95
98
101
97
93
87
101
109
96
106
110
94
83
110
96
90
107
104
101
109
110
94
99
103
109
85
84
95
96
103
93
89
86
79
85
95
83
84
86
91
90
81
89
87
82
83
100
95
95
90
88
82
95
102
94
94
87
96
95
95
92
114
93
95
91
101
85
98
95
92
92
91
104
101
94
103
93
101
90
93
95
95
101
95
91
95
97
92
100
89
86
90
93
87
83
87
94
87
85
90
93
94
97
86
86
89
99
94
95
97
94
85
92
95
93
90
92
91
101
111
87
95
94
101
92
89
91
83
91
98
79
78
83
80
84
90
85
87
91
91
92
101
96
99
101
81
88
89
82
82
84
82
73
84
94
86
79
77
86
86
105
92
85
92
95
89
115
94
85
90
97
104
102
92
87
105
101
99
96
97
98
96
105
99
87
90
90
79
92
88
101
95
97
97
88
102
93
89
93
93
97
101
92
89
91
87
88
89
88
85
83
87
82
78
77
96
90
93
90
88
84
86
88
81
81
81
84
83
78
76
82
78
79
84
79
77
73
78
75
88
75
80
77
87
78
68
82
74
75
68
82
75
72
78
72
72
73
67
72
69
75
70
74
68
74
75
74
77
77
82
69
82
78
71
77
77
75
69
69
77
84
81
74
102
149
175
196
193
195
182
187
187
182
190
164
141
128
102
100
103
195
198
181
173
150
153
151
170
179
181
194
197
199
199
158
93
92
93
93
86
81
80
84
91
97
87
85
87
98
94
81
86
75
81
72
77
85
85
90
82
86
87
79
87
89
88
79
84
87
89
94
89
84
84
84
87
85
84
80
89
91
91
91
95
92
90
95
93
91
80
81
92
92
96
84
86
90
91
94
93
87
88
88
92
106
92
88
92
85
97
83
83
86
103
88
82
76
71
98
79
76
78
84
87
84
83
99
79
89
97
99
94
93
94
88
93
99
102
93
92
89
89
97
99
106
109
110
95
97
99
100
101
107
92
102
110
101
101
97
111
98
94
99
98
97
97
92
83
92
85
91
90
84
83
87
99
107
88
77
88
88
92
94
89
101
100
110
101
97
95
92
97
101
101
98
92
87
98
102
103
98
100
89
99
97
99
92
103
112
93
95
96
94
85
89
89
84
91
90
88
84
99
88
86
95
97
94
94
96
91
80
81
81
83
85
92
97
94
97
89
94
102
94
98
84
87
91
84
87
86
87
89
79
85
90
89
80
83
94
87
82
76
86
84
89
89
80
79
77
87
88
87
88
90
90
90
97
98
92
89
92
95
81
87
90
96
99
88
78
79
92
82
95
89
86
87
98
95
83
89
84
93
98
102
91
85
87
98
108
95
91
102
97
109
109
95
100
94
103
107
93
90
91
83
99
96
105
95
97
94
108
95
95
89
94
92
96
98
94
94
92
87
91
91
90
92
86
92
91
88
87
84
92
90
89
96
95
84
96
87
88
91
80
78
83
83
79
82
88
95
80
88
88
91
86
85
83
82
92
85
84
80
81
76
77
75
87
73
69
71
79
77
73
73
75
78
82
78
84
71
73
82
79
76
83
73
71
77
81
77
67
68
69
72
69
79
79
81
70
87
100
130
143
159
171
146
178
188
190
197
201
217
218
209
205
209
223
217
185
227
225
204
206
167
166
152
137
132
124
114
141
92
80
92
82
83
79
86
84
86
86
89
91
88
88
97
84
90
84
80
78
79
77
81
87
87
85
83
78
68
86
82
76
87
80
80
85
79
86
83
87
85
84
71
78
84
81
88
83
89
92
92
90
87
89
80
89
90
87
86
88
91
92
94
85
80
85
92
96
83
92
88
82
79
85
82
86
89
92
91
80
74
78
82
100
79
72
80
93
95
95
99
94
90
96
109
88
100
98
100
93
95
99
96
97
93
100
98
95
101
107
107
102
96
103
108
102
96
110
106
105
107
104
112
92
104
96
95
94
92
97
91
96
98
98
92
91
97
86
90
97
104
92
93
90
106
104
104
92
105
104
101
105
96
89
88
93
90
95
97
96
104
101
98
107
100
99
95
96
98
91
95
102
101
105
97
99
98
100
94
90
89
81
90
89
80
84
88
87
93
91
94
93
87
92
84
90
86
86
88
85
100
98
93
90
89
92
104
87
94
85
86
94
81
82
83
81
84
81
80
85
90
88
72
78
80
90
78
93
92
91
82
85
83
85
91
85
89
87
86
89
88
86
97
87
86
89
90
84
86
84
90
99
87
80
87
89
98
88
89
85
85
99
94
91
91
88
102
92
98
92
83
95
94
95
99
104
92
93
93
105
94
101
93
90
99
91
94
88
97
98
89
105
103
98
91
112
108
102
97
98
94
98
107
96
93
87
98
95
86
90
98
103
90
89
89
95
97
97
103
96
100
105
101
95
89
95
97
87
80
82
84
80
82
84
92
88
95
91
87
94
83
81
83
89
81
79
85
79
80
79
85
82
77
80
74
72
82
81
85
85
78
86
85
85
82
79
84
83
78
81
78
78
78
80
76
64
68
65
66
70
77
78
83
81
84
86
104
108
135
160
152
199
185
193
159
191
188
176
169
180
149
165
185
156
191
174
164
182
162
178
185
165
153
156
105
119
99
83
67
70
78
70
73
82
84
86
86
92
83
93
89
83
87
82
76
82
82
89
82
79
86
83
81
85
72
83
78
76
82
79
76
78
74
87
80
94
84
83
79
79
78
83
84
83
91
83
84
84
91
95
84
80
80
83
79
85
85
87
89
94
80
85
91
92
85
83
81
80
76
89
82
85
89
84
85
90
80
79
99
93
83
85
89
95
97
105
114
84
91
108
98
86
92
90
99
93
94
93
89
98
89
94
97
94
99
114
108
112
103
102
115
98
97
106
102
100
106
100
94
88
95
96
96
96
95
98
91
95
98
100
97
91
100
97
100
103
106
89
99
98
113
107
100
98
107
107
108
100
93
90
85
88
93
94
90
93
100
102
96
99
99
98
91
101
101
94
93
100
96
98
100
97
104
108
98
96
94
96
97
91
89
97
89
96
96
90
93
93
87
90
83
94
89
96
95
88
99
99
95
92
93
95
100
85
94
87
89
93
78
80
79
78
80
74
81
82
80
79
71
72
71
76
81
90
91
90
85
80
82
84
83
81
82
85
80
84
86
78
92
87
87
88
85
88
93
80
88
103
84
85
89
91
100
91
88
89
80
89
92
89
91
89
92
93
98
93
92
96
92
90
100
104
93
97
96
101
96
100
99
90
95
83
97
88
100
94
92
97
104
99
94
104
113
98
97
102
98
104
107
99
93
94
97
101
98
93
99
109
94
91
101
96
97
107
104
100
110
105
112
98
91
96
105
96
87
83
90
82
81
82
83
87
91
95
85
93
80
83
83
82
79
79
84
80
84
85
87
81
81
81
77
76
85
85
86
82
88
86
86
80
78
77
81
82
79
82
73
83
85
79
76
76
77
66
69
85
78
78
78
84
83
80
90
95
111
131
119
160
147
150
126
142
141
127
124
143
116
124
143
131
142
136
126
143
131
135
148
147
136
159
130
125
148
137
134
100
89
69
66
79
80
90
85
92
85
96
88
86
82
82
83
87
94
89
85
83
89
87
80
93
78
84
83
78
79
84
76
78
82
88
85
88
84
80
84
82
79
83
82
80
86
79
82
82
91
87
81
80
76
76
73
76
77
80
77
81
77
81
85
86
81
83
82
82
79
79
82
85
88
86
82
90
88
82
98
86
84
88
90
91
98
103
110
90
99
113
96
94
91
94
101
94
96
97
97
101
90
92
92
94
99
111
107
114
110
105
108
97
102
96
89
93
98
87
70
88
88
90
99
99
99
92
90
92
91
94
96
94
100
99
98
100
100
93
108
96
104
101
94
99
99
106
110
102
95
93
85
84
91
92
85
87
92
101
98
96
99
97
97
98
102
95
94
91
94
95
101
91
102
104
101
99
96
107
100
97
98
104
98
101
96
95
93
94
92
92
85
91
94
95
97
96
95
98
103
99
100
95
87
90
97
89
93
91
78
83
80
82
85
75
79
79
71
75
80
71
66
69
85
79
88
89
83
78
78
85
78
77
74
78
77
80
86
80
85
88
91
91
84
93
96
82
86
94
84
93
89
95
96
88
89
91
80
79
87
90
90
86
84
86
92
90
92
93
92
90
100
98
104
106
100
100
94
95
100
88
94
86
95
91
96
98
102
96
101
98
96
104
110
98
98
99
100
106
105
99
92
102
100
102
109
100
104
104
103
99
112
97
99
109
104
101
106
105
110
103
103
98
108
97
89
91
89
83
83
83
79
83
84
95
86
88
85
89
80
82
79
86
83
80
88
87
84
80
82
77
80
75
82
85
85
79
88
86
84
82
79
77
85
83
81
86
71
86
91
86
82
86
83
75
78
93
83
76
76
78
80
79
87
88
90
105
97
108
109
105
99
105
105
102
105
109
102
101
111
107
101
116
105
115
110
93
103
111
107
114
115
106
126
125
143
107
96
76
73
81
77
87
87
88
84
91
90
88
82
78
85
85
98
85
85
83
85
84
84
90
79
81
85
80
80
86
81
81
82
83
87
83
82
78
83
87
81
83
79
81
79
76
85
84
86
77
81
79
74
76
71
70
70
74
68
67
76
86
77
81
79
78
83
80
74
72
80
83
89
87
80
86
87
80
86
83
83
83
82
85
102
101
100
105
108
117
104
102
100
105
103
100
102
106
107
105
100
101
93
99
100
102
105
106
104
106
100
99
101
92
89
98
89
85
67
93
90
89
100
101
91
86
93
95
87
91
95
101
100
94
89
89
94
94
108
94
98
94
90
93
106
102
109
104
95
94
92
92
90
88
85
88
90
101
102
98
95
98
105
95
99
90
90
83
92
90
97
89
95
92
103
100
97
107
99
102
101
104
104
102
99
104
97
92
96
94
91
90
98
89
99
101
97
101
109
104
103
96
89
97
99
91
95
89
86
89
85
86
96
85
83
79
75
79
85
74
73
82
84
79
90
87
82
81
75
87
81
80
72
76
83
80
86
86
83
88
88
91
87
96
91
84
86
78
81
92
86
93
91
79
88
89
87
82
82
88
88
83
84
81
83
85
86
90
90
88
96
96
106
109
96
95
92
93
97
87
93
100
97
101
95
103
100
100
98
96
102
108
109
101
101
97
102
104
103
97
94
104
112
103
104
105
108
106
107
101
110
103
100
107
108
99
97
103
101
103
111
106
103
96
95
96
84
88
90
88
82
84
81
90
85
83
85
87
77
80
77
81
82
79
86
82
76
79
83
79
82
71
78
82
84
81
84
88
82
85
84
77
88
84
82
83
81
87
92
95
88
81
83
82
85
94
88
78
80
77
76
84
87
82
80
96
94
87
93
89
90
89
85
89
89
80
79
81
94
86
84
96
89
96
99
86
87
91
94
86
87
83
86
84
95
91
96
85
84
82
81
83
85
81
84
82
88
88
81
73
80
86
93
84
82
79
83
80
85
87
79
77
81
80
77
83
81
80
75
78
83
84
78
74
83
84
74
83
75
80
81
82
85
82
81
78
81
80
73
76
72
71
71
78
67
68
74
88
68
70
85
72
78
78
72
71
77
78
90
82
76
80
82
74
74
79
76
80
82
82
104
103
102
112
110
121
101
102
105
104
105
106
106
107
106
107
106
104
98
104
98
100
107
105
98
103
102
99
95
91
97
102
88
98
85
102
98
97
100
103
85
89
97
100
93
105
100
104
99
93
90
84
91
95
98
94
95
94
88
91
117
94
107
101
93
95
100
100
93
90
92
97
95
99
103
97
97
100
105
89
98
94
89
86
92
89
89
87
93
83
98
102
99
104
99
102
106
108
108
104
102
110
104
95
99
95
102
94
96
90
100
99
99
112
108
103
105
102
107
102
100
91
99
92
97
93
91
92
106
92
93
87
86
80
88
83
88
96
79
87
95
88
89
83
80
88
84
86
76
86
90
89
85
90
85
88
84
83
92
91
86
80
87
77
79
83
82
86
90
79
84
87
90
85
84
80
86
81
80
84
80
82
86
86
86
85
91
96
96
103
98
91
94
95
96
93
93
106
103
107
95
100
87
103
100
99
107
102
107
99
101
97
103
103
98
94
94
108
116
106
94
102
111
107
102
94
104
108
94
105
103
95
95
94
91
100
106
111
100
99
109
100
90
99
95
97
91
87
82
89
86
81
78
80
76
78
75
68
81
78
79
74
73
78
83
84
82
76
80
79
84
83
85
89
77
81
86
79
85
82
78
76
87
85
87
97
91
76
82
84
88
96
90
80
84
85
75
87
83
78
80
88
87
86
85
88
94
82
83
84
77
73
68
69
85
80
84
85
79
82
85
87
76
81
84
88
82
81
93
90
89
94
91
88
87
77
88
86
78
80
84
80
85
84
79
73
78
91
93
85
83
79
88
79
82
90
79
77
77
76
74
77
75
76
72
79
79
81
74
72
83
73
67
81
76
76
85
88
81
76
79
80
78
83
71
70
72
75
79
83
70
74
69
80
69
63
90
75
73
77
80
75
76
74
87
82
73
75
82
76
72
74
73
83
82
81
101
102
104
105
109
113
92
100
97
97
111
110
102
104
104
101
98
98
99
103
98
109
106
106
107
107
107
99
93
90
103
89
96
105
105
103
99
101
102
99
96
95
97
99
106
115
97
97
101
94
97
92
89
97
95
99
89
98
97
99
102
86
95
96
98
102
101
93
90
93
96
99
101
100
104
92
108
99
101
81
106
106
100
98
105
100
88
83
95
86
91
98
98
103
103
102
108
107
111
108
101
101
103
102
100
94
107
101
90
99
95
96
99
113
107
98
110
109
108
108
99
98
104
104
97
100
102
104
104
94
99
101
94
82
99
98
102
98
85
88
98
94
97
85
92
95
88
85
81
93
89
102
91
85
89
87
89
75
86
81
83
74
81
86
84
86
82
83
93
89
86
86
82
80
90
81
85
80
78
80
83
83
85
85
83
85
93
95
93
96
101
94
97
95
94
98
95
95
99
98
95
96
85
106
105
106
100
89
101
97
105
98
98
99
94
94
90
110
101
99
91
99
114
92
94
90
98
106
93
97
86
89
93
87
85
99
100
107
102
104
111
109
105
103
95
100
96
87
85
97
91
83
80
82
77
83
80
69
83
80
79
75
79
77
81
85
83
80
87
86
87
87
82
87
76
76
89
91
84
79
80
74
81
81
81
90
90
85
84
88
91
95
90
81
87
91
80
83
78
75
79
80
91
86
82
87
87
85
85
79
77
81
71
67
76
79
73
84
77
75
82
77
76
83
77
82
78
66
85
94
103
105
81
86
82
77
86
82
77
84
77
87
88
79
83
80
79
90
95
87
90
82
80
74
80
85
79
78
73
70
79
72
75
74
67
80
80
73
71
74
75
70
73
75
80
80
76
78
76
75
82
71
77
74
69
72
74
79
80
73
74
78
72
77
79
72
85
81
76
75
78
85
82
72
81
90
83
80
87
90
82
76
84
86
75
77
104
101
91
105
98
117
105
102
90
91
108
112
102
103
100
88
93
101
110
101
106
110
112
102
106
108
101
101
93
97
115
100
105
107
105
93
94
100
97
102
101
89
98
101
98
99
92
99
101
102
90
86
96
95
96
113
103
99
99
104
95
93
95
99
103
104
103
93
92
101
102
101
99
106
102
89
100
101
100
105
110
103
98
102
109
98
89
96
99
107
90
95
97
109
118
101
102
96
103
102
98
98
103
98
95
102
100
98
98
90
97
102
106
104
103
99
113
112
105
107
103
111
100
101
92
120
107
92
102
94
103
110
102
97
101
107
102
92
93
104
113
99
106
100
101
103
95
88
85
87
89
91
99
85
90
89
93
69
76
83
79
74
75
82
82
96
83
78
76
90
92
84
82
102
83
79
80
80
79
74
91
88
85
80
96
92
90
90
94
92
95
97
105
95
97
102
100
96
97
100
96
110
100
95
97
100
103
94
102
99
106
108
93
95
96
108
94
100
83
88
92
100
92
86
87
85
83
96
91
91
91
89
90
91
86
87
101
110
104
108
97
104
107
93
101
105
82
95
95
106
97
90
86
94
80
87
81
76
86
90
84
93
72
83
84
86
86
87
92
93
86
93
83
92
85
85
89
86
82
79
90
83
86
83
87
95
93
90
88
91
89
97
88
88
91
85
86
86
79
79
72
84
84
81
91
83
87
99
84
74
79
78
75
75
77
76
75
78
82
79
84
73
80
77
78
82
91
76
85
86
85
95
79
87
80
85
78
69
79
81
74
84
81
79
86
86
83
86
83
79
84
68
70
70
68
76
78
77
69
72
90
77
67
73
65
81
79
73
70
75
70
79
76
70
77
77
81
81
79
76
84
71
80
81
73
85
82
81
79
70
76
83
85
85
78
75
80
86
81
80
75
87
89
85
81
93
98
86
80
86
84
78
85
88
88
83
92
104
97
98
102
107
95
97
102
96
99
94
94
94
92
87
85
100
88
82
97
103
97
88
94
108
103
98
92
102
96
102
97
99
107
89
103
100
97
100
106
90
86
93
91
94
96
97
91
97
101
93
96
97
116
105
106
100
94
104
98
105
119
93
104
90
93
98
86
99
93
102
100
105
88
98
93
94
91
97
98
97
100
103
96
106
100
94
98
115
93
102
104
114
84
99
92
85
92
101
99
95
103
107
107
116
101
94
106
105
110
106
105
110
95
109
112
104
105
102
99
106
103
104
104
101
93
104
108
93
99
105
95
98
102
98
90
92
94
104
110
100
98
103
99
109
100
89
89
90
82
82
94
89
86
85
79
74
78
71
83
79
69
90
70
90
94
94
85
90
84
73
75
88
83
87
93
85
90
89
91
74
92
85
98
95
92
96
102
99
95
93
97
101
97
101
102
96
107
100
97
107
98
108
92
97
103
108
84
101
99
103
92
94
88
102
114
100
102
96
93
103
100
85
93
85
96
93
90
101
81
91
100
96
96
83
87
102
104
97
103
96
102
97
88
99
100
97
108
113
103
96
89
92
92
87
98
93
100
88
88
107
78
99
91
87
85
92
93
94
90
83
110
98
92
89
92
100
86
90
89
86
86
84
94
93
88
80
79
83
81
88
87
92
91
89
80
88
80
88
86
87
81
90
84
82
86
85
82
87
89
87
81
80
85
77
78
79
83
82
91
87
79
80
87
89
90
80
82
81
85
86
88
84
89
85
84
86
82
88
80
73
82
81
78
62
67
72
89
72
73
63
61
66
60
77
70
66
69
68
65
75
69
78
68
63
70
77
71
73
67
79
72
75
76
69
71
69
82
75
74
73
75
81
77
80
82
79
78
80
79
83
92
91
89
80
85
89
81
82
78
75
90
86
77
80
87
82
80
85
83
83
85
89
90
92
95
105
104
103
94
90
79
86
97
106
83
86
96
95
113
93
93
97
98
101
99
102
107
96
95
118
99
95
97
102
100
109
99
102
108
107
108
107
100
99
93
92
96
120
102
93
95
94
87
89
104
101
99
96
109
106
110
110
107
112
103
102
110
112
97
82
85
89
93
97
92
98
98
94
82
94
89
98
94
93
91
95
100
89
90
86
88
91
102
97
92
99
94
102
94
103
100
101
106
95
101
98
101
93
125
114
107
113
108
106
109
112
104
103
115
107
101
110
102
101
99
100
100
101
99
105
95
95
101
98
101
94
80
84
100
111
92
91
94
97
92
98
92
111
104
110
103
97
110
99
89
88
87
84
85
88
89
92
93
95
94
82
97
103
81
94
95
93
92
93
95
89
87
95
85
94
90
92
93
93
91
86
86
85
86
101
109
96
100
93
91
90
92
96
98
99
100
109
99
95
91
96
99
94
100
99
93
103
103
95
91
100
104
98
101
104
101
100
110
98
100
105
103
82
91
92
102
104
115
94
88
101
97
104
91
94
92
98
98
95
99
98
98
92
94
101
105
99
117
109
100
104
101
95
88
87
108
81
108
104
84
101
104
93
97
86
65
91
85
94
102
113
105
98
94
94
92
89
90
88
84
91
84
83
85
90
95
86
83
80
89
87
96
92
89
97
82
82
83
87
95
81
76
99
87
85
82
87
84
93
91
81
77
92
89
86
95
88
88
93
90
96
84
91
96
87
84
94
86
93
90
89
84
88
96
93
83
89
89
94
86
69
88
77
76
64
78
64
67
78
72
73
66
64
72
79
74
66
68
65
72
77
73
81
78
82
71
80
72
77
74
76
78
75
82
81
78
79
79
82
82
79
80
84
84
81
86
82
77
78
76
67
83
86
80
83
87
84
90
91
85
84
84
79
73
81
80
86
75
78
82
78
75
81
84
82
98
95
102
105
101
92
85
94
92
93
82
84
95
93
104
90
103
95
103
91
99
98
97
106
93
108
106
105
107
94
99
101
103
106
104
109
106
101
101
107
101
105
103
109
95
93
97
99
100
101
102
98
97
104
102
99
102
107
102
95
97
102
95
99
94
92
86
94
96
86
87
92
96
100
96
94
91
91
98
66
79
89
87
78
80
73
77
82
82
100
90
90
91
82
91
88
95
102
86
86
87
89
92
84
102
115
114
103
100
99
102
105
102
103
109
102
101
109
104
105
99
102
99
103
100
103
99
93
106
101
93
101
84
83
88
96
100
85
90
86
84
84
95
118
100
99
93
86
100
103
92
97
95
93
96
93
93
102
93
97
94
95
112
97
106
103
101
100
97
95
102
93
100
98
88
90
93
87
90
92
91
94
92
110
94
95
99
88
105
102
101
94
93
90
83
96
105
99
96
97
103
108
101
97
100
97
98
102
93
94
93
96
107
120
109
118
104
106
107
101
104
100
118
91
93
93
99
98
99
94
101
103
104
94
99
107
102
105
102
108
97
95
83
101
97
104
110
114
106
115
107
107
104
101
94
97
104
105
115
108
95
100
100
100
107
99
78
88
94
104
95
108
97
91
92
93
83
90
89
76
78
91
83
87
87
89
91
80
81
73
84
84
90
88
83
86
90
85
85
91
85
78
83
92
88
80
74
82
81
87
90
92
88
91
91
88
88
101
94
91
89
93
86
89
89
86
93
85
83
91
87
88
89
89
93
93
82
83
90
92
92
81
91
82
77
74
88
75
68
79
80
80
72
74
80
84
92
78
76
75
87
76
76
82
91
86
80
85
77
82
87
86
83
82
87
84
87
80
80
85
71
80
79
79
82
79
83
76
72
73
75
73
85
81
71
76
80
82
77
79
84
90
74
75
77
77
56
92
81
78
82
80
75
76
79
75
98
103
101
107
105
100
98
86
85
84
85
85
86
103
98
92
104
100
102
90
101
96
96
105
95
110
107
108
103
106
101
96
102
94
88
106
102
98
96
110
96
103
101
91
101
108
102
107
107
97
109
101
99
97
104
104
103
103
114
85
93
101
96
90
101
97
78
83
96
87
89
99
99
101
89
101
103
100
95
74
85
83
75
83
81
75
75
78
81
84
87
85
85
81
80
82
86
91
77
81
88
88
87
87
97
102
106
114
105
95
103
102
106
103
102
100
100
98
97
98
99
98
101
104
100
103
101
97
101
97
95
96
86
89
86
94
111
86
84
83
83
84
99
106
101
99
92
85
97
96
89
97
93
94
89
103
95
91
89
86
90
96
102
99
106
108
107
101
98
98
104
102
101
98
92
92
91
96
100
90
89
93
96
103
94
93
93
93
100
103
102
87
85
92
94
100
100
98
98
95
96
105
110
91
93
100
108
97
97
104
92
101
102
113
114
107
108
96
110
109
103
97
111
91
93
94
91
108
99
91
95
95
98
99
99
101
104
94
101
101
99
106
99
103
101
102
109
111
105
104
105
111
104
96
100
103
101
120
111
103
103
95
107
106
107
101
91
93
90
92
97
103
101
87
91
94
98
73
72
84
79
86
99
84
90
92
88
83
84
77
84
85
95
87
87
90
93
92
89
92
83
81
96
99
91
89
87
90
86
92
91
89
89
88
85
92
88
96
88
92
84
93
94
84
90
88
94
79
79
87
90
88
87
90
89
94
87
90
90
88
89
90
86
88
89
83
87
94
85
93
95
84
85
85
89
95
91
96
90
85
83
87
88
83
87
94
79
87
87
86
80
87
86
85
85
83
87
82
86
84
79
77
73
80
79
82
83
77
71
78
74
79
82
81
79
73
79
81
85
78
76
84
80
79
77
83
65
83
77
85
82
78
75
72
79
84
101
104
100
103
93
97
93
82
87
88
83
99
102
108
100
99
104
100
94
95
103
103
104
106
110
103
100
97
98
102
101
95
87
84
86
103
93
95
97
104
95
102
102
89
94
110
97
106
104
94
103
99
105
102
102
106
101
106
114
90
99
100
97
96
107
99
86
87
86
87
90
99
93
90
91
105
105
103
94
92
94
90
79
89
91
80
82
83
81
74
91
84
82
86
81
89
87
84
76
85
92
89
91
96
102
99
106
112
111
96
101
105
102
101
99
98
94
92
94
91
101
98
101
102
101
102
101
99
90
96
94
96
93
92
95
98
109
97
89
84
88
97
106
107
107
108
94
91
97
96
91
99
93
88
89
97
92
91
93
91
89
94
96
97
99
99
101
94
104
99
93
96
98
98
89
92
91
103
104
98
90
92
97
91
91
90
87
101
94
99
99
90
93
98
102
105
100
99
98
96
95
99
112
99
98
101
105
90
95
104
96
102
93
98
108
105
104
90
113
106
104
100
99
93
91
89
90
104
97
84
83
89
92
98
100
99
102
94
96
93
101
113
112
107
106
100
104
106
103
100
97
104
98
89
96
102
95
106
111
104
107
96
107
113
109
105
97
98
88
91
99
99
96
94
102
95
104
91
66
85
90
91
108
94
90
94
90
88
87
89
88
95
96
94
92
96
93
92
94
95
92
84
99
103
98
96
92
96
82
89
86
85
89
93
85
93
89
92
90
97
90
94
92
88
92
92
90
84
85
85
89
89
95
95
87
90
91
99
93
89
91
98
85
85
95
92
89
98
94
102
95
87
94
91
95
101
96
101
100
99
92
92
101
92
90
101
85
86
90
95
85
84
89
100
88
87
87
86
90
90
90
75
74
85
86
84
84
76
77
79
77
79
80
78
73
69
79
79
85
80
83
84
81
80
79
81
78
81
76
84
75
81
79
73
79
78
99
98
97
96
89
93
91
88
99
102
93
105
109
106
100
104
105
101
100
104
104
106
108
117
122
112
101
94
107
98
101
96
84
85
91
103
85
94
99
101
103
102
104
101
92
112
99
106
103
100
96
106
108
108
104
105
101
107
110
104
101
99
100
108
106
102
102
95
85
85
85
92
88
84
97
104
103
104
102
107
102
105
96
92
92
88
96
90
90
83
100
89
82
81
84
99
96
84
85
88
92
100
97
100
100
100
107
113
111
97
97
106
99
109
104
96
93
92
90
95
102
96
97
97
97
97
93
95
88
95
94
93
94
90
97
104
98
93
100
92
93
101
107
111
114
108
102
94
93
97
100
97
107
95
87
97
92
100
98
98
92
95
95
89
96
90
92
93
99
103
88
89
95
97
90
93
95
99
104
102
96
94
94
85
90
94
87
104
90
96
96
91
95
103
100
104
105
98
95
95
97
94
103
103
99
97
99
86
86
99
95
98
95
94
102
106
100
90
102
98
100
102
98
91
90
92
96
98
97
88
83
85
89
90
94
103
104
96
93
100
104
109
110
107
102
98
98
99
100
98
95
96
90
86
93
99
90
95
108
98
101
104
110
117
112
107
100
93
91
97
99
102
101
95
103
95
101
112
81
94
106
97
95
99
96
99
95
92
91
94
97
106
96
106
101
103
90
97
100
101
97
91
97
103
105
99
94
94
87
88
87
89
96
99
91
95
90
92
94
93
91
96
85
93
93
93
90
89
89
83
84
86
96
96
87
89
90
96
98
92
95
98
93
97
95
97
94
91
94
100
92
76
95
92
92
99
101
96
98
102
103
94
100
99
95
100
92
86
89
96
93
94
84
99
89
91
90
90
91
93
91
82
81
90
87
87
86
77
82
87
82
82
84
80
77
75
84
76
83
87
89
84
82
81
81
83
85
85
88
84
68
77
80
79
84
79
98
97
98
102
94
96
94
96
109
107
104
98
105
103
101
102
103
106
107
98
109
102
107
122
112
122
109
98
109
106
100
102
95
95
97
98
88
100
99
102
111
102
103
108
102
110
103
108
105
101
101
115
111
106
108
106
105
105
102
103
99
91
107
109
103
105
105
94
89
88
86
92
92
97
99
101
99
98
102
110
105
107
108
96
90
95
100
93
93
94
97
94
90
80
88
101
99
86
94
91
95
99
99
94
94
95
100
105
106
93
94
99
89
106
107
92
93
92
89
95
89
92
91
90
86
94
87
90
92
94
96
92
92
91
92
104
91
93
102
99
101
99
104
110
117
103
108
92
89
101
105
99
110
105
90
104
96
102
104
96
95
97
95
93
93
92
89
86
93
105
95
93
97
95
94
95
95
91
101
97
102
96
93
77
88
98
86
103
91
94
93
95
91
102
97
100
104
99
96
91
98
93
91
110
96
93
97
84
83
93
96
97
103
97
98
99
97
89
92
97
98
102
101
85
89
96
98
97
93
96
92
87
91
93
91
103
103
95
92
105
103
108
100
101
96
99
100
89
97
97
95
97
87
86
88
92
88
87
94
97
93
105
109
110
108
105
103
94
94
95
100
106
106
96
101
100
99
108
96
101
109
105
93
100
101
100
95
95
93
93
101
105
98
103
99
110
95
100
106
101
104
108
94
100
104
102
97
90
95
94
94
96
98
96
90
94
95
88
95
88
87
91
82
89
91
94
100
93
89
86
81
83
88
88
87
90
85
93
100
92
93
92
97
114
98
96
90
84
90
97
97
76
86
88
84
97
105
91
92
98
102
96
95
97
98
98
91
87
91
93
94
95
89
94
88
95
97
98
94
93
91
99
85
91
87
94
90
83
84
95
88
85
87
86
90
86
92
85
87
93
87
89
88
85
81
86
88
88
100
89
78
79
80
87
88
89
107
100
102
112
100
102
95
102
112
102
104
97
112
102
113
97
104
115
106
90
115
96
113
115
95
112
109
100
99
106
91
103
102
100
97
87
94
103
102
104
109
98
97
100
107
103
101
106
103
95
106
108
108
101
104
106
106
104
95
90
97
86
112
101
104
104
100
93
96
98
97
98
97
105
94
101
97
88
95
104
102
95
102
101
96
98
97
95
90
93
91
95
97
90
97
100
99
91
96
95
97
86
98
91
90
87
88
90
96
89
94
92
81
89
97
87
89
95
92
90
78
88
89
88
80
95
89
90
96
92
97
99
96
97
92
100
94
104
96
101
107
98
100
109
111
99
104
88
91
103
100
102
98
99
99
106
101
100
106
93
98
98
94
104
94
101
93
82
99
100
98
101
102
94
94
94
91
91
95
93
102
97
98
80
86
96
89
102
95
91
93
101
88
98
97
95
94
97
97
91
100
95
90
109
97
92
97
83
88
91
100
95
101
97
95
94
96
86
94
101
97
98
98
87
91
95
96
99
92
99
97
93
97
101
98
98
97
94
93
101
97
110
96
97
94
100
104
85
96
95
94
99
92
90
85
84
84
77
87
101
91
101
103
103
101
102
105
105
97
92
101
101
103
103
104
106
97
97
104
100
102
109
99
100
98
92
93
96
90
93
99
98
96
91
89
105
99
91
107
95
109
117
96
91
96
99
99
89
94
93
96
98
89
87
82
87
93
81
90
83
84
82
84
78
86
95
104
96
92
91
86
84
85
82
88
90
82
102
100
92
90
94
99
111
106
99
87
83
91
97
96
90
78
84
82
99
109
90
92
98
95
93
95
94
100
98
90
90
95
93
96
91
101
101
94
95
106
104
97
98
95
106
89
91
89
97
94
87
89
94
93
88
87
89
95
88
95
94
89
90
86
92
91
89
85
84
90
90
100
93
95
88
87
92
88
95
117
104
107
104
110
109
96
109
115
104
104
105
117
104
123
101
112
122
108
108
115
96
128
111
98
100
101
102
104
95
83
100
100
94
92
83
97
97
107
100
100
86
88
91
101
104
102
98
102
95
97
91
94
97
94
97
106
106
102
94
96
95
108
104
105
98
104
100
107
105
104
104
95
93
92
106
94
87
93
103
102
92
89
99
98
95
101
97
97
87
100
95
94
96
105
103
102
99
94
93
94
86
97
96
89
83
84
92
86
95
94
92
91
87
87
87
85
104
89
95
87
88
90
92
89
96
89
94
97
91
99
99
96
104
98
99
102
101
94
103
104
100
97
106
102
96
95
90
102
98
99
97
95
91
99
104
102
107
95
96
106
97
89
103
109
103
100
96
103
94
92
96
101
98
92
97
91
100
92
96
96
99
99
102
94
95
94
98
95
91
99
93
89
99
92
89
87
91
91
94
104
99
97
87
97
91
92
86
87
92
99
87
88
93
92
94
97
85
95
103
88
91
95
100
98
98
95
105
106
105
96
99
99
97
102
96
93
97
96
104
94
98
95
97
94
97
99
98
99
92
100
95
99
98
91
83
80
79
106
92
90
101
105
103
97
101
105
109
100
100
101
96
102
106
104
105
93
102
113
100
98
96
91
98
92
87
97
94
86
88
94
94
89
89
91
95
93
86
105
96
99
97
99
83
89
89
94
85
90
85
87
96
84
80
76
80
75
75
76
74
78
82
86
69
82
86
87
92
94
86
89
83
89
86
88
91
84
102
96
90
92
99
101
96
107
106
101
91
95
98
78
85
83
85
89
103
108
97
97
107
98
91
95
97
100
98
97
97
99
92
108
111
99
105
101
88
107
102
99
104
99
94
101
88
85
95
98
89
95
90
93
88
85
85
90
80
87
81
85
83
90
76
87
89
93
80
89
94
90
88
92
86
98
93
87
93
120
112
116
103
103
103
103
111
111
113
105
105
99
115
112
101
114
114
109
123
105
111
120
110
105
106
97
105
115
112
113
116
99
97
96
93
104
105
93
84
95
87
88
94
107
101
104
93
106
102
95
94
90
92
89
88
114
115
104
104
103
106
93
101
103
96
99
99
108
98
103
102
93
105
101
118
91
81
82
92
96
89
85
87
87
77
96
95
94
91
92
89
95
105
101
96
96
97
92
94
100
97
94
94
97
86
97
93
93
104
89
88
89
90
98
87
92
95
82
104
92
91
87
98
99
100
92
97
92
106
108
96
96
106
98
104
101
91
91
100
104
103
101
96
100
102
93
98
112
95
105
93
100
102
92
91
94
106
92
97
111
105
102
94
105
100
88
96
90
99
94
91
100
95
96
99
93
107
95
95
95
94
85
87
109
98
83
91
97
98
100
85
100
91
94
87
85
110
78
95
105
98
86
95
93
88
88
83
87
94
96
81
83
86
90
91
88
88
94
98
91
87
101
108
106
99
96
113
101
100
91
102
103
103
103
97
88
98
101
95
101
87
95
97
100
106
97
108
97
98
97
95
102
110
92
88
84
100
119
90
84
101
103
95
103
98
106
103
97
101
98
104
100
101
113
110
101
105
103
93
88
92
105
95
87
90
98
89
86
88
89
79
89
90
95
104
98
99
117
100
90
88
80
83
87
78
82
78
88
88
73
87
86
77
73
75
68
69
70
68
64
82
82
64
83
80
75
84
85
84
83
81
87
85
85
94
85
76
83
82
87
82
93
97
96
100
101
89
92
101
87
79
91
92
100
108
106
109
98
117
106
100
94
97
99
100
98
96
98
100
116
126
95
102
104
89
100
109
97
106
101
110
102
84
85
98
105
88
88
84
88
83
73
78
80
77
83
76
77
81
85
72
86
87
86
78
85
93
86
76
81
82
93
90
88
88
126
107
106
111
109
108
126
101
110
118
108
103
102
111
112
116
119
122
122
118
107
112
125
115
106
103
111
113
108
108
110
97
98
101
107
94
104
102
92
118
90
89
91
91
91
92
97
110
102
84
92
94
89
82
98
92
105
119
113
111
94
107
105
87
111
90
100
98
102
115
102
98
95
106
95
94
98
79
88
81
80
85
80
81
97
84
97
102
85
94
104
88
96
111
94
103
92
103
95
103
105
97
93
91
89
88
99
91
97
88
90
91
92
89
100
96
95
90
103
101
100
103
110
100
93
101
95
103
86
93
98
96
104
99
97
106
99
109
100
101
111
107
98
91
92
96
98
103
103
100
93
94
113
108
93
91
100
93
100
98
105
104
121
91
99
95
96
105
97
108
100
88
92
102
103
94
91
93
104
99
95
91
87
85
106
96
92
86
102
103
96
100
94
88
88
90
89
107
87
91
90
103
101
96
90
95
91
94
81
94
92
86
76
84
87
82
77
89
95
98
103
99
93
107
107
99
100
99
99
101
94
96
92
100
103
96
86
99
98
94
103
101
93
86
98
99
99
114
104
98
106
107
96
109
86
85
96
96
91
98
96
91
99
98
107
102
99
108
109
101
91
105
92
101
105
99
102
103
92
86
78
99
89
87
88
85
91
90
96
84
89
69
94
84
88
102
102
76
117
93
82
101
70
74
82
71
81
87
92
84
82
75
78
70
73
71
77
63
73
60
66
69
58
66
76
84
82
82
81
83
91
89
79
77
76
81
87
78
76
73
79
84
99
98
104
96
105
97
93
102
108
101
95
95
96
97
96
98
100
103
96
97
89
93
91
99
100
95
100
107
109
106
104
102
100
103
103
103
99
103
99
112
102
91
90
88
88
87
84
86
86
92
78
76
76
71
76
83
79
73
77
93
84
85
81
73
80
90
77
68
78
75
78
84
91
85
118
110
107
117
110
129
123
107
111
110
116
113
106
114
119
94
125
119
125
109
110
118
126
109
112
97
117
109
111
122
94
104
100
99
118
93
108
96
120
122
93
99
94
92
85
93
117
112
91
82
91
89
103
100
86
96
103
101
105
107
93
105
104
93
114
105
111
101
112
95
103
108
95
99
95
98
116
105
94
87
101
88
90
83
91
105
110
100
99
90
116
100
114
103
110
111
91
95
117
110
100
113
107
105
88
85
89
91
91
88
90
91
90
112
95
92
98
93
92
93
96
105
100
94
97
90
99
99
101
107
97
106
112
94
105
98
97
100
101
93
102
101
100
99
96
102
98
98
87
90
97
101
95
91
89
77
80
95
105
84
97
117
114
105
112
110
116
109
93
96
91
92
97
106
104
101
107
88
95
98
97
100
85
90
98
95
98
80
89
84
88
92
92
93
86
87
83
88
86
91
87
106
105
81
90
96
84
88
71
86
90
88
85
84
80
80
85
84
83
93
100
95
97
99
104
108
91
95
99
104
102
98
105
98
91
100
93
102
89
96
100
101
105
99
98
96
94
98
111
96
96
90
99
105
103
92
103
94
76
94
90
92
106
97
97
97
98
102
99
101
98
109
109
103
96
105
100
105
102
94
92
97
93
95
91
97
106
101
93
91
82
93
96
93
91
94
101
119
96
95
82
94
90
74
78
81
96
105
87
85
89
72
82
80
88
80
80
77
78
64
77
75
58
65
74
82
80
83
80
93
95
94
88
92
88
76
74
74
70
70
85
85
89
87
102
89
90
85
89
94
83
90
87
87
96
93
96
97
92
90
80
85
94
92
100
99
96
93
99
98
116
112
111
94
98
102
101
89
99
100
99
97
89
82
88
92
81
86
86
96
95
92
70
78
90
86
87
82
88
75
74
82
86
84
90
86
96
89
84
73
70
78
80
82
87
80
115
104
108
112
133
112
116
107
108
108
115
119
98
108
112
99
122
115
119
106
109
108
114
109
104
105
117
116
136
105
110
131
114
112
112
106
117
114
127
98
101
107
96
101
120
108
120
112
116
108
100
101
101
106
86
94
102
97
106
120
97
99
98
106
107
104
109
112
107
98
115
104
102
107
90
124
125
110
93
94
109
105
99
95
105
115
113
112
114
119
104
108
121
114
110
117
95
91
117
112
95
108
96
93
88
91
83
89
94
88
99
84
102
111
91
97
99
107
96
101
99
102
98
117
94
101
94
92
93
93
95
103
98
95
102
99
108
97
101
105
106
110
98
102
95
102
97
91
86
84
86
80
81
86
88
92
94
88
102
91
94
115
93
108
118
121
117
105
88
97
94
93
96
102
105
96
96
91
88
97
103
100
85
80
93
98
88
81
86
94
86
94
89
98
94
103
96
97
90
93
97
91
91
89
91
88
86
92
77
86
87
81
88
82
80
81
83
88
78
84
87
89
95
86
101
101
85
90
99
92
99
94
104
96
98
97
102
98
97
103
106
108
106
104
105
102
103
99
95
94
90
91
89
102
94
94
103
90
83
89
90
94
92
91
83
86
91
90
92
96
89
94
100
95
91
93
100
98
98
86
91
91
97
92
91
98
98
106
100
89
87
97
90
97
98
92
93
114
95
88
91
93
83
75
84
85
87
100
88
86
87
69
83
83
80
80
79
82
81
87
87
91
85
76
80
91
76
89
82
91
102
87
97
104
96
92
83
74
86
79
86
96
82
93
99
91
87
86
84
90
85
88
81
93
93
86
93
91
86
89
81
77
91
85
98
97
90
88
96
99
114
100
100
90
94
95
93
101
100
99
95
93
99
95
89
100
98
93
93
105
101
93
75
82
82
85
87
91
90
84
76
87
82
74
86
87
81
85
84
82
73
84
88
84
81
80
89
101
109
104
132
113
108
102
106
112
107
110
101
104
110
111
121
117
113
112
115
106
116
109
93
108
119
113
120
99
122
123
115
115
123
113
118
116
118
103
109
104
106
111
135
116
115
114
122
128
117
110
104
107
105
96
107
108
110
123
109
110
104
122
100
107
108
125
106
110
116
113
108
106
103
122
118
125
108
102
118
123
101
101
113
120
114
133
116
130
109
115
119
107
101
119
108
97
109
106
103
106
112
100
99
96
87
91
93
109
103
86
113
98
100
95
108
114
104
102
104
105
112
121
106
102
101
101
95
96
107
101
89
90
93
100
102
94
87
94
108
107
94
104
92
101
102
102
83
79
87
78
83
75
79
75
81
87
100
95
106
107
97
103
109
107
108
99
86
95
95
98
95
94
98
95
94
98
90
90
100
95
95
90
93
99
94
93
91
96
87
101
102
106
104
102
95
94
99
95
94
91
102
91
95
95
94
104
82
84
81
78
95
90
84
82
87
82
80
77
85
84
88
97
113
103
92
94
96
95
102
91
90
92
100
102
106
99
103
102
99
110
100
101
102
104
111
99
95
94
94
96
93
103
101
102
102
102
89
90
92
93
90
91
83
90
94
89
85
90
86
90
88
83
91
95
91
92
94
81
85
91
90
88
91
100
100
100
95
86
90
86
93
100
100
97
92
96
108
97
93
91
88
85
81
82
87
82
75
74
75
58
75
73
71
77
83
83
81
88
83
89
96
90
90
94
90
91
89
93
102
103
88
96
99
93
95
87
91
86
98
93
85
101
97
94
87
88
94
91
84
81
80
96
91
100
98
83
83
91
89
83
87
84
88
94
95
91
99
100
101
97
102
93
93
86
91
99
96
97
92
99
97
94
97
93
101
105
100
101
109
92
87
96
84
85
86
94
94
89
91
92
88
88
86
91
92
95
88
88
89
91
89
89
84
85
87
105
113
109
116
108
111
107
100
103
102
99
104
108
105
113
124
124
119
109
115
110
119
115
118
108
118
116
112
109
113
113
105
115
122
116
111
113
109
103
119
108
108
115
132
107
110
116
120
125
135
115
106
110
104
105
107
115
112
115
119
112
111
121
94
115
121
122
111
117
121
117
111
112
113
111
104
117
107
114
120
124
107
104
120
115
123
120
117
128
111
110
123
106
100
117
118
106
99
97
109
110
128
110
110
94
100
101
97
113
101
100
107
101
105
99
114
104
112
109
106
112
119
112
107
100
106
108
94
98
113
95
86
86
88
98
97
94
95
99
102
97
91
94
95
98
106
99
85
86
82
82
86
80
90
68
71
84
81
86
110
99
107
104
105
96
112
104
106
86
96
99
90
83
95
92
87
92
89
93
102
95
92
107
110
95
96
107
88
100
94
106
104
104
107
101
97
91
102
101
96
99
96
90
97
108
100
94
84
84
80
84
98
101
77
80
84
83
84
79
86
79
81
96
104
103
100
92
97
95
104
93
91
95
96
103
115
101
99
97
94
111
96
97
100
95
99
104
102
85
94
103
97
106
108
98
94
94
90
95
88
95
90
95
90
88
90
83
87
91
102
91
88
78
90
93
101
95
89
83
86
89
86
77
82
88
92
98
98
83
88
87
97
101
98
98
91
94
103
98
95
93
92
93
82
81
83
73
79
75
73
62
67
66
68
72
79
84
78
82
79
79
96
96
98
90
98
95
87
87
89
100
95
92
101
90
92
94
88
85
99
93
91
95
92
91
88
89
99
96
86
89
88
97
98
101
99
83
89
89
91
88
84
89
86
90
107
91
93
92
96
99
102
95
91
87
96
96
88
90
90
100
89
89
93
99
94
100
103
101
104
96
101
101
95
88
93
96
99
97
98
91
99
99
92
92
95
96
90
90
93
93
90
90
86
80
97
106
109
104
107
102
104
103
98
93
99
97
99
99
100
111
113
120
121
110
109
111
114
116
120
118
116
111
110
115
116
108
107
118
121
117
103
116
108
111
115
107
106
110
118
106
119
117
111
128
140
111
110
116
104
111
104
114
115
119
132
109
110
108
101
129
126
114
107
124
123
119
116
123
112
105
104
109
109
116
114
119
110
111
118
107
123
115
122
117
114
112
123
105
98
113
117
108
105
98
119
111
121
113
112
97
104
111
104
113
107
109
105
102
107
103
99
95
105
113
108
105
110
102
104
97
103
105
97
105
115
100
95
91
87
98
106
96
95
109
102
93
90
89
95
99
100
95
95
89
86
91
89
83
97
76
78
78
76
87
107
104
99
95
105
95
106
104
110
95
98
98
93
88
95
90
87
90
88
91
111
98
95
109
110
97
89
109
95
99
90
101
100
106
109
99
100
97
104
100
91
104
83
97
99
98
94
88
83
88
86
93
95
101
80
79
84
89
85
84
91
78
84
96
98
103
92
91
99
96
98
94
94
105
93
107
108
102
99
91
84
96
98
93
95
92
90
108
103
86
89
98
89
102
104
98
92
97
99
93
82
91
91
94
94
89
85
86
93
93
103
89
100
74
84
86
94
95
80
81
83
80
79
72
77
83
78
96
90
82
87
92
84
96
97
94
91
95
96
94
93
94
90
92
85
74
84
72
82
77
76
73
70
73
67
66
69
81
75
76
79
77
89
87
96
90
95
96
93
91
88
93
100
94
96
95
94
94
94
87
96
90
87
90
90
94
88
90
91
94
94
88
93
99
100
96
103
88
96
91
88
88
88
94
99
89
104
95
87
85
94
103
94
92
91
94
94
93
84
88
85
99
90
83
88
98
90
92
96
96
96
96
103
102
101
90
95
95
96
103
97
87
99
100
93
91
88
86
82
83
89
94
88
94
90
78
103
101
104
93
104
103
99
103
97
90
92
98
97
90
95
106
103
113
117
108
105
110
110
108
112
131
120
110
101
111
134
107
115
114
119
110
102
116
115
110
105
106
105
109
109
112
120
113
103
134
133
108
113
111
110
109
104
114
121
121
127
111
107
113
115
133
120
109
106
121
123
115
116
123
105
106
114
108
116
110
108
114
106
110
114
106
111
117
125
103
107
108
116
102
98
110
110
110
111
102
121
109
114
112
102
100
102
108
106
110
111
103
103
100
101
102
97
93
106
105
113
98
112
118
102
97
99
106
109
106
107
108
106
97
91
100
112
99
93
103
97
97
88
87
89
102
89
91
95
90
97
99
90
78
93
89
86
77
86
92
96
116
92
95
100
96
100
102
101
100
91
95
97
102
88
85
93
96
89
90
109
102
108
101
100
108
96
102
101
97
91
104
98
112
114
104
98
103
106
97
102
102
77
107
98
86
84
91
80
87
98
95
93
95
91
84
93
98
89
93
92
86
88
100
103
103
87
89
97
98
94
94
95
110
95
106
97
104
97
85
81
86
94
91
91
95
86
103
97
87
84
87
84
94
96
99
92
100
96
90
81
86
93
97
92
90
84
94
90
89
91
88
102
82
76
82
87
91
77
76
78
77
73
70
75
81
72
87
83
80
86
95
79
91
97
97
96
92
94
91
90
93
88
88
89
77
96
78
80
78
82
82
75
78
72
74
72
72
79
75
78
80
90
83
89
90
89
92
98
95
94
90
96
93
90
94
96
93
97
90
92
90
90
93
93
93
87
90
89
92
99
81
93
99
94
95
106
93
95
94
93
90
91
92
101
91
94
97
89
92
93
98
91
91
95
98
93
90
87
90
90
94
88
79
87
92
94
93
86
89
92
90
95
100
97
91
91
95
95
101
95
85
93
96
94
93
88
89
84
78
85
91
88
96
91
87
105
101
107
97
98
100
97
104
91
92
86
99
101
93
102
100
107
113
115
101
104
110
109
102
115
129
119
116
99
109
131
106
120
109
113
106
106
116
119
98
103
108
106
111
113
115
104
101
100
126
122
108
111
102
115
104
112
120
128
113
112
117
111
127
114
117
112
107
111
112
126
103
112
112
100
112
113
114
120
108
108
109
102
102
108
108
105
111
126
105
99
97
108
103
105
105
108
110
108
100
109
109
116
106
92
102
103
101
104
105
108
96
96
100
93
104
113
95
117
95
113
107
122
140
102
103
97
105
114
102
100
108
111
102
100
100
106
102
101
96
93
100
94
87
88
106
89
91
92
97
100
101
94
77
91
98
92
89
91
87
84
115
91
103
93
96
99
105
96
101
90
93
97
105
84
85
100
103
92
97
101
104
116
100
101
113
110
102
99
100
101
111
96
114
115
113
100
104
107
98
119
104
89
107
97
93
85
92
78
86
105
93
100
94
99
91
99
103
103
100
89
93
92
108
105
102
92
91
93
98
96
97
95
104
96
101
90
105
92
83
85
88
87
99
92
94
87
94
93
86
82
89
89
90
90
94
88
88
86
90
82
87
87
105
85
89
85
95
86
90
90
92
89
90
80
83
96
92
81
74
83
81
71
71
78
80
77
78
83
79
86
98
89
87
95
98
98
92
93
88
85
92
93
85
91
85
100
87
82
81
85
86
81
79
83
87
85
69
83
78
77
85
89
86
82
85
87
89
90
88
88
88
89
88
90
87
90
92
92
89
89
96
99
97
94
85
84
84
96
90
96
89
96
99
91
96
100
97
92
94
97
94
89
89
94
94
95
94
98
102
101
90
92
93
98
97
99
90
90
93
101
90
87
84
87
84
98
98
84
87
92
88
89
91
91
89
88
93
96
96
91
88
89
94
96
97
100
99
94
86
85
92
93
96
91
94
108
104
113
113
92
94
90
94
85
96
88
102
98
94
117
97
110
119
117
101
99
109
107
104
110
112
106
113
109
113
102
103
121
110
112
110
103
118
111
98
103
103
108
109
116
109
94
89
98
114
112
104
108
109
108
99
118
120
125
112
110
124
116
124
95
97
108
108
110
111
121
97
108
98
104
112
105
121
118
110
112
106
106
112
94
107
111
107
126
112
105
97
101
105
109
100
109
102
106
99
105
109
113
98
95
103
106
102
97
108
106
97
94
101
99
110
113
99
106
103
105
115
113
123
100
109
94
95
99
101
105
104
109
113
109
101
99
106
105
108
105
98
110
94
93
109
99
98
104
99
93
96
100
84
101
102
101
95
85
78
82
98
81
96
92
96
92
104
94
111
104
93
102
100
94
98
104
103
98
103
100
102
111
107
105
107
106
110
99
102
102
102
95
115
106
116
109
102
110
104
114
111
111
99
102
101
96
91
81
92
100
94
104
101
102
97
96
102
118
98
91
91
100
116
103
98
95
100
93
99
102
101
92
98
98
102
84
105
94
87
88
87
85
110
99
95
96
91
95
94
83
98
91
88
85
87
83
78
91
88
84
93
79
102
80
91
87
88
94
100
100
96
85
81
94
88
101
97
84
80
99
85
74
83
92
90
87
84
81
82
88
99
93
83
90
86
92
97
96
87
84
95
99
80
89
80
87
93
90
87
89
86
88
89
88
83
89
82
79
80
83
88
76
84
79
80
88
90
84
82
80
92
83
81
92
90
85
90
91
85
86
98
95
94
86
83
81
83
94
83
92
105
100
103
96
96
90
102
95
91
89
91
92
94
100
95
98
97
103
100
112
93
88
93
97
94
104
91
93
95
99
90
92
92
84
78
95
96
88
89
90
93
89
81
90
82
90
87
94
95
89
91
86
91
93
100
106
93
88
98
90
101
98
99
93
93
105
88
103
102
97
110
100
97
88
97
90
100
85
91
107
95
104
117
125
106
99
101
100
97
96
104
109
98
98
101
99
102
114
103
118
104
92
101
101
98
97
95
102
112
108
87
91
96
91
110
108
94
115
122
92
94
111
109
106
114
106
120
106
118
99
108
104
97
110
110
94
106
104
90
109
100
116
119
109
118
126
101
114
138
89
111
116
110
114
95
100
100
96
101
101
100
103
101
101
113
112
104
106
107
103
94
99
100
89
105
102
99
102
100
106
110
106
95
89
112
106
107
104
95
95
108
97
96
90
94
98
99
99
113
113
102
97
104
108
107
99
103
113
101
92
98
97
99
105
89
88
94
99
83
106
106
102
71
74
85
79
90
86
94
88
90
94
98
105
99
98
100
106
104
104
104
93
97
97
99
104
99
96
95
94
102
100
104
96
99
95
96
99
115
108
114
106
97
108
111
115
103
109
102
100
103
103
106
95
88
95
96
85
96
104
104
93
107
112
94
100
102
101
117
112
96
106
105
99
100
105
95
94
91
102
100
94
104
99
87
100
94
82
103
106
97
103
89
93
101
89
90
87
85
81
84
88
87
89
82
90
95
88
88
85
96
91
87
99
94
95
96
100
86
96
93
95
97
87
99
106
95
90
94
105
102
96
90
89
80
83
96
97
87
88
89
93
98
103
93
97
99
97
82
93
81
82
100
92
90
97
91
90
96
82
82
86
98
91
84
86
85
78
88
78
83
91
88
87
87
87
91
81
76
90
92
79
86
94
78
76
87
92
90
76
81
90
95
86
90
90
92
103
101
96
100
95
99
91
81
84
88
89
94
99
90
92
100
96
101
101
97
92
86
94
96
100
94
94
95
96
82
88
82
86
89
94
93
93
89
87
98
86
79
90
83
88
91
102
95
90
86
89
88
88
95
105
86
87
91
93
95
106
97
99
97
89
84
83
78
92
90
93
82
87
96
83
90
91
90
98
97
95
99
90
100
112
101
92
75
86
97
101
89
97
88
92
107
100
104
115
111
93
92
94
96
98
100
99
109
93
93
87
107
105
106
115
107
111
114
108
100
121
105
109
108
112
111
94
99
107
114
98
103
117
110
100
109
112
104
99
104
103
103
118
130
110
101
102
124
120
120
122
117
112
120
113
104
94
97
93
100
100
105
104
112
94
95
90
108
98
101
87
83
97
106
105
104
97
89
105
108
115
101
95
99
109
111
109
103
93
96
96
99
93
99
98
91
101
108
94
102
93
98
105
96
93
100
102
101
95
95
87
91
98
95
85
98
107
98
98
97
101
91
96
106
94
88
95
87
93
98
95
98
105
90
91
96
92
89
105
92
88
96
89
84
88
92
90
95
104
94
95
92
80
90
92
94
117
119
99
100
102
97
103
109
99
96
109
102
96
108
100
98
116
91
93
102
98
96
100
97
90
99
107
107
99
104
93
110
99
94
92
99
108
100
101
97
95
97
108
104
102
106
108
100
98
108
104
93
110
102
106
87
88
99
92
101
86
83
78
86
97
87
90
92
97
100
94
96
92
94
90
95
99
91
101
101
94
108
87
89
91
103
98
95
99
101
102
106
103
107
91
93
101
89
90
95
101
101
89
89
95
79
96
98
98
96
105
94
103
93
89
111
108
93
91
96
94
87
86
95
97
89
100
88
88
83
78
95
91
92
98
82
82
88
92
81
91
82
85
87
78
77
87
92
74
91
98
93
83
85
84
90
92
100
90
96
95
88
78
89
98
93
92
89
85
87
78
99
103
93
86
96
96
98
95
84
104
97
87
84
82
96
95
83
94
89
83
83
90
86
90
88
90
88
95
107
88
92
87
86
90
84
104
96
87
82
84
85
90
102
100
89
88
77
91
86
107
98
101
98
109
84
71
53
94
91
87
114
184
103
87
89
88
90
103
81
82
87
184
164
91
115
114
109
111
120
114
108
95
99
100
92
83
98
112
121
112
102
91
77
112
105
118
134
197
228
248
255
255
245
132
145
241
112
62
134
118
94
79
73
126
83
122
120
113
103
139
129
117
113
120
129
114
106
93
118
98
104
107
138
163
139
120
80
91
84
72
95
222
126
156
243
232
246
167
74
165
100
97
88
101
136
212
249
140
196
159
117
152
244
132
94
180
114
47
90
141
78
113
235
217
159
233
98
167
176
138
71
200
210
93
101
166
77
188
94
147
131
70
86
100
120
97
121
139
117
105
89
90
98
106
113
90
118
84
74
76
74
192
160
88
90
93
149
136
112
118
130
94
93
149
145
80
102
70
78
68
100
85
94
105
108
105
90
89
84
98
107
82
105
127
144
225
111
146
56
130
198
246
148
205
236
234
235
234
238
240
240
241
242
243
242
244
248
249
247
245
245
245
241
238
237
238
237
237
237
235
234
234
234
235
235
235
236
235
235
235
234
235
234
232
232
232
233
232
232
232
233
232
233
234
234
233
232
232
232
232
233
231
232
230
231
236
227
151
180
180
93
111
107
196
254
152
136
134
109
131
251
150
182
241
161
215
224
227
202
122
110
215
241
139
105
92
95
169
148
141
113
123
97
116
113
71
167
148
100
115
163
154
112
98
88
94
95
66
47
152
244
132
130
221
222
252
231
228
233
233
239
214
166
90
94
92
93
103
92
98
100
109
76
60
60
67
74
76
77
89
78
101
232
136
46
120
77
103
93
143
192
91
88
81
113
84
50
130
120
110
63
76
66
75
100
99
82
159
217
210
246
192
208
231
226
220
214
65
55
61
211
211
128
127
108
74
104
84
198
138
145
199
196
87
221
242
176
146
105
166
123
90
93
107
108
75
76
209
237
101
81
115
163
85
95
148
123
139
83
77
91
87
84
90
135
115
164
146
145
131
112
103
126
101
113
98
92
95
109
92
92
101
95
93
99
103
122
138
125
104
89
102
99
93
153
142
161
190
163
121
107
107
139
103
82
101
111
100
150
132
199
194
196
188
103
127
125
125
114
127
115
116
109
165
112
77
86
109
106
125
112
115
103
91
105
91
188
250
155
201
235
232
237
205
135
223
124
90
121
207
190
210
141
216
150
151
210
150
133
82
106
193
134
100
104
170
95
202
185
209
178
228
115
169
199
206
107
176
133
149
150
134
107
113
80
119
156
67
94
99
105
105
105
98
121
108
111
127
110
106
87
84
99
97
116
73
76
224
213
102
113
116
114
85
114
126
121
118
82
74
68
84
77
58
75
62
136
97
85
97
100
95
114
100
95
99
89
110
77
179
126
144
225
225
178
157
235
232
171
238
235
237
235
236
237
240
240
241
242
243
243
245
249
248
247
245
245
244
241
238
237
237
235
236
236
234
233
233
233
234
234
234
235
234
234
234
233
234
234
233
232
233
233
233
233
232
233
232
232
233
233
233
233
233
233
233
234
233
231
235
236
240
209
197
221
196
147
133
97
147
242
141
142
131
104
209
223
173
195
187
183
249
223
161
166
108
144
161
201
180
108
81
192
186
174
112
81
82
89
110
125
142
146
95
90
158
111
89
92
90
198
68
94
84
68
70
244
162
82
208
121
229
245
242
231
226
223
227
235
182
118
106
78
163
136
76
103
99
81
72
98
87
89
78
88
106
103
131
252
138
70
114
115
107
136
93
175
52
49
68
90
75
72
203
132
94
74
55
65
75
100
94
129
222
216
245
209
197
238
245
237
242
198
150
170
218
158
84
69
71
71
116
171
190
227
142
204
196
242
210
176
213
184
111
122
71
97
88
84
85
95
79
175
205
169
104
90
99
180
182
128
115
83
115
132
107
96
81
105
135
107
121
162
94
99
109
102
94
112
98
111
108
101
91
90
97
104
95
84
98
97
124
169
141
148
130
87
100
99
90
192
148
115
119
127
124
162
174
222
187
112
171
156
210
165
100
234
242
207
215
179
130
124
103
83
108
110
102
105
147
99
77
95
108
94
125
119
106
115
126
89
102
204
159
165
212
238
233
230
242
192
214
151
97
149
122
105
156
183
245
191
140
125
133
165
125
111
109
122
171
140
140
104
130
232
209
154
217
131
124
157
233
130
152
120
162
89
102
92
85
99
83
110
71
98
119
95
91
87
81
106
107
101
118
106
120
91
98
105
112
105
92
91
181
224
123
142
126
111
85
115
104
94
106
77
67
74
82
59
57
73
90
89
94
89
84
102
104
97
87
77
80
72
80
85
206
177
173
251
230
209
137
169
134
203
241
232
236
234
236
239
240
240
241
242
243
244
246
247
246
246
244
244
244
240
238
236
236
234
235
235
235
234
233
233
233
233
233
234
233
233
233
232
232
233
232
232
233
233
233
233
233
233
233
233
233
233
233
234
234
234
234
234
234
234
234
234
240
231
171
160
136
130
114
93
120
119
96
113
120
156
176
105
234
224
222
229
182
187
174
119
96
146
168
175
203
137
102
184
126
155
125
207
134
93
107
97
91
110
88
111
115
83
103
126
89
105
70
97
91
75
110
165
210
173
172
120
117
149
179
233
228
236
234
242
177
116
114
91
164
141
68
112
84
77
71
94
112
101
76
110
93
179
99
130
118
198
102
104
103
90
89
143
55
63
73
78
85
172
205
97
57
81
60
76
79
60
188
225
228
213
238
174
230
239
190
218
225
115
116
221
217
204
141
62
60
83
205
236
243
200
186
187
217
233
195
119
212
235
159
90
71
76
86
81
60
85
124
185
113
135
102
107
99
123
141
161
104
76
121
195
111
92
76
146
147
93
116
119
102
123
120
88
84
99
94
113
127
108
87
92
102
98
82
81
99
110
147
137
119
141
124
121
112
101
129
199
142
114
97
147
144
140
194
249
202
155
167
138
211
87
123
235
243
224
204
144
104
158
130
77
102
109
92
97
104
81
77
83
90
99
134
129
95
105
123
103
96
130
174
216
206
240
232
234
238
210
198
218
103
104
94
97
141
145
167
226
157
136
173
180
205
148
93
150
212
114
88
87
155
195
200
122
191
137
98
150
180
104
138
195
146
67
167
105
100
130
110
95
89
95
113
86
81
94
79
91
95
109
97
88
107
113
104
103
96
93
85
73
132
173
119
123
135
115
106
100
84
96
97
78
84
81
76
112
78
72
104
142
98
106
105
102
93
109
88
76
78
78
91
153
229
232
222
252
197
141
142
138
128
179
240
233
236
236
237
241
241
240
242
243
244
244
245
245
245
244
243
243
242
240
238
237
236
234
234
234
235
234
233
232
233
233
233
233
232
233
232
232
232
232
232
231
232
232
232
232
233
233
233
233
234
233
234
234
235
235
234
234
235
236
235
236
243
216
174
208
158
109
107
117
102
139
110
105
118
126
112
106
186
241
205
194
148
200
177
111
133
113
131
125
128
104
91
113
108
118
122
210
175
102
97
91
83
116
118
121
96
96
123
134
79
69
94
111
108
84
117
113
207
182
129
115
87
132
115
220
232
222
223
219
116
134
157
100
116
109
106
104
97
98
89
101
110
80
81
88
54
145
62
68
91
155
84
151
90
80
93
101
66
78
82
70
95
177
107
94
66
87
81
113
100
111
229
237
211
213
180
219
246
242
118
112
133
84
82
160
175
240
220
185
131
160
247
244
181
213
207
172
243
235
165
120
235
204
134
163
186
89
79
77
103
154
197
149
81
105
88
99
93
79
87
140
95
89
107
155
94
108
64
109
95
142
127
95
101
111
99
79
74
88
90
112
128
118
89
82
106
92
79
96
116
104
127
122
128
134
134
139
131
143
156
168
155
136
115
131
117
92
143
239
188
189
196
184
205
83
118
224
237
233
227
137
107
157
125
96
106
103
88
100
92
72
73
62
83
113
114
108
93
95
96
93
90
75
187
248
220
236
231
236
230
219
197
217
83
81
105
103
142
126
95
197
212
136
140
201
216
117
116
122
158
120
115
82
216
182
140
92
139
101
93
135
146
105
130
230
128
91
169
109
107
110
106
94
100
115
108
87
86
107
88
76
85
107
91
80
85
118
120
94
110
108
86
90
114
125
122
99
118
109
99
94
85
97
80
79
88
83
158
128
91
76
101
210
105
125
119
106
98
89
87
84
89
89
92
181
241
238
237
245
158
110
140
136
144
140
233
235
235
233
240
241
240
241
243
244
244
243
244
244
242
242
241
241
241
240
239
237
236
234
233
233
234
233
232
232
232
232
232
233
232
232
232
232
232
232
232
231
232
232
232
232
232
233
233
232
233
233
234
234
234
235
235
234
235
236
235
235
243
219
213
229
126
115
177
134
74
180
130
131
116
104
96
120
118
226
213
174
184
205
199
149
140
107
102
94
90
91
76
84
115
98
97
138
138
98
87
98
110
124
111
108
96
103
129
119
76
64
105
106
101
87
115
95
138
119
101
98
89
125
133
227
245
136
129
165
99
97
121
86
95
97
115
94
127
135
131
106
110
84
81
90
155
137
111
77
66
99
122
168
74
103
87
97
72
77
84
108
98
113
80
96
153
72
75
103
115
189
231
224
225
152
175
221
217
177
68
77
82
68
62
99
117
147
192
249
213
224
222
168
114
228
183
211
216
210
116
104
164
114
122
178
176
90
98
105
169
164
234
130
57
102
78
90
90
72
78
102
91
101
94
96
101
121
67
87
84
202
131
90
99
105
90
82
70
82
81
91
108
123
103
84
108
100
95
118
128
92
110
130
134
127
132
134
127
136
131
125
159
143
125
114
101
90
157
221
152
183
235
238
191
138
100
200
233
236
248
139
146
132
98
104
104
96
88
106
86
67
64
45
85
120
100
106
104
92
95
94
89
72
137
175
208
239
241
242
239
197
196
189
76
85
170
146
145
123
98
130
175
124
107
226
192
128
145
91
87
142
149
84
242
148
146
109
91
64
95
112
123
105
149
224
109
130
148
97
110
86
83
96
115
112
100
86
89
99
81
74
81
85
96
80
74
95
106
87
120
101
87
97
117
128
122
90
92
92
89
104
99
90
78
80
97
96
191
92
150
96
127
161
125
132
119
121
108
74
77
108
156
83
91
161
240
229
238
235
148
112
106
119
127
112
207
235
234
233
239
239
240
242
243
244
243
242
243
242
240
241
240
240
240
239
238
237
236
234
233
233
233
233
232
232
232
232
232
232
232
232
232
231
232
232
232
231
232
232
232
232
232
233
233
232
233
234
234
234
234
234
235
234
235
236
235
234
240
237
237
212
149
183
241
157
75
187
156
112
105
109
125
126
104
224
239
213
216
222
236
173
116
129
113
93
88
84
89
96
112
113
125
89
104
89
87
101
129
113
100
99
98
109
136
102
99
99
95
112
98
128
133
122
135
96
96
91
97
99
173
242
248
98
71
116
91
122
136
119
94
116
124
98
117
127
121
123
111
95
77
135
243
111
183
128
47
139
161
161
73
160
121
76
63
71
83
127
93
118
146
117
216
59
66
70
109
222
228
226
190
120
209
209
217
177
95
58
66
87
89
82
70
72
133
225
236
234
207
113
139
187
101
232
155
144
73
92
114
75
93
105
105
86
148
178
131
132
234
154
105
172
74
91
94
88
94
98
91
99
97
83
118
137
78
99
131
219
115
93
105
117
112
98
80
83
79
81
109
122
128
125
106
105
106
122
122
91
121
128
115
118
113
117
112
95
93
111
132
131
121
126
118
122
206
184
119
140
220
210
139
143
103
157
214
239
238
123
186
147
94
102
100
92
89
96
87
76
69
52
87
120
108
121
111
88
98
109
87
84
84
76
144
214
217
217
216
131
174
184
97
99
240
197
130
108
166
114
85
134
111
206
178
173
148
101
66
121
126
80
179
107
217
148
78
60
97
116
110
76
175
184
96
149
144
94
109
86
79
89
105
86
96
90
93
87
72
83
82
75
91
80
72
69
71
85
100
79
83
87
134
142
101
92
87
77
94
105
95
82
91
83
102
96
121
72
172
114
165
78
133
119
107
114
100
88
78
117
164
68
106
180
238
234
247
205
137
103
80
98
108
99
190
237
233
237
237
238
241
242
243
244
243
242
242
241
240
240
240
240
239
239
237
237
236
234
233
232
233
233
232
232
232
232
232
232
232
232
232
231
232
232
232
231
232
232
232
232
232
232
233
232
232
234
234
234
233
234
235
234
235
236
235
235
237
240
233
220
234
251
218
147
99
181
150
76
99
108
148
143
135
225
241
245
225
246
221
164
103
130
104
98
132
94
103
117
94
155
190
107
115
87
84
108
130
107
110
100
98
110
121
88
113
132
85
126
120
159
133
187
172
122
114
88
96
109
202
224
204
145
132
124
119
197
204
156
127
107
129
101
91
105
86
133
108
89
86
152
181
59
158
146
43
213
142
160
80
203
190
97
90
71
83
100
92
173
176
151
182
48
76
77
99
215
235
216
140
177
226
225
228
191
153
84
115
165
160
112
107
77
136
162
223
231
227
151
194
153
62
212
131
87
72
99
126
91
90
107
72
84
176
217
43
124
236
205
199
239
71
91
93
100
109
109
84
91
93
81
110
165
82
76
135
197
113
103
98
99
112
108
91
83
88
109
139
124
138
156
102
92
95
107
116
95
128
112
95
106
111
99
109
100
110
156
110
115
117
122
119
136
173
128
121
110
152
135
99
97
103
111
174
239
235
153
183
190
113
114
104
96
89
79
105
107
100
90
99
111
113
117
96
77
70
91
86
89
87
69
87
149
144
154
141
79
133
176
128
112
208
159
96
116
198
140
81
124
100
145
156
132
111
107
76
83
103
82
78
154
208
140
87
76
96
129
119
61
179
129
97
136
109
103
93
79
81
76
82
89
105
113
111
94
81
87
88
93
72
75
75
73
75
86
85
89
92
102
138
111
77
100
97
77
95
93
76
77
88
89
90
78
86
90
90
108
152
89
104
91
82
79
87
94
86
89
56
68
128
231
237
234
241
139
102
100
98
83
114
134
213
239
234
238
238
238
241
242
243
243
242
241
241
240
238
240
240
239
239
238
237
236
236
234
233
232
233
233
232
232
232
232
232
232
232
232
231
231
231
232
231
231
231
231
231
231
231
231
232
232
232
233
234
233
232
234
235
234
234
233
233
234
233
234
231
243
241
248
180
105
115
158
122
93
109
105
139
135
141
189
233
237
245
233
157
179
109
103
94
128
221
172
120
146
82
182
167
137
120
100
75
125
128
116
109
96
96
97
84
85
97
118
87
133
130
111
91
206
129
157
154
111
114
182
233
162
119
154
184
157
190
158
163
121
183
62
87
100
116
128
96
111
105
86
107
102
81
62
71
97
55
211
106
161
75
186
223
211
158
104
87
83
101
186
145
180
115
64
110
137
131
216
243
172
171
239
224
230
200
128
178
208
223
236
206
147
211
70
147
107
223
242
208
177
157
194
153
208
140
84
92
85
118
112
181
199
44
78
141
161
82
130
242
241
229
228
83
107
98
83
89
91
99
109
94
90
104
136
101
73
89
151
140
104
104
110
99
92
78
82
81
126
122
115
105
121
103
83
96
105
114
99
111
71
86
86
98
99
96
87
159
207
105
94
96
101
114
119
124
89
106
104
77
97
106
94
82
98
126
232
223
204
134
170
131
120
109
107
87
80
87
116
116
118
132
95
123
123
77
74
67
69
98
100
119
85
102
130
121
149
96
99
101
158
171
74
113
90
104
137
96
90
105
94
118
112
124
94
90
96
92
95
113
88
104
191
110
101
88
93
93
106
105
89
193
141
97
145
87
92
83
75
87
87
139
113
99
121
120
95
77
91
92
90
72
62
97
101
100
88
80
99
105
110
91
77
83
102
94
83
93
110
91
83
80
94
90
96
126
97
96
97
101
98
83
72
74
79
90
84
68
82
79
74
145
177
203
206
196
82
96
110
111
46
129
233
242
236
241
235
238
240
242
242
243
243
242
241
240
239
237
239
239
238
238
237
237
236
237
234
233
232
233
232
232
232
232
232
231
232
232
232
231
231
231
232
231
230
231
231
230
230
230
231
232
232
232
233
233
232
231
233
234
233
233
234
231
231
233
237
237
237
232
240
233
161
144
108
209
94
111
112
117
111
82
140
224
242
237
216
151
223
120
128
208
204
205
238
204
157
92
128
55
87
100
123
99
125
132
110
100
96
87
96
89
98
112
129
84
158
105
84
76
113
93
229
199
218
235
244
208
96
68
78
93
124
140
47
78
103
144
85
54
120
154
127
89
93
90
90
105
68
69
81
82
79
66
109
110
177
69
175
198
240
151
180
103
89
101
216
196
226
101
177
172
190
214
237
210
122
216
226
221
219
218
209
235
232
227
228
197
130
224
97
100
143
193
192
109
73
76
225
236
190
98
106
98
73
130
170
201
135
42
90
106
128
217
117
232
229
230
233
89
99
89
68
91
89
146
153
118
96
83
63
74
81
85
67
77
106
121
121
101
108
90
86
80
113
103
106
101
108
127
102
103
105
101
106
85
82
94
123
69
81
91
103
143
123
106
103
84
113
116
69
50
60
39
105
144
119
123
125
78
91
103
212
102
217
202
116
118
130
108
96
92
83
43
70
86
116
138
111
137
122
94
93
86
92
98
102
129
90
132
135
145
173
108
131
93
133
174
104
116
103
110
116
101
146
185
116
101
98
106
86
84
87
93
94
74
76
100
81
89
117
114
95
106
106
114
106
158
66
106
168
116
88
85
80
103
90
128
152
104
63
82
91
94
102
75
106
181
108
137
97
91
95
85
78
93
102
103
100
100
88
83
94
78
80
97
97
87
92
85
93
86
80
117
117
110
89
90
85
75
80
70
70
59
84
166
64
58
91
97
139
121
119
79
80
90
56
192
245
234
239
239
238
241
240
241
242
242
242
243
241
238
239
239
238
238
238
237
237
237
236
236
235
233
232
233
233
232
231
231
231
230
230
230
231
231
231
231
231
231
232
231
230
230
231
232
232
231
232
232
233
233
232
232
233
233
233
234
234
233
232
232
235
234
236
237
232
237
156
126
85
200
100
97
103
80
166
158
104
168
190
145
214
153
147
138
253
211
110
117
173
213
102
117
57
92
100
87
68
132
114
115
119
115
114
89
90
86
76
99
107
100
128
120
107
171
167
113
222
160
193
247
202
122
74
83
86
124
119
114
80
87
90
90
94
47
93
106
102
107
83
87
97
87
84
74
82
92
100
76
43
82
175
87
201
169
227
137
178
116
135
65
217
239
213
55
222
143
111
212
192
137
120
240
231
234
233
235
240
230
232
238
244
217
237
166
229
205
178
108
42
92
96
115
231
134
75
78
70
169
138
140
119
50
49
94
102
143
239
203
109
244
231
229
232
99
90
87
82
63
62
87
83
84
81
81
109
95
94
116
108
97
117
104
111
99
119
103
79
100
109
119
114
110
104
102
96
116
109
86
84
84
112
113
85
110
81
64
77
89
122
142
121
96
137
217
146
87
119
189
200
145
97
126
118
102
102
170
175
130
200
172
134
115
125
92
82
95
72
47
107
107
125
111
126
97
101
113
93
110
121
101
95
108
114
109
135
214
244
125
128
133
132
111
122
129
110
131
111
63
111
113
113
110
102
111
96
101
100
100
105
97
105
108
108
107
92
107
109
101
104
95
72
72
87
111
160
95
112
110
118
101
94
91
100
91
92
85
98
97
91
91
143
220
109
159
160
105
65
83
82
84
95
88
99
100
75
81
82
76
77
104
106
83
94
88
94
78
103
119
100
70
91
86
70
85
91
75
70
62
128
223
94
68
124
122
109
115
72
69
119
132
102
243
245
240
241
237
241
238
242
241
241
241
241
242
240
238
238
238
238
237
237
237
236
236
236
236
236
234
233
233
233
233
232
231
231
230
230
230
231
231
231
231
230
231
231
231
230
230
232
232
232
231
231
232
232
232
231
231
232
231
232
231
233
233
233
232
235
235
232
229
234
220
150
112
92
57
99
104
93
79
202
235
133
76
139
94
223
173
205
246
236
174
150
100
111
169
98
150
91
84
109
101
82
113
101
104
121
125
109
75
84
106
96
98
92
84
164
162
86
133
139
89
93
126
83
165
117
64
186
246
86
99
98
118
96
112
105
92
87
58
78
96
88
79
67
85
87
89
98
98
83
82
96
66
105
138
160
69
122
110
237
133
185
246
231
176
237
239
147
43
104
88
56
43
53
105
136
235
232
230
230
226
229
233
253
218
197
245
213
201
245
230
208
239
230
135
97
89
132
70
104
92
73
166
115
95
154
208
97
79
84
108
218
219
237
237
232
232
229
99
96
76
82
57
55
85
93
122
102
108
121
104
91
81
130
127
119
116
113
95
96
94
90
102
95
100
109
99
98
102
95
98
97
80
69
93
107
101
69
87
91
74
101
138
134
141
164
111
175
144
110
104
123
183
180
128
111
93
126
146
143
196
151
123
124
117
127
101
117
113
105
101
76
76
101
98
99
107
85
94
84
84
82
132
104
94
85
94
96
103
133
162
245
230
144
130
136
133
78
100
100
132
121
134
107
134
102
105
129
94
79
83
69
86
86
95
102
88
105
96
87
117
91
81
83
83
95
116
181
74
106
69
97
84
105
92
88
132
201
146
83
75
125
77
94
67
185
195
103
153
204
143
82
63
83
76
86
120
109
80
83
71
84
89
74
88
96
86
72
71
75
98
112
87
60
77
162
157
128
84
102
84
62
61
115
105
71
85
76
92
86
74
103
41
163
196
212
252
240
241
240
241
243
241
239
240
241
240
240
240
240
239
239
238
237
237
237
237
237
236
236
236
236
234
233
233
234
234
232
231
231
232
231
230
230
230
230
230
230
231
231
231
230
230
231
230
230
230
231
231
231
231
230
231
231
231
231
231
230
232
232
232
235
232
240
251
252
216
208
192
98
115
112
121
113
126
150
196
231
103
174
209
185
139
140
127
107
102
134
125
147
123
140
69
82
83
78
58
88
121
111
124
111
101
97
96
89
107
127
127
90
84
111
103
83
100
104
110
108
79
81
109
130
120
178
150
117
102
88
82
90
89
110
132
114
112
92
115
151
146
118
95
77
86
87
74
76
81
80
63
94
117
178
71
53
135
228
136
219
239
231
238
236
221
75
94
71
79
73
64
107
89
133
248
233
232
226
229
242
187
90
154
165
233
224
236
229
231
207
208
196
110
82
88
132
68
86
104
92
95
54
68
172
205
93
102
85
170
230
248
197
223
232
229
230
81
82
79
68
71
81
124
139
137
133
83
90
82
77
81
147
108
101
103
107
121
114
104
91
99
113
108
114
102
93
103
100
99
88
91
80
94
105
65
51
67
92
113
119
124
122
117
158
123
140
104
108
103
68
150
118
147
141
126
107
85
124
145
200
119
97
127
105
90
102
96
97
96
99
101
112
95
88
102
69
83
71
78
96
87
85
85
81
87
81
95
149
96
137
186
104
183
132
140
128
118
118
109
89
164
136
212
157
112
94
102
95
82
69
92
88
74
87
99
83
106
110
99
84
84
88
83
81
112
144
61
115
119
139
99
72
83
94
106
153
147
80
77
99
69
92
90
103
114
137
157
161
135
81
122
71
86
112
135
93
79
85
71
80
84
76
83
122
74
90
113
112
109
86
75
91
67
81
100
99
105
116
79
89
62
81
76
63
107
83
85
71
86
197
123
224
205
158
254
240
242
243
240
241
241
243
241
241
240
239
239
239
239
239
238
238
238
238
238
237
237
237
236
235
233
232
233
234
234
231
231
231
231
231
230
230
230
230
230
230
231
231
230
230
230
231
230
229
230
230
230
230
230
229
230
231
231
231
231
231
231
232
233
236
235
232
191
213
208
118
182
144
126
141
116
87
94
110
106
197
105
122
242
106
102
121
129
105
96
141
99
122
160
209
99
90
64
91
86
81
104
99
109
108
105
111
97
94
111
108
114
132
105
93
117
101
106
91
121
108
112
96
135
162
105
92
74
74
88
91
64
56
80
124
121
101
113
112
136
113
110
126
94
86
85
86
78
83
78
72
72
80
113
145
58
86
152
107
151
218
207
249
233
236
160
80
96
80
77
79
82
112
94
197
234
244
236
232
228
232
234
197
223
223
230
230
234
227
226
231
186
60
110
133
108
82
70
66
74
80
84
67
94
112
95
111
99
83
157
244
183
99
225
238
229
231
90
89
87
98
107
90
131
139
126
111
127
138
113
96
102
123
96
97
104
124
119
132
100
105
138
115
121
121
105
96
104
87
106
117
114
111
114
93
73
66
90
104
122
118
127
113
120
150
101
84
74
86
101
115
162
137
156
167
129
124
148
147
134
132
161
129
121
104
106
100
113
111
92
98
98
102
86
90
90
79
81
76
97
95
88
81
97
74
70
99
97
109
115
86
177
107
192
117
113
154
132
129
105
92
124
111
180
193
120
87
110
96
97
76
90
94
77
92
103
81
106
105
82
91
83
88
81
73
92
94
84
113
138
113
103
144
91
77
93
91
98
86
79
88
95
87
108
100
55
117
148
133
175
129
170
107
118
134
116
91
112
113
84
69
90
84
80
126
150
117
134
105
83
84
74
131
89
71
71
91
117
100
82
88
150
94
74
89
123
113
84
84
167
216
146
184
150
204
250
243
241
240
242
240
241
241
240
240
240
239
239
239
239
240
239
238
238
238
238
238
238
237
235
235
233
232
233
233
233
232
231
230
230
231
230
230
230
230
230
230
230
231
231
230
230
231
230
229
230
230
231
231
231
229
230
230
231
231
230
231
232
231
233
235
238
223
131
112
140
85
134
143
153
126
118
134
121
116
91
113
107
98
233
148
110
129
124
137
111
113
150
139
121
185
157
183
130
70
87
72
100
97
120
130
102
95
87
102
90
97
85
88
88
88
111
94
113
108
114
116
145
92
129
139
86
81
61
79
82
76
120
121
147
122
119
111
88
109
130
95
105
113
86
91
86
93
70
82
71
64
75
67
82
86
68
76
102
85
187
206
137
177
244
185
89
86
85
84
80
76
83
153
107
139
105
148
247
233
233
238
185
186
232
228
236
236
230
227
234
209
122
165
134
113
101
80
78
71
71
78
90
91
108
89
71
89
115
169
170
247
216
145
196
228
232
233
93
91
88
105
105
110
123
121
104
91
143
134
114
91
98
94
95
91
114
138
102
111
98
122
136
112
111
113
99
101
103
97
112
113
101
92
121
105
117
109
97
89
103
104
125
109
121
120
96
75
66
79
107
135
141
141
142
160
114
134
150
145
133
105
145
136
123
111
120
109
117
109
90
92
103
98
94
91
79
79
84
97
118
103
94
88
101
86
88
122
110
103
149
94
144
132
201
110
92
120
108
101
90
91
89
95
139
165
108
87
80
81
97
75
91
105
81
105
99
103
112
104
97
79
117
92
90
71
82
74
86
111
137
99
79
154
88
63
92
84
89
96
90
90
94
87
95
91
70
124
142
159
218
163
172
166
155
124
152
116
98
112
96
89
95
68
94
145
138
91
101
85
84
111
68
108
93
120
70
84
89
89
85
86
133
99
105
108
121
119
100
70
133
155
154
141
159
243
241
241
242
244
241
242
244
239
240
241
240
240
239
239
239
239
239
238
238
237
237
237
237
236
234
234
234
233
233
232
232
231
231
230
228
231
230
230
229
229
230
230
230
230
230
230
230
230
230
229
230
230
230
230
230
229
229
229
230
231
230
230
231
231
230
233
233
188
113
162
147
125
164
164
161
133
134
175
172
106
102
119
180
145
176
203
111
128
161
137
118
104
155
132
109
152
177
188
143
109
82
76
86
95
156
126
97
87
75
104
106
93
72
76
90
85
86
104
117
99
100
98
112
91
103
126
99
82
83
146
80
71
155
173
119
105
122
133
89
131
140
120
126
111
91
84
97
86
98
75
65
79
120
57
57
77
66
101
84
92
193
161
85
84
186
143
79
99
78
73
70
71
85
117
139
145
119
150
224
170
238
244
145
105
114
147
219
219
238
242
214
124
152
246
175
72
75
82
81
81
78
81
85
104
89
85
106
150
137
174
141
181
235
193
127
186
236
230
87
82
86
96
111
110
111
119
100
87
110
104
101
88
94
91
112
99
109
132
106
96
100
121
116
107
97
102
92
90
96
87
97
101
104
86
115
114
128
122
84
58
92
98
120
101
106
100
95
83
81
85
117
113
104
111
114
122
107
127
107
129
116
114
124
130
124
101
110
121
103
91
92
103
108
89
98
89
79
99
110
112
123
110
99
89
92
113
127
163
132
101
127
90
90
157
184
106
98
114
89
75
78
90
85
92
104
105
102
126
93
97
78
78
88
86
86
106
91
109
105
117
119
74
127
90
103
65
97
105
72
102
116
93
88
99
81
67
93
96
95
97
94
97
91
95
97
89
110
148
185
167
188
131
129
168
171
114
161
129
70
99
92
93
86
82
152
130
84
102
86
76
83
90
95
85
81
112
82
82
71
87
86
87
88
105
120
113
102
101
117
72
58
127
168
176
197
239
242
246
240
241
246
244
237
241
240
241
241
241
240
240
239
239
239
238
237
236
236
236
236
235
234
234
234
233
232
232
232
231
230
230
228
231
230
229
229
229
229
230
230
230
229
229
229
229
229
229
229
230
229
229
229
229
229
229
230
230
230
231
231
231
231
231
229
146
109
242
198
184
158
156
104
128
125
126
159
97
94
132
156
160
105
210
94
138
193
110
116
94
113
88
145
139
160
122
127
193
90
88
72
92
145
135
101
90
76
93
116
101
82
98
100
79
75
113
109
83
98
91
94
90
88
108
103
83
89
145
103
105
122
133
91
115
143
176
116
114
129
115
123
99
84
89
103
78
154
131
64
100
183
51
58
84
93
133
86
69
122
90
72
55
97
108
98
86
73
79
81
82
92
66
137
145
185
219
218
114
239
243
154
113
80
129
187
190
231
214
157
140
208
210
157
71
71
78
83
84
83
78
81
107
79
99
121
143
109
165
101
115
233
222
161
168
229
229
76
82
87
105
118
97
114
134
107
92
95
102
108
96
101
117
126
112
102
113
106
99
106
117
105
98
94
100
98
82
78
67
84
100
115
104
114
114
101
112
74
49
97
96
107
113
93
93
94
82
90
80
106
98
94
86
101
99
152
140
94
109
120
134
135
127
118
88
97
117
97
83
91
117
98
84
99
82
86
126
121
115
115
112
114
92
99
148
148
184
146
100
112
96
72
134
126
98
109
125
87
73
78
91
92
88
80
66
90
195
135
121
83
76
87
67
84
84
85
97
98
109
110
78
91
79
99
68
115
132
79
97
93
108
160
78
77
72
86
91
84
96
94
107
99
88
122
123
111
152
177
129
122
118
108
135
156
119
114
113
79
95
82
86
72
140
205
100
83
153
112
87
71
52
121
92
84
105
99
80
89
87
89
86
98
120
111
111
92
85
108
93
70
129
161
218
179
232
225
231
244
208
237
236
216
243
239
240
241
240
239
239
239
239
239
238
237
236
236
236
235
236
235
235
234
232
231
232
232
231
230
229
229
231
230
229
228
229
229
229
230
229
229
229
229
229
229
229
229
229
229
228
229
230
229
229
230
230
230
231
230
231
233
231
233
158
139
252
222
207
126
147
108
90
97
74
121
96
73
106
111
137
120
175
101
144
153
89
108
83
88
88
143
116
123
92
161
184
101
105
105
106
96
130
110
97
93
86
103
108
100
110
98
81
83
109
102
83
92
93
112
81
89
87
88
80
75
105
118
125
86
77
95
112
164
183
108
84
102
87
94
84
81
101
86
77
165
151
84
101
161
48
62
78
110
102
67
64
63
92
124
63
68
82
93
64
58
101
108
90
94
72
102
92
144
241
237
121
238
198
125
197
175
189
195
202
162
143
166
225
227
190
143
76
70
79
91
89
91
83
81
94
84
137
160
107
124
172
94
100
221
243
239
197
224
230
75
100
95
114
97
112
130
143
101
91
114
106
113
89
97
132
117
101
106
100
84
90
108
125
92
96
93
98
111
94
69
84
88
80
94
101
118
122
79
100
79
72
91
88
88
146
104
87
104
91
87
74
78
90
96
77
102
100
206
190
104
89
143
149
134
115
116
92
101
101
102
89
88
112
95
94
100
79
90
113
89
110
102
109
122
98
125
170
143
158
153
128
137
128
93
75
81
89
95
95
85
74
70
76
83
87
88
69
67
192
136
117
130
61
95
83
74
61
80
95
103
77
83
73
69
80
93
95
116
113
99
104
116
162
200
105
74
75
82
90
86
106
112
124
101
86
156
140
97
166
100
100
107
153
130
121
127
119
75
95
109
111
82
92
74
170
173
106
104
142
127
113
86
74
96
89
94
137
96
65
95
90
94
88
120
124
110
105
98
80
76
82
126
110
123
178
139
216
192
175
244
174
181
212
206
242
237
240
240
239
239
239
239
239
238
238
237
237
236
236
235
236
236
235
234
232
231
232
232
231
230
229
228
230
230
228
228
228
228
229
229
229
229
229
229
229
228
228
229
229
228
228
228
230
229
229
230
230
230
229
230
229
231
231
237
220
212
248
212
161
163
204
185
66
83
93
140
104
52
101
178
161
215
134
155
147
83
90
99
90
98
152
105
115
120
110
207
120
103
121
153
126
87
95
113
103
110
97
96
99
110
103
94
95
94
116
114
105
80
77
110
75
95
93
88
68
68
110
105
101
94
84
77
72
136
120
68
99
91
81
76
85
91
87
63
80
101
94
139
120
78
50
56
81
88
44
66
111
88
154
192
60
87
81
75
98
67
89
96
70
82
96
84
72
72
196
247
174
239
129
97
243
216
213
229
196
98
113
243
236
235
238
200
80
71
103
90
104
105
98
94
99
83
175
240
189
223
150
98
94
192
245
231
228
231
228
105
105
105
92
114
129
121
131
87
74
101
102
96
79
89
105
102
85
94
97
92
75
95
113
87
106
94
87
114
88
95
99
68
60
87
103
112
127
69
51
100
96
75
91
110
144
131
107
105
109
101
92
92
76
74
66
78
80
144
205
120
108
115
97
118
111
115
93
102
99
95
94
91
101
120
91
76
95
95
86
76
93
92
94
99
87
118
152
130
147
164
128
105
104
107
86
85
83
74
77
101
75
65
65
59
80
87
90
86
82
138
117
159
59
84
83
77
75
77
96
80
76
92
78
88
103
116
124
122
111
90
100
172
181
109
117
80
107
124
125
119
118
138
145
114
136
200
104
127
220
142
112
126
114
110
97
110
106
82
112
122
137
90
64
107
136
83
107
84
89
114
121
108
102
81
79
80
69
60
58
62
86
99
101
131
116
111
103
94
86
73
69
121
139
84
112
160
163
214
147
204
186
104
191
231
240
240
242
240
241
240
239
240
239
238
237
237
237
237
236
235
235
234
233
231
231
232
232
231
231
230
229
227
229
228
228
230
230
229
228
228
229
229
229
229
229
228
229
229
229
229
229
228
229
228
229
229
230
230
229
230
229
228
230
231
238
237
238
194
95
194
237
97
85
79
84
156
155
44
135
167
216
248
133
199
209
81
104
98
89
127
161
133
176
189
114
184
202
115
116
124
108
120
122
114
98
105
106
91
93
116
88
84
92
98
123
131
155
96
78
88
88
97
97
99
103
79
84
113
107
88
98
102
88
71
92
120
99
68
71
78
86
66
57
64
87
55
147
179
194
97
58
60
99
117
72
112
139
92
107
152
74
67
75
90
158
137
47
48
60
69
88
87
91
100
128
253
234
220
123
203
220
144
194
174
50
163
142
226
233
228
230
222
173
139
158
68
112
113
94
128
177
96
193
240
247
234
171
89
80
200
244
231
233
233
232
88
69
88
109
118
96
97
97
86
79
87
86
92
85
113
114
78
84
87
95
94
83
85
100
92
90
92
99
116
70
109
106
88
120
112
96
98
105
99
46
100
83
83
135
153
121
124
109
131
121
84
107
115
116
73
69
73
122
107
94
123
113
107
126
129
112
119
82
112
105
96
92
91
88
121
95
81
101
99
79
68
87
122
103
98
89
97
157
107
117
137
90
108
117
135
114
88
78
92
85
86
88
112
107
78
77
64
79
108
101
130
87
107
85
59
87
92
85
104
95
83
96
91
99
106
121
118
114
104
112
130
107
157
173
74
117
120
167
173
144
130
123
143
143
135
117
137
109
123
162
117
116
103
91
91
112
116
71
200
213
134
63
102
47
189
96
86
117
85
121
125
98
74
88
87
84
81
87
77
83
79
84
84
142
123
88
101
95
68
142
154
140
172
155
75
80
146
159
207
197
153
174
96
183
237
245
242
241
242
243
240
238
238
238
238
237
236
236
237
236
236
236
233
233
232
231
231
231
230
231
231
230
230
229
228
228
230
229
230
229
229
229
229
229
229
229
228
228
229
229
229
229
229
229
228
229
229
229
229
227
229
232
230
228
229
228
227
228
215
167
239
187
61
132
108
111
107
187
121
194
131
209
243
131
161
189
80
104
104
86
133
107
103
110
123
136
185
151
176
106
107
105
113
114
120
91
104
105
103
107
114
101
87
84
86
94
136
138
96
79
79
92
88
85
64
192
114
71
92
83
98
106
105
105
91
123
237
117
67
76
86
84
66
70
74
60
128
147
110
174
97
33
73
80
111
157
58
112
78
89
135
49
61
54
96
66
124
100
69
147
120
66
90
80
79
142
251
187
117
82
101
73
129
167
59
61
132
112
236
225
234
230
235
250
160
159
99
79
87
89
113
199
132
235
234
225
226
226
130
158
245
228
234
231
231
231
101
103
112
90
85
102
106
83
76
105
88
90
112
88
81
98
80
73
75
86
89
77
70
95
89
97
82
86
90
89
71
107
123
124
99
121
97
106
132
107
99
106
124
145
116
101
102
118
164
120
92
91
102
98
70
72
116
135
154
154
116
125
94
106
114
109
84
70
108
125
113
88
85
109
83
70
82
93
78
71
102
88
92
100
84
113
116
132
89
81
104
84
108
126
110
118
133
112
100
154
106
130
134
178
132
121
100
90
155
126
65
92
134
105
97
102
97
79
88
90
85
86
85
130
97
97
108
96
89
104
90
100
78
91
98
123
155
180
109
106
101
112
109
53
145
165
100
91
107
86
83
91
96
100
99
109
133
151
251
249
164
53
59
131
211
109
112
106
83
87
88
92
94
52
74
74
76
71
71
84
83
79
101
142
107
72
53
41
90
195
61
171
195
53
116
188
233
126
173
104
114
149
63
69
94
190
240
239
241
243
240
237
236
237
238
237
236
235
235
236
236
235
233
234
231
230
231
231
230
228
228
229
229
229
229
229
229
229
229
229
229
229
229
229
229
229
228
228
228
228
228
228
228
228
228
228
228
228
228
230
228
228
230
234
224
204
241
249
213
229
252
241
215
128
193
207
118
155
187
136
215
139
176
156
101
100
86
163
130
119
108
110
106
81
70
75
84
131
190
120
112
108
82
106
109
131
106
130
90
126
168
112
94
69
74
83
83
66
96
87
75
71
126
99
84
113
91
51
70
90
119
116
90
97
85
104
103
100
91
76
87
54
172
116
81
85
241
248
196
64
110
59
134
40
116
177
249
220
58
61
99
69
172
62
130
90
43
103
101
205
167
159
61
67
194
252
240
175
76
112
121
79
81
71
81
84
84
106
191
198
228
234
226
222
125
56
151
49
78
127
73
152
251
236
230
232
228
233
247
253
236
225
228
229
230
230
93
81
78
92
78
142
124
112
84
63
69
97
107
99
88
98
79
74
80
98
78
66
68
85
96
89
77
102
98
98
82
87
102
95
93
105
107
119
103
100
118
117
130
140
125
110
81
106
126
110
120
112
89
91
81
83
101
103
88
119
95
110
110
96
97
115
117
86
103
99
80
88
89
97
86
104
123
106
104
103
85
91
91
84
83
103
105
123
111
102
101
81
90
106
90
109
125
106
110
105
122
147
168
92
125
94
99
138
139
122
90
91
97
90
99
115
111
97
98
95
100
129
156
120
103
110
111
84
71
103
84
87
97
102
94
97
112
141
112
134
133
121
127
176
149
166
175
120
141
125
97
97
87
87
95
136
190
233
251
213
160
92
79
186
135
108
91
65
97
108
124
77
182
154
56
83
77
74
106
135
81
136
140
104
97
42
127
195
143
86
52
162
243
96
106
191
190
128
86
66
107
207
197
228
194
195
237
239
239
241
239
239
235
237
238
237
236
235
235
235
234
233
232
233
230
230
232
232
230
228
227
227
227
229
229
229
229
228
229
230
228
228
228
228
228
228
228
228
228
228
228
228
228
227
227
227
228
228
228
227
229
229
234
226
224
219
184
189
250
249
181
100
131
87
138
114
134
238
90
71
168
213
214
198
145
134
157
144
112
86
118
146
95
91
83
94
98
115
78
81
99
100
120
145
110
165
101
124
95
158
155
89
85
73
78
66
86
121
96
91
83
81
77
88
99
81
76
67
70
90
106
95
99
110
105
104
140
134
95
129
124
109
98
83
63
141
222
201
178
145
133
99
163
41
82
72
239
147
53
151
124
65
116
184
90
73
194
197
150
161
51
119
110
202
209
228
234
207
230
238
220
200
70
59
71
77
64
159
213
194
175
170
246
246
205
89
92
107
157
173
164
97
238
233
229
230
227
228
229
228
228
229
227
230
231
231
82
88
94
93
89
130
95
100
77
81
88
93
100
92
90
102
93
95
118
125
114
83
82
95
103
94
77
82
90
92
93
100
90
89
75
88
85
95
89
76
101
108
115
132
132
113
113
105
96
107
116
119
117
119
106
99
87
101
104
103
127
117
116
112
91
93
113
98
117
88
93
87
82
95
94
75
113
108
101
120
82
87
96
91
90
88
95
122
101
96
95
89
80
76
96
89
95
87
106
112
136
131
139
114
96
200
120
118
97
87
103
114
102
87
73
82
92
86
94
100
100
125
132
100
91
101
130
87
62
96
96
94
100
97
112
107
103
106
133
131
137
130
104
146
92
115
113
96
121
108
111
84
89
90
111
136
103
146
254
225
153
88
95
93
68
69
62
94
89
90
99
45
149
174
53
91
75
75
127
151
81
124
147
98
93
149
213
237
111
74
138
160
176
112
131
139
157
153
153
128
119
174
241
246
240
235
242
238
238
240
238
239
236
238
237
236
235
235
235
234
233
233
231
232
230
230
230
230
230
230
229
229
229
228
228
229
228
228
229
229
228
228
228
228
228
228
228
228
228
228
228
228
228
227
227
228
228
228
228
228
231
226
232
226
195
201
215
196
214
159
146
131
102
85
112
72
162
250
100
78
175
236
237
229
164
149
196
78
118
100
88
103
103
95
89
104
113
81
89
96
104
106
141
97
98
81
89
91
127
139
87
91
90
81
75
72
95
80
73
91
96
100
71
80
112
133
70
88
88
113
155
90
84
99
105
94
112
127
73
128
118
205
84
73
62
97
224
219
84
72
52
59
90
59
103
59
85
59
114
169
68
50
193
140
84
196
212
95
79
98
68
74
108
138
82
125
204
75
124
188
196
166
73
63
62
78
94
197
198
131
131
210
185
196
191
99
80
100
133
124
222
144
215
244
233
230
231
230
231
230
226
230
228
229
229
229
91
93
96
87
91
114
103
93
84
113
96
94
101
83
98
93
82
85
120
136
138
111
90
77
93
97
75
79
88
102
103
80
86
103
96
103
77
92
108
97
86
94
90
109
100
117
126
110
123
135
107
99
138
127
120
118
98
125
139
106
126
113
97
106
107
118
120
107
108
105
97
100
94
91
82
63
97
96
90
103
102
99
99
107
76
96
114
117
88
104
95
82
79
70
97
91
97
95
90
114
123
91
115
114
93
179
149
112
101
85
102
103
97
79
72
80
81
78
81
78
79
96
101
115
111
97
126
89
78
93
93
93
102
104
110
120
105
110
126
120
136
124
104
93
91
102
94
115
111
108
116
113
147
139
130
139
163
188
141
112
113
108
101
66
52
61
49
87
70
65
86
45
110
115
121
137
87
138
213
133
94
153
111
76
141
162
142
139
206
176
156
137
97
98
142
156
118
211
201
143
115
133
176
251
240
240
239
237
240
240
237
237
236
236
236
234
234
234
233
232
232
232
231
231
230
229
229
229
230
230
230
229
230
229
228
228
228
228
228
229
228
228
228
228
228
228
228
228
228
228
228
228
228
227
227
228
228
228
227
227
228
230
222
225
193
158
175
193
182
126
112
141
94
133
129
87
211
221
108
101
101
228
245
249
183
130
128
96
115
98
84
101
108
105
92
85
98
95
104
98
107
117
145
124
86
65
107
72
136
140
97
110
92
105
150
130
93
94
90
85
94
99
83
92
100
117
90
77
91
106
126
91
97
101
112
122
107
105
92
95
90
119
82
102
65
127
211
197
157
77
50
39
50
98
159
71
186
155
108
87
55
64
169
116
55
112
223
43
63
68
65
59
81
93
90
86
115
75
80
91
99
83
73
81
109
69
180
197
146
122
150
122
220
164
115
125
172
85
98
115
236
138
202
188
213
233
227
229
229
232
230
229
225
231
232
232
110
110
93
84
80
115
105
92
84
95
77
93
96
84
89
76
82
90
109
126
117
108
114
95
79
78
80
98
94
99
105
84
97
110
110
110
96
108
123
106
93
93
78
76
69
118
118
130
120
127
114
108
128
130
146
113
120
157
158
102
112
104
94
96
112
121
114
100
100
118
108
101
96
90
82
65
91
97
91
93
97
90
98
113
78
95
111
110
90
107
96
78
88
85
88
103
111
99
82
110
105
104
126
128
94
120
144
113
102
94
101
102
103
99
92
98
78
76
72
72
96
108
109
144
97
101
117
113
116
104
91
96
112
100
88
103
93
95
116
134
125
105
105
105
113
101
114
126
94
105
110
115
127
123
145
175
220
179
92
91
102
115
83
69
71
61
92
94
72
102
121
103
106
119
146
125
86
128
174
150
134
155
86
67
122
129
118
77
210
190
157
125
87
96
117
112
145
214
167
135
122
118
114
253
236
239
237
238
241
239
237
236
235
235
235
234
233
233
232
232
232
232
230
231
229
229
229
229
230
230
229
228
229
229
228
228
228
228
229
229
228
228
228
228
228
228
228
228
228
228
228
228
229
227
228
228
228
228
227
228
227
229
222
225
160
173
207
209
151
158
132
97
116
179
127
119
166
143
97
125
144
226
217
222
199
134
101
109
156
135
92
113
105
101
93
99
107
102
102
91
115
100
147
140
106
83
133
173
184
158
120
128
110
83
135
142
96
121
93
92
97
96
82
95
88
90
95
74
89
94
99
114
111
95
104
116
114
103
95
86
80
86
110
102
71
105
155
141
133
96
85
29
55
67
92
89
235
147
64
66
92
120
169
188
152
95
132
50
71
68
71
112
80
90
124
89
78
84
85
56
98
83
72
85
98
86
220
152
124
170
157
100
218
163
89
113
217
96
83
108
234
151
123
122
217
228
228
230
230
231
230
229
229
230
231
231
108
113
90
85
83
111
90
82
76
80
64
97
103
92
82
69
87
105
103
110
109
107
118
100
69
62
79
94
94
89
107
95
97
106
97
102
112
107
110
103
109
81
79
87
85
131
108
125
93
101
129
122
113
110
130
109
128
137
139
108
108
106
104
108
126
125
104
100
107
114
114
96
93
95
87
72
89
111
98
87
99
80
102
105
78
73
100
104
95
92
86
96
102
94
90
97
93
86
81
116
93
118
142
117
92
96
116
107
97
109
111
107
104
111
119
102
79
80
73
79
107
123
112
143
74
104
121
129
134
134
118
128
110
89
80
87
86
90
122
133
113
88
96
105
132
92
103
107
91
111
109
103
107
126
146
169
176
129
108
115
114
119
66
75
148
63
106
121
69
133
134
120
123
115
116
98
89
96
95
141
122
107
91
84
92
108
112
69
136
134
131
103
91
95
92
100
155
136
112
119
123
109
148
203
228
240
238
239
240
238
238
237
234
235
235
234
233
232
232
232
231
231
230
231
229
229
229
230
230
230
229
228
229
229
228
228
228
228
229
228
227
228
228
228
228
227
228
228
228
228
228
228
229
228
228
228
228
228
228
229
228
229
227
226
177
218
241
181
110
201
196
108
113
133
130
146
118
155
72
124
181
166
140
156
169
133
132
114
131
139
101
119
102
96
110
116
106
92
90
77
109
84
148
105
152
122
127
244
220
141
135
108
149
96
101
101
93
107
83
85
90
96
73
90
84
83
90
85
91
92
97
119
101
91
95
95
101
102
93
101
84
76
97
77
72
68
101
87
67
86
91
57
60
39
54
86
159
124
86
107
181
202
217
237
236
102
96
115
68
64
112
142
74
94
137
97
98
81
86
119
187
72
80
110
82
164
130
73
92
160
128
127
152
163
121
90
141
114
109
84
192
209
138
152
234
229
229
232
230
231
229
228
230
229
229
229
88
94
79
83
92
99
88
79
79
93
79
97
106
98
82
82
88
105
106
99
104
109
98
76
77
72
80
75
82
91
107
99
96
98
76
95
110
100
100
92
103
75
96
122
125
134
113
118
97
103
128
122
103
94
100
111
125
109
122
122
111
112
115
117
127
125
102
109
113
112
112
98
90
94
87
85
81
112
108
81
104
73
93
92
80
73
103
99
94
72
95
112
97
87
96
84
70
82
93
118
95
105
133
106
105
96
102
100
110
117
114
109
99
93
132
90
87
83
86
88
105
125
110
116
72
110
124
133
136
153
140
155
112
100
93
91
86
91
123
111
102
88
89
72
109
90
109
107
94
136
123
119
127
145
141
139
123
116
125
117
126
131
74
85
192
88
83
109
63
119
123
108
131
95
100
91
98
96
72
106
85
78
99
99
94
104
96
81
98
102
89
86
80
90
94
118
111
77
93
102
109
115
215
173
223
240
238
239
237
238
238
236
235
236
235
234
233
232
232
231
231
231
230
230
230
229
229
229
230
230
229
229
229
230
228
228
227
227
229
228
227
228
227
227
228
227
228
228
228
228
228
229
229
228
228
228
228
228
228
228
228
229
229
229
227
235
239
156
106
222
235
127
122
89
140
147
106
164
58
130
177
135
114
112
142
112
185
150
79
106
103
108
95
85
115
132
106
83
75
66
94
91
126
91
179
132
100
190
175
115
155
98
145
124
102
86
91
83
97
71
65
110
66
82
79
80
83
93
95
95
102
106
89
95
90
85
90
97
98
114
121
93
95
91
69
65
71
60
60
76
67
78
52
77
138
111
121
169
126
148
215
231
223
212
236
84
103
125
63
61
109
100
81
88
114
94
114
92
85
178
221
34
99
165
141
233
89
63
98
126
86
113
105
132
123
80
59
114
125
83
109
192
207
191
186
232
229
231
230
232
230
228
229
229
230
228
76
76
69
76
84
95
97
87
91
102
102
86
101
102
81
94
90
94
106
92
81
98
82
66
93
89
88
79
72
101
102
106
104
95
82
103
109
114
114
87
82
99
125
117
134
124
121
125
125
116
99
107
97
109
108
105
125
118
130
125
109
103
109
104
95
107
116
118
109
117
115
102
91
83
82
99
80
104
116
86
90
62
80
82
94
100
104
97
91
72
123
105
75
84
98
91
78
93
107
95
94
102
107
122
121
104
107
96
118
106
103
110
100
73
112
85
103
87
101
99
117
124
120
98
84
112
115
136
144
132
118
135
125
132
112
102
87
90
104
105
105
101
88
60
60
92
136
128
95
148
138
143
131
124
135
136
134
136
127
115
124
137
98
88
124
107
70
77
75
101
130
125
118
100
132
105
95
109
92
111
121
93
102
86
91
96
97
99
103
90
83
97
76
96
111
96
79
92
95
93
97
151
228
222
230
238
236
236
236
239
236
236
235
236
235
234
233
232
232
231
231
232
230
230
230
229
229
229
230
229
229
229
229
230
228
228
227
227
228
229
228
228
227
227
228
228
228
229
228
227
228
228
227
228
229
229
229
228
228
228
229
228
227
231
233
227
240
199
141
208
221
94
153
134
160
136
94
80
79
176
201
185
172
115
155
92
218
174
89
100
96
90
90
75
103
145
118
106
76
67
80
113
117
112
164
125
92
136
100
124
189
113
83
108
103
121
103
101
123
87
61
141
70
79
91
89
72
97
95
99
106
106
91
96
85
78
103
101
92
103
149
148
141
164
76
64
76
78
81
82
45
59
56
133
237
191
161
185
105
185
167
179
157
180
213
82
67
59
66
70
55
78
136
72
81
116
82
92
87
134
186
52
96
182
222
236
195
147
163
130
71
88
111
92
85
79
62
105
103
105
58
91
191
169
136
232
228
232
232
232
229
228
230
230
231
227
80
73
74
76
71
106
92
78
86
95
96
88
120
110
77
81
88
91
96
88
96
99
75
76
84
82
85
92
78
91
96
102
96
96
106
121
120
125
116
118
103
130
132
88
100
132
114
100
107
92
73
75
102
110
111
108
122
111
116
122
101
86
82
108
91
128
146
130
107
105
115
99
100
80
82
99
101
116
102
99
90
69
99
83
91
95
90
94
88
92
114
99
88
99
110
102
84
83
89
66
84
123
97
95
103
122
104
84
84
90
105
102
102
83
80
92
105
99
102
105
127
114
115
90
94
91
108
117
137
101
97
103
116
136
130
112
105
123
91
115
127
103
82
74
68
71
85
101
113
123
136
138
113
115
116
121
129
146
122
103
102
124
109
78
65
85
60
115
90
101
129
120
99
76
160
142
84
129
149
142
177
77
114
69
80
78
86
103
84
65
134
106
75
114
120
98
86
91
86
87
100
195
230
246
235
235
236
233
238
237
235
236
234
236
235
234
233
232
233
231
231
231
230
230
231
229
229
229
229
229
229
229
229
230
228
228
227
227
227
228
228
227
227
227
228
228
227
228
227
227
227
227
227
228
229
229
229
229
228
227
228
228
227
227
229
226
231
220
147
172
194
108
119
147
199
140
97
84
113
190
197
183
174
117
136
86
178
120
101
130
97
95
92
112
125
112
97
174
104
78
62
128
162
72
148
194
107
206
113
143
215
74
57
105
107
132
98
149
107
121
99
146
102
91
125
122
75
101
96
102
103
105
82
89
86
77
108
107
80
79
83
116
107
215
95
58
116
118
85
81
50
71
83
136
236
247
163
125
99
235
190
160
122
176
173
96
77
68
70
79
71
129
161
55
106
190
24
69
76
58
194
103
55
126
211
201
220
178
153
100
91
109
98
87
96
86
86
102
93
89
88
81
172
199
214
240
226
233
233
231
230
229
229
232
232
230
76
76
75
91
79
113
102
85
81
92
76
96
120
113
77
77
86
86
79
88
111
100
68
65
70
81
68
73
67
53
70
93
96
86
97
112
112
108
125
161
170
145
93
92
95
98
104
118
62
68
102
83
76
75
103
122
107
125
123
142
113
92
95
111
128
188
150
118
99
89
93
79
90
94
102
100
107
102
72
82
105
72
71
84
81
102
100
101
78
77
109
108
115
109
95
97
89
79
68
88
134
119
94
78
96
104
84
67
87
83
92
98
122
120
94
103
83
92
94
117
129
128
120
78
75
86
104
100
118
124
117
115
105
108
115
111
127
135
131
91
95
94
85
81
79
80
122
91
92
121
147
163
103
104
98
111
104
116
123
78
111
109
98
79
146
148
78
103
95
94
107
82
79
81
128
119
94
133
209
133
71
41
60
113
89
87
91
105
78
116
188
91
77
129
92
95
98
88
91
83
139
235
243
231
237
237
233
242
239
234
234
235
234
236
234
233
232
232
232
231
230
231
230
230
231
229
229
229
229
229
229
230
230
230
228
228
228
227
227
228
228
227
227
228
228
228
228
227
227
227
227
228
228
229
230
230
228
228
229
227
228
229
229
226
227
227
229
188
180
229
137
104
107
84
132
85
70
120
135
73
176
233
127
115
99
96
109
94
138
183
100
112
67
143
125
80
82
177
95
78
92
102
82
70
160
212
109
243
204
179
176
63
79
109
101
127
73
145
106
92
96
93
147
104
81
103
92
86
103
101
101
86
80
96
89
85
95
107
83
91
86
78
58
175
100
76
75
80
81
96
97
78
82
112
171
232
251
80
149
218
213
250
207
142
135
209
67
66
80
112
74
70
54
68
111
173
34
111
93
76
102
93
68
122
140
41
134
131
84
68
81
63
66
81
78
70
123
79
66
67
72
112
190
206
169
220
233
229
228
230
229
229
229
231
229
230
57
72
60
81
81
90
108
110
91
77
90
77
91
102
68
82
86
74
78
82
80
66
72
67
69
75
69
68
43
65
80
87
98
118
127
107
109
102
148
136
160
156
108
98
85
81
28
38
40
41
91
70
49
78
100
106
107
108
134
158
116
115
113
122
155
122
112
117
98
102
98
110
110
77
98
120
110
79
87
113
96
104
107
115
113
104
111
112
87
71
117
111
122
94
76
89
76
80
84
95
105
89
86
105
105
86
96
75
90
68
86
106
95
83
100
105
91
88
99
93
108
97
100
100
94
114
115
131
186
127
116
121
119
111
118
120
133
108
107
93
93
111
107
70
75
98
116
127
109
98
136
109
86
87
81
80
80
84
80
130
123
110
97
109
109
148
113
77
113
107
103
90
87
92
87
80
96
95
70
94
149
172
140
247
107
85
70
105
69
148
83
43
116
94
84
90
211
198
109
183
253
255
236
248
249
238
236
231
236
236
237
234
236
235
234
232
231
231
231
231
229
230
229
229
230
229
229
229
229
229
229
230
230
230
229
228
229
228
228
228
228
227
228
228
228
228
228
227
227
228
227
228
229
228
229
228
228
228
228
228
228
228
228
228
227
227
231
216
236
235
154
88
73
113
89
99
185
201
195
202
170
177
81
104
101
99
124
89
170
177
68
198
160
83
93
118
89
84
93
108
139
113
50
86
77
79
81
164
214
239
134
105
100
82
94
202
178
184
50
112
75
167
67
81
96
109
98
88
106
122
99
96
89
124
79
119
211
88
87
89
88
81
68
62
70
71
83
100
81
95
95
88
92
84
58
185
254
38
204
198
78
201
219
180
86
86
96
124
56
58
59
80
89
82
88
50
52
148
92
62
35
32
35
52
63
70
96
66
79
99
96
130
104
65
59
74
102
109
109
96
70
141
197
114
87
234
228
232
231
230
230
231
229
227
224
232
109
122
115
104
78
105
96
104
100
82
94
115
104
127
120
105
112
88
86
107
94
126
113
73
69
78
69
73
73
83
94
90
91
97
95
98
101
120
135
149
107
107
124
111
83
92
54
50
71
62
94
72
70
107
88
100
92
106
130
110
103
124
126
112
104
111
114
121
108
89
94
98
93
98
94
119
89
90
96
89
87
111
111
102
106
87
88
90
87
67
107
112
107
101
104
107
100
100
98
92
86
84
76
124
82
78
98
87
87
58
59
70
77
100
77
87
83
82
91
103
101
81
79
88
109
108
138
152
124
104
95
108
127
140
88
101
92
67
84
84
69
112
96
48
80
77
66
130
92
88
131
144
107
66
112
118
166
122
132
154
92
92
82
77
139
116
164
167
118
113
84
89
90
93
83
81
97
95
86
97
149
188
140
247
102
90
113
88
96
126
231
127
108
61
50
66
209
169
144
162
178
159
195
214
145
215
245
244
235
234
235
234
234
234
233
232
231
230
230
230
230
229
229
229
228
229
229
229
229
229
228
230
230
230
229
229
230
229
228
228
228
227
228
229
228
227
228
226
227
228
227
227
228
228
228
228
228
228
228
228
227
226
227
228
228
227
225
230
229
218
109
99
121
88
70
156
214
183
217
103
71
75
88
85
78
80
75
75
93
111
116
140
82
97
132
118
114
90
114
77
76
100
80
72
83
119
122
196
233
220
131
110
95
92
82
105
160
179
109
221
97
230
113
57
107
101
86
114
104
82
81
89
71
92
61
150
133
65
86
74
68
73
73
95
100
85
84
109
95
79
76
92
96
125
118
172
235
33
115
92
81
70
62
99
74
57
106
205
70
62
199
116
81
93
79
57
115
192
79
68
64
80
136
110
115
76
40
52
84
83
107
97
116
101
51
82
94
104
106
63
65
207
190
168
205
242
230
232
233
230
231
232
230
230
239
230
112
125
116
113
115
108
99
106
102
101
107
109
105
120
130
111
118
117
102
116
81
105
101
77
61
71
69
69
72
71
73
81
88
94
89
92
85
108
129
111
92
119
114
102
134
126
91
86
109
125
115
102
102
131
97
109
100
117
124
89
91
98
108
103
100
106
121
132
89
95
84
96
101
94
97
102
90
101
90
102
102
79
68
86
97
83
85
85
99
97
108
88
98
95
98
96
96
157
85
68
103
90
86
103
72
72
77
77
87
82
73
86
101
89
84
89
81
84
106
125
86
98
92
104
97
95
109
101
112
100
83
88
76
118
94
101
86
96
117
84
57
95
203
191
127
127
175
97
61
131
201
227
78
122
108
97
125
129
163
103
79
68
78
80
94
76
88
105
80
87
68
72
99
77
79
62
107
153
68
111
150
93
86
231
83
118
113
101
124
112
112
80
92
146
155
118
153
108
114
139
112
96
138
131
145
187
231
221
235
237
231
235
234
234
233
232
231
230
230
230
230
229
229
229
228
229
229
229
229
229
229
230
230
229
229
229
229
228
227
229
229
227
228
228
227
227
227
226
227
227
226
227
228
229
228
228
229
229
228
228
227
227
228
227
227
227
225
226
222
226
88
166
131
102
145
108
93
78
167
202
137
80
95
81
97
87
138
149
91
144
143
128
116
87
114
107
107
109
86
72
54
83
89
141
180
175
196
203
243
224
123
113
105
83
86
83
87
62
123
205
124
243
174
81
100
87
97
154
102
86
88
96
80
75
62
93
61
63
96
91
95
100
93
72
75
85
99
94
85
85
79
91
99
101
88
102
93
58
153
141
94
118
109
84
98
78
92
106
69
93
167
82
88
71
78
75
111
102
104
79
87
130
172
114
137
114
105
83
88
99
82
53
66
94
109
91
61
60
75
109
205
181
131
175
231
215
238
229
230
230
229
232
232
233
220
234
99
107
114
102
147
99
72
93
87
83
104
100
109
115
123
121
123
109
109
117
106
122
103
103
64
56
57
60
55
70
85
85
89
87
88
85
88
111
122
77
70
84
100
145
143
119
108
107
118
149
119
104
119
136
107
110
108
112
103
104
95
83
90
96
101
101
119
135
85
105
90
89
99
94
85
90
83
88
105
113
97
83
87
82
75
89
94
93
107
97
110
98
102
106
103
103
92
136
108
52
110
94
89
112
95
79
79
82
84
66
72
82
83
65
84
81
76
82
99
112
93
104
93
82
75
89
111
137
143
117
124
129
108
99
94
95
83
116
137
87
59
66
201
246
126
159
204
177
56
122
244
218
87
146
94
99
94
91
97
114
135
149
86
101
74
65
144
113
122
73
75
70
87
81
69
81
118
112
56
93
153
120
102
123
83
149
101
94
208
134
106
127
163
228
199
114
95
116
128
116
99
109
120
134
178
143
132
190
242
234
234
233
232
232
232
232
231
229
230
230
229
228
229
229
228
229
229
229
229
229
229
230
230
229
229
229
229
229
228
229
229
227
229
228
227
227
227
227
228
227
227
227
227
228
227
228
229
230
229
227
228
228
228
226
226
228
229
246
242
243
140
173
118
88
111
144
136
103
131
188
176
82
90
95
101
85
137
170
84
122
141
202
142
93
101
119
100
116
105
79
70
93
76
127
136
202
140
183
234
175
108
92
115
74
66
57
71
53
94
141
189
211
161
65
89
132
121
122
96
102
81
78
90
76
79
78
76
69
143
103
136
90
73
55
62
73
89
85
87
88
87
88
100
99
80
84
57
50
124
129
84
91
93
79
104
172
76
143
96
115
85
91
78
66
73
80
74
111
156
76
70
74
101
71
90
97
179
148
79
81
77
147
99
152
111
73
153
114
70
99
131
97
103
166
184
195
238
233
233
229
227
230
230
238
151
175
108
118
128
100
122
99
55
76
87
100
117
117
123
117
111
102
120
104
99
112
121
115
106
115
87
61
68
77
72
86
90
86
83
87
91
74
81
93
93
56
77
87
116
160
128
127
115
113
118
145
111
92
105
103
101
96
105
105
108
101
97
88
90
109
119
117
116
104
96
106
94
86
92
103
98
85
82
71
92
83
79
77
99
96
85
87
96
95
102
96
109
103
93
115
106
108
106
109
96
40
84
86
90
107
94
87
82
76
74
60
74
84
63
53
70
76
74
79
97
97
92
93
78
73
79
95
139
161
116
108
126
124
108
97
93
96
94
92
125
101
69
106
208
222
98
156
170
219
122
98
252
183
76
97
92
95
98
73
76
187
198
214
146
197
122
62
121
87
117
82
129
91
79
87
109
127
127
125
106
82
116
105
79
90
140
124
89
109
243
173
82
140
198
208
140
90
84
127
115
87
98
126
114
132
146
119
161
223
238
234
235
230
233
231
231
231
230
229
229
229
228
228
228
229
228
229
229
229
229
229
229
229
229
230
229
229
229
229
228
229
228
226
228
228
227
227
227
228
229
228
228
228
227
226
226
227
229
229
228
227
228
228
227
226
227
227
238
177
174
212
188
137
174
168
106
184
219
203
196
179
201
155
103
116
104
116
102
124
104
106
103
191
106
84
89
92
91
107
119
110
84
96
85
85
103
212
140
133
161
127
102
109
108
72
108
109
78
98
175
123
147
225
179
81
91
150
102
101
97
108
112
99
169
80
92
67
85
67
106
76
87
106
100
63
62
65
77
93
93
94
97
105
88
101
108
89
52
88
89
81
47
68
94
103
103
163
148
123
85
100
65
78
77
63
54
62
62
96
97
61
60
60
69
59
68
96
109
119
77
62
81
117
110
141
79
124
220
190
81
63
63
86
112
161
112
124
245
233
232
229
228
229
229
233
182
123
99
116
121
87
78
98
63
69
91
114
117
101
118
113
113
86
105
89
70
94
99
92
100
104
93
67
78
85
88
87
81
92
80
86
84
59
61
57
72
72
93
106
125
132
140
142
118
115
126
129
98
98
101
83
93
87
101
110
104
84
95
90
108
137
133
129
125
95
107
106
100
93
90
105
110
89
82
64
72
69
63
63
90
102
105
97
90
97
101
90
98
105
95
114
105
119
109
99
73
51
83
88
88
91
93
89
74
63
56
66
75
88
83
63
76
87
79
74
100
96
93
89
69
64
98
105
139
132
106
115
123
123
89
94
95
92
93
78
92
86
131
143
184
128
99
104
108
183
158
81
178
127
89
105
92
97
106
94
92
209
231
239
168
165
184
49
68
71
67
81
121
90
73
105
152
137
131
161
144
116
97
81
69
111
159
109
93
116
197
147
101
123
219
159
99
97
83
105
99
67
88
110
103
95
105
108
208
235
237
234
233
230
233
231
231
231
230
229
230
229
228
228
229
229
229
229
229
229
229
230
229
229
229
229
229
229
229
229
228
229
228
227
228
227
228
228
227
228
229
228
228
228
228
226
226
227
228
227
226
227
226
228
227
227
227
228
237
178
116
139
197
89
160
222
122
211
237
237
238
205
229
221
135
107
103
117
80
100
113
122
87
133
106
97
99
70
65
109
118
105
83
98
90
82
99
191
198
119
106
100
103
138
124
106
131
119
77
123
233
130
85
207
207
104
75
95
88
78
86
101
150
82
152
77
120
98
86
84
96
92
51
91
101
80
72
71
100
101
96
100
100
110
81
87
110
83
84
167
74
118
131
73
85
114
115
128
224
87
81
87
75
82
76
89
109
69
62
67
89
78
67
67
72
68
72
139
70
71
71
69
77
121
78
84
96
197
209
194
90
98
98
96
102
135
154
121
244
232
230
230
229
229
230
221
205
101
81
90
104
81
61
86
69
68
91
103
95
80
101
101
109
92
105
79
58
85
73
84
91
81
74
62
66
73
85
83
72
103
94
93
69
55
54
37
63
89
95
104
131
128
162
140
120
118
122
118
88
100
102
93
95
100
110
120
99
80
100
96
124
143
137
122
126
114
116
124
114
115
112
103
99
94
84
68
70
76
57
61
84
96
111
105
88
103
89
73
83
106
102
108
111
112
103
104
82
87
100
89
80
78
104
96
71
63
51
70
79
80
96
86
77
98
85
77
102
91
89
87
74
56
99
121
134
111
118
107
113
132
88
82
90
98
93
88
73
68
157
122
127
99
116
80
98
170
131
73
97
86
129
190
94
139
155
160
107
190
240
242
155
121
174
40
83
81
68
108
92
90
73
120
144
111
120
151
128
134
101
84
97
115
131
129
109
102
106
130
154
122
187
151
106
121
79
80
86
68
80
87
86
83
91
111
213
202
239
232
232
232
232
231
231
231
231
230
230
230
229
230
230
230
230
230
230
230
229
229
229
229
229
229
229
228
228
228
228
229
228
228
228
227
229
228
228
228
228
228
228
229
230
227
227
228
227
227
226
227
225
228
227
228
228
227
237
219
112
147
215
131
94
189
151
203
227
226
230
225
212
173
187
113
95
97
84
112
109
140
105
88
135
109
105
80
66
112
105
90
112
93
125
149
121
136
168
114
120
91
101
149
138
130
117
110
93
104
159
116
77
122
177
121
97
85
123
101
95
142
177
55
86
76
119
114
81
101
125
113
56
58
82
87
77
78
113
99
100
97
96
97
79
78
87
85
111
158
69
136
205
93
111
121
121
136
173
67
90
86
72
82
90
145
150
126
110
78
147
109
71
66
69
93
91
131
80
61
59
80
96
190
73
72
130
233
178
133
101
131
137
100
102
122
231
199
237
231
230
231
230
229
230
225
206
96
79
73
100
88
79
73
65
76
93
94
89
96
91
89
92
104
126
96
95
106
74
80
84
72
61
62
58
71
80
96
87
115
116
107
84
66
58
41
62
85
89
100
145
146
146
120
122
115
103
111
92
96
101
108
104
120
120
114
108
97
110
114
127
122
131
117
102
124
129
136
128
131
129
112
91
92
88
69
82
85
59
72
86
86
103
95
97
100
70
69
83
104
101
105
109
91
103
108
104
106
98
85
82
80
105
96
79
77
66
75
95
80
84
98
64
86
81
85
98
78
74
72
81
62
106
145
144
121
106
69
81
105
88
70
78
101
97
92
77
75
95
104
141
161
113
129
144
191
111
75
88
91
137
226
98
180
229
198
140
162
181
222
170
166
92
75
118
64
155
148
98
98
75
116
107
91
100
114
100
102
90
87
115
112
113
137
109
83
60
175
135
118
100
130
105
116
86
73
82
96
82
77
96
145
84
136
231
193
235
231
232
232
232
231
231
231
231
232
231
231
230
231
231
231
230
231
230
230
230
229
229
229
229
229
229
228
228
228
228
228
229
229
228
227
228
227
228
228
228
228
228
229
229
228
228
228
228
228
227
226
225
227
226
229
229
229
227
187
151
208
219
231
121
129
162
163
238
229
236
224
142
112
240
172
114
90
104
124
112
128
108
83
147
99
93
106
99
97
103
102
159
99
193
233
182
130
64
123
135
108
109
135
111
104
123
144
135
94
71
97
86
57
119
149
172
166
139
152
141
210
159
71
83
83
82
80
69
86
108
79
54
69
83
80
71
74
92
101
108
89
96
96
76
82
83
92
89
76
73
74
126
105
148
116
99
130
69
56
86
76
76
59
154
203
152
181
147
82
131
100
60
62
61
120
108
66
62
64
54
71
113
162
91
93
122
197
153
82
103
92
102
103
110
117
208
249
230
230
229
230
230
228
230
240
235
144
77
78
83
79
108
75
74
93
93
103
115
104
85
89
91
106
123
108
131
131
88
67
79
86
72
82
86
95
89
107
122
125
117
110
136
73
53
52
81
95
94
120
129
119
105
99
116
101
93
96
107
118
123
109
112
115
107
99
103
116
116
125
123
117
121
118
82
119
133
106
133
115
108
127
108
84
81
64
101
106
74
86
85
77
88
94
108
91
80
96
97
103
108
110
83
98
97
95
101
82
99
101
97
97
89
71
81
88
81
81
103
103
96
90
81
65
69
85
85
76
71
67
87
86
163
158
128
104
87
68
70
68
73
66
72
66
77
81
79
67
65
158
247
159
119
180
172
169
133
85
97
96
104
147
89
148
202
153
186
109
59
160
165
113
39
132
90
32
205
106
82
72
68
109
95
81
89
91
98
97
81
91
107
130
98
112
89
66
99
162
67
87
82
74
107
84
96
70
115
129
98
73
135
201
83
165
248
230
227
233
231
228
233
232
232
233
233
234
233
232
231
233
232
231
231
231
230
230
230
230
229
230
230
230
229
228
228
228
228
228
228
229
229
228
228
227
228
228
228
228
228
228
228
227
227
227
228
228
227
226
225
226
225
227
228
239
186
160
209
153
148
203
207
121
118
133
241
193
237
207
117
199
246
228
179
81
132
135
125
101
85
132
154
106
101
126
103
77
138
104
134
144
225
232
217
179
65
207
101
133
127
100
79
80
138
141
145
129
103
106
80
75
109
176
188
172
64
107
170
171
69
71
77
78
77
80
68
64
68
55
58
116
69
77
72
64
86
114
105
86
101
106
74
75
91
68
71
81
82
80
54
83
72
67
73
78
81
86
81
88
134
108
238
237
235
171
54
47
74
60
49
50
59
104
87
68
76
67
62
55
65
50
57
78
118
102
99
85
83
82
75
75
78
84
158
237
225
226
231
227
232
228
230
230
239
245
93
95
65
81
97
83
82
86
85
108
112
100
92
109
97
88
87
94
81
98
88
87
84
94
94
105
105
95
116
106
104
104
99
105
109
73
82
91
95
87
113
137
106
122
100
99
102
93
83
90
90
97
119
105
103
98
117
117
122
112
124
124
104
111
140
93
93
125
86
91
127
106
119
115
97
100
85
83
115
99
116
108
92
85
91
99
97
97
96
106
101
95
114
132
100
96
90
92
101
96
115
111
83
89
80
69
74
86
88
78
85
86
76
65
96
75
69
88
80
70
73
93
119
164
163
129
112
85
71
69
74
76
73
70
67
56
83
74
74
58
102
204
244
156
180
204
248
246
156
83
95
85
117
91
83
113
93
221
170
158
126
59
49
100
71
87
77
78
69
76
96
81
102
113
75
69
70
74
95
117
101
100
113
117
74
92
95
69
74
96
98
95
108
174
174
60
95
97
111
92
150
89
109
91
93
173
231
231
233
230
232
234
233
232
232
234
234
235
234
233
232
232
232
232
231
231
230
230
230
230
230
231
231
230
229
228
228
228
228
228
228
229
229
229
229
228
230
230
230
229
228
228
228
227
227
227
228
227
226
227
227
225
228
230
227
235
209
194
127
118
150
117
153
242
149
99
227
102
179
142
203
239
219
232
202
124
173
124
160
117
98
164
87
118
125
118
92
79
136
105
69
148
229
138
102
49
105
211
126
89
95
96
87
95
113
108
95
110
104
100
93
100
72
175
137
43
79
88
150
56
57
89
83
64
71
87
75
74
75
76
60
172
61
90
73
58
74
77
73
85
98
87
58
52
65
57
70
72
71
92
92
70
62
77
113
83
83
85
64
193
240
249
235
226
207
131
22
120
183
63
56
55
57
60
60
80
77
80
76
63
59
61
62
99
142
83
56
114
87
112
144
58
142
172
182
227
237
227
229
229
233
228
231
219
219
195
115
126
98
68
72
93
87
79
102
104
105
101
92
101
96
95
118
102
101
121
74
101
112
114
98
122
128
86
91
98
106
105
110
90
99
111
99
97
86
83
123
117
123
108
107
101
95
134
135
107
83
93
96
136
109
146
148
158
155
111
103
104
110
114
123
77
111
107
72
87
90
79
103
113
127
108
110
116
96
108
102
110
89
83
88
96
85
107
92
64
100
88
112
105
92
93
92
91
117
101
77
92
81
106
87
111
78
85
74
84
82
76
59
65
77
66
70
69
64
66
75
72
115
113
128
138
121
123
99
78
76
81
73
83
86
55
70
63
68
47
134
202
211
201
238
180
216
249
178
62
77
129
87
81
95
114
90
191
71
155
161
119
109
81
60
62
47
150
141
106
70
103
101
97
120
76
71
60
81
105
132
123
125
112
90
102
97
83
169
129
111
68
94
121
108
95
88
86
75
70
178
96
219
88
90
230
235
234
233
233
232
231
231
233
233
234
234
234
234
232
232
231
231
232
231
230
230
230
231
231
231
231
231
230
229
229
228
228
228
228
229
229
229
229
229
229
230
230
230
230
229
229
229
228
228
228
228
228
228
227
228
226
227
229
229
226
240
200
141
84
97
231
149
237
182
135
193
118
114
110
213
224
231
225
232
247
193
128
95
110
104
147
109
83
137
161
94
103
59
73
95
121
95
73
78
123
186
162
99
107
142
132
113
90
129
125
102
126
113
174
101
89
90
123
68
101
245
228
94
188
182
158
101
65
76
70
79
82
67
81
48
48
108
85
65
40
35
25
148
157
94
66
62
53
53
70
105
93
73
92
100
86
76
75
140
91
98
47
77
195
126
200
246
249
120
40
70
65
156
106
48
55
68
75
77
83
66
105
105
88
70
116
67
68
90
90
97
203
92
78
171
97
149
255
135
190
241
231
229
231
228
231
231
229
144
59
94
81
101
98
98
77
62
67
84
96
102
80
88
103
96
120
96
92
97
96
69
91
96
80
102
120
103
90
89
89
100
100
90
85
101
88
70
79
75
88
131
115
102
111
103
101
106
140
123
118
136
103
70
78
70
123
165
166
130
104
89
107
103
116
103
106
109
121
96
113
95
76
85
99
105
97
108
117
119
80
79
99
91
113
82
87
76
85
85
111
108
103
120
110
95
98
106
118
118
95
59
104
112
69
79
70
69
75
58
69
69
64
70
76
79
77
71
56
96
51
82
76
81
41
81
122
122
121
116
105
73
64
71
92
65
71
78
49
72
109
185
203
186
248
237
171
217
233
246
163
35
169
185
80
65
125
156
130
43
153
199
64
81
234
55
86
70
181
121
85
56
76
63
100
69
61
79
75
95
102
86
80
80
118
113
79
61
83
110
111
105
92
70
63
74
85
89
90
83
101
204
223
166
84
209
243
234
233
235
232
231
233
233
232
233
233
232
232
232
232
231
231
231
231
231
229
230
230
231
231
231
231
231
230
229
229
229
229
229
229
230
230
230
229
228
229
229
229
229
229
230
230
230
228
228
229
229
229
230
228
227
227
226
227
228
230
228
246
217
188
174
102
117
161
221
144
97
153
125
112
152
208
235
219
227
231
229
211
115
108
190
138
98
94
123
181
102
131
99
125
99
123
111
99
123
150
140
85
96
92
98
102
117
108
113
92
168
158
136
125
105
95
87
79
87
104
244
248
176
131
177
63
61
77
65
64
83
79
75
59
48
100
83
70
74
41
170
128
204
237
221
127
51
70
53
73
109
83
73
65
78
71
77
73
55
59
71
69
102
73
71
49
162
106
64
68
62
121
227
121
67
70
77
60
66
73
84
78
101
124
53
99
79
58
66
70
165
120
106
91
52
74
168
219
205
187
244
230
233
231
227
233
229
200
89
76
90
99
107
103
81
79
76
71
98
96
72
82
90
70
81
93
79
90
84
69
78
96
93
98
96
86
102
85
70
61
81
83
81
71
75
74
72
81
87
90
99
89
97
104
104
108
103
117
125
111
134
96
75
89
104
104
139
140
110
131
125
130
148
108
114
113
95
106
116
117
92
92
112
104
87
118
92
94
114
79
91
85
82
100
86
85
89
80
64
97
103
94
102
113
91
104
95
86
98
94
64
81
89
69
66
61
58
74
76
77
75
79
62
66
59
61
63
72
82
103
117
71
97
105
129
136
119
104
98
87
74
64
73
60
146
85
65
51
90
158
232
206
210
180
218
228
225
225
98
139
47
139
162
99
149
186
199
230
194
109
184
91
77
162
85
79
84
110
73
62
69
81
69
76
61
73
87
74
99
91
102
129
92
98
84
83
93
89
88
94
97
70
61
75
84
84
86
102
99
80
136
220
175
194
231
216
233
232
233
231
231
232
230
232
232
232
231
230
230
230
231
231
231
230
230
230
230
231
231
231
231
231
231
229
229
229
229
229
229
229
229
228
229
230
229
229
228
228
229
229
229
229
229
228
228
229
229
229
229
229
229
227
229
230
228
227
229
224
226
170
135
110
162
120
212
141
98
106
88
163
120
167
251
236
229
228
226
237
209
118
117
91
88
134
157
130
123
128
105
131
107
124
128
95
106
117
87
117
96
84
79
72
75
75
95
109
113
124
94
93
111
70
71
82
105
90
135
246
224
112
72
80
78
73
70
61
78
50
59
67
66
138
120
68
71
27
181
124
215
249
212
56
50
56
41
98
104
74
47
74
78
58
73
78
86
36
46
110
95
81
82
55
48
58
82
118
33
200
191
82
77
71
75
69
75
78
75
93
112
68
33
140
83
50
72
73
82
94
91
85
124
206
212
114
105
123
242
233
231
231
229
231
228
188
163
216
83
104
104
102
89
92
94
101
109
109
89
92
72
68
80
72
83
83
78
63
79
95
87
89
76
76
91
76
68
84
82
75
79
77
76
87
87
81
74
89
86
98
105
95
108
80
83
106
115
87
113
93
97
102
99
104
127
135
112
140
152
123
138
96
88
79
81
88
78
93
71
95
120
97
93
119
98
101
100
84
105
81
71
86
95
89
90
71
68
65
98
105
103
101
98
100
89
87
93
95
55
68
79
64
53
59
65
72
86
83
61
74
59
45
66
64
100
131
88
101
97
108
144
165
144
112
111
115
99
77
75
67
72
59
156
132
38
124
173
115
171
179
204
196
239
232
230
221
149
92
80
150
152
211
209
165
211
173
107
89
150
181
112
98
112
82
74
88
87
62
62
80
98
70
79
88
97
87
82
72
71
138
196
80
79
106
102
74
85
102
96
65
72
78
79
77
85
93
79
98
166
193
138
196
157
161
237
231
231
232
231
230
234
232
232
231
230
230
230
230
231
231
232
230
229
230
231
231
231
231
231
231
231
229
229
229
229
229
229
229
228
227
229
230
229
230
229
229
229
229
229
229
229
229
229
229
229
229
229
228
228
229
227
229
228
227
228
228
223
135
142
183
186
119
170
132
115
112
120
144
148
217
181
207
238
228
232
230
233
183
97
98
83
156
128
109
102
100
104
98
108
83
101
109
103
118
95
84
89
86
71
71
79
106
88
99
67
83
80
90
139
80
90
73
95
86
88
173
207
150
66
89
113
96
65
64
64
120
87
61
135
59
143
65
71
43
189
70
221
241
176
46
55
42
109
173
64
100
111
120
135
55
71
76
79
54
87
100
95
77
78
76
91
112
168
104
21
103
88
68
69
73
70
79
74
80
58
162
140
28
81
148
77
87
77
89
86
94
109
82
167
193
151
130
196
147
200
242
228
231
229
230
230
212
221
170
92
100
99
89
106
111
100
109
93
99
95
81
53
57
72
74
89
85
75
64
75
85
87
87
73
93
93
81
87
101
90
75
72
143
94
82
90
72
67
94
141
117
101
107
97
69
76
91
93
91
109
105
114
102
119
115
129
128
115
127
139
109
123
103
78
74
85
91
76
82
74
90
107
94
78
102
105
103
85
95
93
72
89
84
83
85
89
89
81
81
108
112
94
96
99
93
83
82
86
96
56
68
90
76
51
66
76
70
76
87
65
69
118
72
38
67
104
105
86
88
94
131
131
148
103
96
112
108
91
72
75
93
85
74
86
86
34
180
159
99
167
182
219
188
208
232
231
222
227
119
80
158
103
243
181
171
217
157
69
92
210
177
91
90
87
118
97
80
60
66
75
68
113
79
76
85
94
80
87
78
78
142
176
97
72
87
85
67
87
94
102
84
84
82
84
83
73
80
78
132
194
131
143
192
150
183
237
229
231
231
231
231
232
232
232
232
231
230
230
231
231
231
231
229
229
229
231
231
231
230
231
230
230
228
229
230
230
230
230
229
228
228
229
229
229
229
229
230
230
230
229
229
229
227
232
229
229
230
229
229
228
228
226
229
228
228
227
233
221
177
188
224
154
95
98
92
102
99
123
115
179
232
121
129
238
238
233
243
214
128
124
191
179
144
88
105
92
120
93
89
95
78
117
102
106
102
94
78
87
85
78
79
91
104
66
74
87
63
101
106
103
167
97
71
82
81
63
101
131
106
76
57
86
82
72
69
52
144
95
56
96
38
95
63
66
62
120
40
185
195
98
61
55
52
123
133
66
127
129
169
207
61
74
72
61
74
97
65
63
53
65
94
152
209
233
190
64
132
87
82
78
77
77
98
86
79
61
105
94
85
143
89
111
135
79
90
100
81
104
115
172
119
166
169
146
120
223
237
229
230
230
225
221
124
107
90
101
93
93
96
137
131
115
96
92
100
79
55
50
68
82
82
83
75
75
79
71
71
68
68
70
87
88
74
85
87
85
73
74
137
88
73
89
86
93
148
175
128
122
127
98
79
86
105
108
102
104
104
108
108
128
122
133
116
108
112
109
100
114
103
87
76
86
97
89
80
89
90
103
89
77
89
101
90
81
92
77
84
98
84
81
80
88
93
89
107
107
102
86
89
92
86
79
76
75
86
63
60
78
82
65
70
77
76
61
82
75
66
109
93
44
82
98
82
83
94
112
119
103
125
83
87
120
111
81
64
72
99
86
73
64
56
46
156
104
108
168
224
243
145
194
232
232
226
235
104
69
180
104
144
139
166
147
127
59
113
220
122
77
75
78
138
104
70
57
69
88
66
87
88
71
71
80
128
80
79
101
130
101
96
67
65
71
78
83
88
93
91
80
87
89
105
127
95
76
191
224
176
202
221
165
226
231
228
230
231
231
231
230
231
232
231
232
231
230
232
232
231
230
229
229
229
230
231
231
230
231
230
229
228
229
230
230
230
230
229
228
228
228
228
228
229
229
229
230
229
229
229
229
229
229
230
229
232
227
230
228
229
228
226
229
229
227
230
224
226
210
158
112
73
124
90
83
110
133
101
204
221
174
118
220
235
191
166
162
122
147
199
198
115
81
113
142
123
89
95
90
84
108
78
91
86
93
86
73
78
85
85
86
74
51
66
84
66
99
100
97
163
84
90
80
72
64
74
78
71
81
98
66
84
87
72
58
101
93
69
61
41
102
89
50
67
60
41
120
118
71
64
53
62
102
91
68
147
130
170
189
80
86
73
64
79
69
83
92
94
59
81
114
177
192
150
165
160
87
85
82
80
81
97
96
85
79
55
86
135
101
61
122
109
87
87
97
70
80
155
171
167
182
154
88
119
198
241
231
230
228
229
231
127
59
112
98
93
86
118
154
131
119
88
94
107
72
65
77
94
97
94
82
68
74
84
67
66
56
63
74
69
75
61
70
87
88
77
85
96
90
92
95
93
117
168
137
129
140
124
105
103
96
130
130
101
117
100
108
123
116
121
130
108
104
103
92
95
105
104
101
74
82
102
100
81
100
95
100
89
100
87
90
80
85
98
93
87
90
91
80
92
92
88
96
108
91
89
88
84
88
85
78
74
59
70
68
62
73
78
80
81
92
119
66
69
81
73
67
82
78
95
105
74
81
99
106
105
112
104
85
76
105
104
77
65
63
80
71
129
93
67
58
105
117
101
153
228
217
144
207
230
226
231
226
70
74
188
135
85
104
166
101
89
93
107
169
137
71
94
87
143
86
67
76
80
82
76
62
80
82
70
75
153
84
90
96
105
76
84
76
78
82
85
81
88
76
86
82
80
86
111
159
110
106
169
208
231
229
241
197
238
234
232
235
234
230
230
229
230
231
231
231
232
230
231
232
231
230
230
230
230
230
230
230
230
230
230
229
229
229
230
230
230
230
229
228
228
229
229
229
229
229
229
229
229
229
229
229
230
228
232
229
232
228
231
229
229
228
227
229
229
229
230
231
234
209
103
100
124
203
105
88
183
162
122
230
232
243
190
224
220
165
75
110
129
123
130
124
101
100
147
170
102
95
96
83
81
76
65
71
79
100
77
72
81
80
76
76
70
55
61
69
143
121
85
122
135
76
95
100
76
98
73
95
80
83
143
67
82
86
74
72
62
77
74
66
51
101
92
74
66
48
97
94
71
82
59
51
63
92
92
73
155
118
136
123
86
86
80
73
73
52
122
164
160
74
78
122
90
155
124
163
110
72
84
87
85
82
89
94
94
90
69
118
138
44
57
122
82
81
87
85
74
71
126
127
169
138
133
137
145
114
209
230
230
230
224
170
156
107
122
94
98
85
129
131
112
108
96
89
101
90
104
107
98
91
100
89
75
79
77
68
76
74
103
99
74
67
63
77
98
97
86
92
91
108
117
102
82
102
102
87
124
130
114
111
122
101
125
114
94
134
108
122
138
112
115
124
111
99
99
98
91
98
120
110
79
89
100
102
93
102
98
93
91
116
78
82
86
86
114
119
73
99
105
88
118
101
97
110
98
74
84
90
84
94
99
91
90
69
61
70
73
88
78
77
105
130
162
104
87
93
82
77
75
88
99
107
60
80
84
74
103
122
73
71
67
79
77
73
69
54
66
65
169
91
67
85
139
131
118
140
150
138
197
173
234
219
215
233
79
77
139
122
102
105
187
106
80
193
90
122
162
52
177
85
123
67
68
76
87
79
88
66
71
86
79
84
97
103
103
81
88
97
95
91
104
93
96
86
82
77
92
85
103
87
108
118
95
188
127
135
189
220
233
239
235
233
234
235
215
234
235
230
230
232
231
231
232
230
230
230
230
230
231
231
231
229
229
229
229
230
231
230
230
230
230
230
230
230
230
229
229
230
230
230
230
228
229
229
229
229
229
229
230
231
232
228
231
233
230
230
229
226
231
228
229
228
228
232
225
191
151
154
219
233
126
140
248
157
147
211
205
228
226
226
223
179
84
103
82
90
101
84
103
116
157
119
102
97
94
79
72
71
69
69
80
91
61
99
99
74
65
74
86
66
55
96
215
163
82
111
139
73
83
143
89
111
73
122
99
89
104
71
65
71
71
66
58
62
63
62
68
55
72
129
67
57
142
93
74
76
61
42
72
93
103
143
134
115
118
78
72
67
78
77
64
82
127
148
150
95
134
222
123
202
188
112
94
78
92
100
89
89
98
93
98
91
85
111
136
111
91
116
96
65
81
81
83
76
69
71
67
85
113
184
144
55
145
229
229
234
217
120
123
110
73
95
94
92
123
98
107
116
109
100
92
106
110
101
85
84
83
86
75
93
86
81
88
92
131
118
88
62
77
97
80
80
82
89
80
96
104
100
94
72
52
103
120
124
134
120
109
104
100
92
94
111
109
118
141
119
114
121
112
79
96
104
91
101
130
110
87
100
84
85
106
91
95
100
86
102
64
84
92
83
108
110
92
126
121
133
134
107
104
117
91
70
84
87
78
107
112
111
118
119
66
76
65
83
85
75
124
142
138
151
148
120
87
99
93
87
105
92
78
88
73
60
86
86
69
58
66
81
74
69
59
53
72
77
59
57
67
137
225
58
200
133
80
86
203
98
243
219
172
224
91
54
75
84
70
188
163
63
56
215
118
73
75
57
209
88
60
54
66
74
71
93
94
73
89
73
74
86
59
86
75
88
86
102
106
88
101
107
130
82
74
88
103
63
179
127
152
126
83
219
225
125
155
247
230
236
221
195
229
192
160
216
223
236
231
232
231
230
232
230
229
230
230
230
231
231
231
229
229
229
229
230
231
230
230
230
230
230
230
230
230
230
230
230
230
230
230
229
229
230
229
229
229
229
231
228
230
230
231
232
229
230
231
229
228
229
228
231
214
202
221
174
215
244
233
230
196
223
232
107
116
121
95
163
163
184
223
178
117
122
89
109
111
99
99
114
104
68
108
91
93
96
68
76
72
79
86
61
59
108
106
92
77
77
86
75
71
116
136
133
77
78
79
64
92
167
80
75
76
84
130
109
60
79
76
71
64
63
62
79
67
65
59
72
88
118
68
67
93
73
82
82
68
34
88
90
126
225
87
147
120
48
64
60
69
89
65
135
121
47
86
91
208
228
196
212
121
178
131
70
91
98
88
99
114
102
100
91
78
75
128
213
210
95
75
73
73
93
78
70
84
88
80
72
54
149
146
85
153
236
229
230
235
241
162
81
82
91
87
94
118
106
125
115
104
95
82
90
86
84
90
93
71
88
78
81
82
92
93
75
93
97
87
65
85
87
93
85
90
91
93
96
98
99
91
81
90
132
115
117
133
96
96
108
105
116
103
103
90
114
118
103
122
113
91
78
89
79
97
111
120
120
99
89
90
81
80
95
94
93
83
85
79
86
80
82
112
105
123
113
151
163
121
123
125
107
95
93
88
85
81
122
104
98
101
108
88
92
77
95
91
121
143
102
125
127
154
146
115
126
104
103
89
98
97
83
88
73
71
80
83
70
73
72
62
69
72
59
84
88
55
77
70
157
144
117
228
189
141
93
85
116
248
202
171
234
127
34
85
78
108
207
98
114
72
86
127
47
35
61
104
78
75
72
78
69
65
82
83
79
87
88
75
69
62
64
84
89
67
70
78
68
95
217
125
62
73
82
111
78
166
226
235
200
120
87
228
210
149
226
242
239
163
151
232
104
147
118
146
245
229
231
230
230
232
231
230
230
231
231
231
231
232
229
229
230
230
231
231
230
230
230
230
230
230
230
230
230
230
230
229
229
229
230
230
230
229
229
229
229
229
230
230
231
237
215
232
234
232
228
234
235
233
241
201
133
210
244
247
202
159
218
245
253
214
87
96
84
91
68
124
209
144
189
81
88
105
110
92
91
101
101
121
85
56
98
84
88
83
78
75
79
70
53
69
72
81
125
87
80
84
87
86
57
65
89
87
76
72
83
95
109
75
95
73
48
135
113
71
74
62
65
83
137
95
64
71
75
62
74
78
59
67
46
101
163
91
130
59
57
73
86
121
120
74
93
95
62
44
79
93
102
107
129
113
71
87
76
201
145
55
116
122
61
57
82
97
80
87
111
114
87
95
84
68
79
61
117
245
177
67
87
88
92
68
76
72
78
77
68
99
154
181
240
219
236
231
228
228
234
219
137
61
87
83
101
100
89
102
103
94
97
102
102
105
90
85
70
98
115
75
81
71
87
103
92
91
73
83
87
74
78
84
80
90
99
104
76
88
101
84
90
113
141
114
105
99
96
112
110
120
92
77
111
107
117
118
72
136
102
91
75
81
109
121
111
89
105
92
90
92
83
66
74
78
77
81
100
103
87
111
125
104
119
101
99
121
109
112
114
149
112
109
107
95
101
111
142
122
115
136
81
90
107
100
92
63
112
141
124
121
74
72
137
126
166
119
102
86
94
70
67
75
74
74
68
46
67
59
56
59
61
68
80
77
83
102
128
63
87
78
241
136
178
122
59
63
70
203
187
203
138
90
42
66
54
73
55
66
200
219
150
120
52
136
101
59
46
64
77
73
64
72
67
72
50
43
69
136
136
70
123
100
88
54
65
67
136
222
240
112
141
97
140
132
160
62
248
238
249
188
56
152
109
68
106
172
244
220
227
132
152
136
132
166
239
230
231
230
230
231
230
230
230
231
231
232
232
232
230
229
230
230
230
231
230
230
230
230
230
230
230
230
230
230
230
230
230
230
230
230
230
230
229
229
229
228
230
230
231
243
187
175
203
231
237
224
219
232
167
111
167
131
178
247
145
147
224
236
248
195
82
119
144
113
90
154
154
95
126
110
104
93
80
115
120
105
113
118
83
37
158
94
82
70
119
135
61
74
60
68
54
48
44
68
86
89
82
65
125
112
68
86
79
67
68
81
76
90
98
64
40
44
59
69
204
146
49
55
142
188
66
63
62
61
75
66
70
84
50
208
253
135
74
55
71
73
93
97
96
105
91
86
76
91
104
91
103
99
93
109
79
78
76
104
46
52
164
132
78
93
73
78
77
74
60
79
104
83
113
66
70
82
92
192
207
63
65
69
49
121
146
88
71
87
112
209
182
203
142
100
234
251
253
251
231
241
207
48
72
72
108
102
84
94
98
91
102
94
103
79
74
72
80
126
112
91
75
73
77
95
92
83
98
108
99
99
70
72
68
62
61
56
59
73
74
82
85
95
106
116
106
94
97
108
127
112
77
135
135
101
103
93
107
102
85
87
88
105
111
112
94
80
85
95
109
95
81
78
67
66
82
110
109
103
97
113
94
104
100
107
123
128
78
83
99
119
102
104
110
90
111
118
114
114
115
102
89
68
89
96
89
103
121
96
105
104
121
122
114
126
99
109
125
101
68
87
86
79
79
68
58
66
57
42
49
64
63
72
78
66
68
93
96
47
58
67
69
117
136
157
175
172
210
95
191
123
118
76
75
112
54
90
89
81
208
190
119
62
67
87
102
151
131
129
50
58
51
68
74
62
77
166
124
104
104
115
188
50
129
151
193
179
222
251
238
194
67
83
99
93
108
140
243
231
230
235
235
182
153
130
118
59
201
233
130
75
232
173
230
243
234
232
231
230
230
229
228
229
230
231
231
231
231
232
230
231
230
230
230
231
230
230
230
230
230
230
230
230
231
230
230
230
230
230
230
230
230
229
229
229
229
231
228
231
233
223
214
243
234
240
236
165
214
217
115
113
180
172
100
185
153
184
227
233
203
86
114
126
127
122
56
186
139
97
122
105
104
103
111
149
94
95
99
83
69
43
120
88
85
73
156
132
56
71
64
73
67
68
69
68
88
99
86
61
153
112
106
86
80
84
71
146
67
75
67
117
147
114
69
94
116
94
74
77
39
62
81
79
61
77
63
60
74
79
75
128
236
125
72
72
83
110
100
67
83
89
103
87
99
103
80
89
97
95
95
102
84
80
79
83
85
70
85
76
111
84
92
90
108
77
114
106
91
89
109
71
50
71
83
239
135
69
93
70
207
113
103
99
88
82
90
196
103
81
56
209
218
177
179
171
250
242
226
154
64
68
92
111
91
77
90
88
89
103
71
73
82
86
87
87
72
75
76
90
74
80
77
93
101
86
94
107
86
78
70
49
40
41
51
68
87
131
96
78
96
102
93
76
106
104
106
95
104
131
108
99
92
91
101
110
107
86
90
91
101
91
108
94
104
97
78
91
87
95
91
71
99
112
91
65
71
102
102
108
108
129
128
99
84
91
96
102
80
77
87
91
106
121
79
95
98
74
78
66
59
68
82
96
92
93
98
121
148
103
89
106
78
93
132
95
81
100
90
87
78
73
70
62
53
42
66
79
71
62
67
65
72
76
56
48
63
92
146
67
83
141
174
199
200
101
188
104
148
70
64
95
47
116
106
82
126
159
183
51
110
83
81
152
141
164
112
73
63
62
70
79
108
238
139
112
124
98
42
47
140
189
230
237
173
130
137
198
135
157
167
135
149
197
222
234
232
244
236
237
219
221
231
120
119
157
130
164
201
85
193
234
233
230
230
230
230
230
229
229
229
230
231
231
230
231
231
231
230
230
230
231
230
230
230
230
230
230
230
230
231
230
230
230
229
229
229
230
230
229
229
229
230
231
228
230
229
247
191
184
144
168
252
238
234
155
131
131
121
190
127
91
141
187
187
111
133
99
115
105
79
151
167
123
99
124
99
146
130
111
104
105
120
99
107
107
85
54
66
93
149
75
140
128
101
71
94
67
72
82
78
68
74
90
85
69
84
65
123
68
82
91
80
141
66
66
66
123
195
81
56
78
64
109
163
76
76
64
82
80
73
64
62
85
104
68
83
65
126
91
98
90
93
91
155
159
62
83
95
86
86
84
91
71
77
79
70
68
89
92
82
80
70
78
74
92
89
100
115
89
64
65
114
141
98
117
113
129
125
64
79
181
96
75
86
80
156
77
135
78
78
89
93
133
101
205
206
234
139
75
88
93
176
202
214
226
82
75
88
115
99
82
79
88
83
89
67
88
90
90
95
82
63
74
77
84
68
78
88
94
97
92
91
91
79
69
67
54
55
72
79
86
89
117
97
77
99
97
95
80
98
99
98
95
107
96
98
112
96
88
101
93
98
89
91
86
106
111
104
80
89
99
90
97
100
99
98
89
85
81
74
66
79
117
105
114
113
103
111
96
87
108
100
86
81
88
80
83
101
113
83
101
85
82
87
100
71
57
60
63
118
106
123
104
100
83
76
103
98
73
105
100
87
71
81
65
68
77
85
76
78
45
70
100
55
58
65
86
82
69
64
54
66
85
125
72
118
168
103
130
107
109
109
108
124
61
84
82
95
86
108
116
125
187
238
38
86
75
185
212
172
144
185
59
61
67
74
73
77
132
105
141
221
124
85
104
151
121
120
206
178
62
59
196
226
213
149
141
161
205
243
247
230
243
203
114
144
117
131
133
132
114
175
233
212
160
221
231
231
231
231
229
231
228
230
229
230
230
231
231
230
230
230
230
229
230
230
230
230
229
230
230
229
229
231
230
230
230
230
230
230
230
230
229
229
230
230
230
229
231
229
229
236
209
158
181
139
171
132
180
240
220
100
90
112
104
157
103
180
205
173
98
81
100
124
127
106
123
145
86
96
105
106
101
83
88
98
90
104
81
99
101
85
92
88
172
222
98
149
91
92
83
86
89
85
81
76
84
83
75
74
57
82
125
88
116
87
88
86
78
87
74
74
92
138
64
65
68
62
123
146
80
80
68
74
66
74
111
61
85
111
70
81
69
74
73
90
107
95
86
146
127
82
84
83
95
97
95
106
85
89
80
66
68
85
92
87
66
69
83
106
91
74
87
97
72
93
100
79
118
132
146
58
166
182
69
138
124
60
48
64
83
102
86
164
97
75
103
88
87
129
150
232
222
108
64
69
78
102
160
209
172
99
93
97
102
102
87
83
86
78
80
81
82
83
82
94
76
69
82
79
70
71
93
91
92
91
81
77
81
77
81
96
74
85
87
89
81
114
143
126
107
105
100
109
103
106
94
87
97
104
99
110
98
94
131
83
80
103
109
102
112
104
106
88
88
93
94
93
98
103
90
102
93
83
74
78
74
73
98
111
94
97
100
112
95
104
104
93
85
87
87
72
71
78
79
81
98
83
72
81
102
93
61
52
75
118
106
128
96
103
86
69
80
111
77
88
105
78
59
62
58
65
75
84
87
75
42
62
93
48
60
63
76
79
58
65
65
77
74
67
71
122
138
76
102
99
94
82
93
88
67
85
88
153
58
109
127
102
198
251
48
122
115
238
247
141
88
147
58
108
80
184
117
54
101
128
135
157
79
151
107
141
106
150
190
144
109
153
167
212
133
89
153
83
198
220
194
198
192
163
92
85
140
142
105
115
143
219
178
235
227
234
232
230
228
231
230
231
231
229
229
230
230
231
231
230
230
230
230
229
230
230
230
230
229
229
229
229
229
230
230
230
230
230
230
230
230
229
229
229
229
230
229
229
229
230
229
235
216
202
198
163
191
133
142
239
189
107
116
96
105
152
129
126
135
169
105
92
125
112
118
100
88
98
87
73
106
110
103
83
68
86
94
85
76
86
92
86
98
98
198
194
94
184
88
97
91
73
96
82
83
86
90
93
91
70
47
69
118
125
127
84
83
71
76
91
74
80
86
70
63
54
58
122
94
81
73
86
81
57
54
61
94
67
75
82
74
80
59
57
79
97
101
83
73
89
91
94
76
76
84
88
105
103
94
85
80
79
61
77
84
87
78
72
78
99
78
71
69
91
89
122
89
74
97
99
83
52
134
177
82
107
123
71
91
69
87
93
82
128
88
88
103
81
75
107
88
148
171
76
51
154
100
87
176
163
124
90
89
81
87
97
89
93
83
71
73
81
71
80
80
81
70
66
79
73
77
75
83
77
92
91
82
85
93
92
94
98
93
103
92
93
117
150
136
132
130
101
110
97
99
103
97
88
94
94
120
106
77
81
141
76
72
95
104
97
108
95
97
86
97
98
86
90
92
101
99
88
84
92
92
79
73
75
96
108
80
92
110
111
88
112
86
82
90
89
68
70
67
65
65
78
81
73
73
78
78
83
65
60
109
108
96
114
109
125
91
63
63
92
81
71
78
65
64
64
63
74
77
83
68
66
44
51
74
61
62
65
64
70
67
54
68
64
80
70
69
102
97
129
118
98
88
100
83
78
74
78
151
146
66
155
167
126
212
184
74
161
163
233
191
84
60
85
81
145
78
218
142
93
93
163
143
106
73
129
102
114
97
189
197
176
202
222
194
219
141
76
175
88
160
171
148
137
172
147
93
85
190
167
163
111
121
220
151
212
240
230
231
229
230
231
230
230
233
231
229
230
230
230
230
230
231
230
230
230
230
230
230
230
230
229
229
230
230
230
230
230
230
230
230
230
230
229
229
229
229
230
229
229
229
228
230
228
230
232
227
168
146
199
195
237
169
111
178
141
143
133
124
108
100
127
100
113
114
91
81
73
76
85
89
82
118
91
134
92
67
87
74
61
77
82
78
78
138
119
151
113
85
138
92
105
106
83
82
89
90
92
95
96
94
73
62
60
77
96
93
89
79
73
80
90
76
101
83
53
62
93
58
141
72
95
64
88
84
74
66
66
78
79
69
66
71
65
87
99
88
98
83
69
70
69
72
73
73
80
80
69
90
103
109
77
70
77
63
69
72
83
79
80
64
69
67
71
66
75
101
126
109
98
72
75
63
45
85
158
75
78
109
85
119
76
79
86
79
80
79
88
85
108
109
87
115
170
138
74
114
160
82
81
131
105
152
76
82
74
81
87
80
91
84
80
76
77
73
83
83
74
74
58
72
84
86
78
81
74
93
94
84
88
100
101
103
90
95
96
89
87
142
150
126
128
126
92
104
68
88
109
104
101
87
91
148
94
66
65
89
93
96
83
89
84
99
91
93
95
95
86
82
93
97
99
104
83
89
90
92
80
91
92
100
98
75
99
111
101
80
97
65
74
84
93
67
76
80
73
73
80
69
67
97
106
77
83
85
87
122
104
88
92
100
94
79
59
59
72
73
57
57
63
78
81
69
75
71
77
45
91
71
48
75
78
67
76
70
66
127
51
67
52
130
143
53
85
82
163
111
91
96
110
84
84
74
81
203
177
150
154
182
128
199
116
74
133
164
150
186
88
67
67
78
121
72
179
179
169
53
140
179
141
127
83
108
100
86
128
211
169
227
221
227
248
207
116
174
161
83
115
129
121
171
125
100
129
202
168
236
119
100
221
201
207
233
229
230
229
232
229
231
232
229
231
230
230
230
230
230
230
231
230
230
230
231
230
230
230
230
229
230
231
231
230
230
230
230
230
230
230
230
230
229
229
229
230
229
229
230
229
230
227
228
233
225
159
117
173
215
229
175
107
223
202
138
117
116
142
117
102
114
117
90
88
83
79
78
91
86
92
112
85
131
95
84
88
70
59
83
84
105
144
168
187
173
118
93
92
101
96
105
87
86
119
90
88
92
90
92
83
111
65
75
60
68
89
78
84
78
90
86
110
70
84
84
163
90
119
70
162
70
128
108
135
67
72
78
70
63
67
66
58
116
118
79
87
78
75
75
77
69
60
80
92
92
70
80
99
105
78
69
82
74
65
59
61
93
80
82
124
74
57
65
100
134
151
148
97
64
65
77
85
110
185
77
79
87
86
100
75
76
151
116
75
92
82
72
113
117
123
151
154
95
114
209
145
81
76
71
76
132
79
82
83
82
81
65
77
83
92
85
89
90
85
81
78
78
52
67
91
72
90
116
98
96
94
70
73
89
91
98
90
84
78
76
70
113
133
146
128
102
92
104
77
105
141
103
97
82
110
161
89
70
73
61
107
133
85
88
90
105
86
89
105
95
90
84
96
103
96
88
90
93
76
76
92
114
102
85
98
89
96
100
93
82
96
64
68
84
97
89
94
100
83
71
81
71
73
105
128
113
111
114
131
117
97
84
88
81
49
61
69
74
72
68
63
72
71
88
91
75
64
54
65
55
108
86
53
87
81
70
78
69
69
144
75
78
71
168
183
63
108
92
120
82
97
94
96
86
81
66
85
173
222
197
83
128
80
131
102
59
69
108
82
234
114
81
97
70
87
127
176
207
182
32
90
178
140
139
80
114
128
111
96
231
125
191
228
230
200
195
179
181
184
34
78
118
130
129
89
135
177
183
186
233
143
162
234
242
236
230
230
230
231
231
230
231
234
228
230
231
230
230
230
230
229
231
230
230
230
230
230
230
229
229
228
231
232
231
231
231
230
230
230
230
230
230
230
230
229
229
230
229
229
230
230
230
231
229
231
179
166
169
101
149
200
148
100
195
181
105
102
116
144
115
111
124
105
81
106
114
97
81
94
86
89
90
97
103
101
98
86
96
78
90
85
171
198
137
250
240
157
110
108
106
85
87
75
103
124
85
87
83
81
95
87
127
72
97
80
77
94
80
82
81
94
101
95
65
102
90
152
102
84
67
157
72
149
144
190
55
58
73
79
62
67
63
73
93
77
67
81
84
93
76
78
79
70
91
109
95
80
85
78
79
76
74
91
73
63
45
67
135
63
121
184
128
106
114
183
178
179
151
66
77
51
77
191
199
205
76
79
86
87
79
75
79
201
144
90
97
92
98
90
85
170
172
82
92
184
223
180
162
119
77
87
108
89
73
77
84
86
64
68
80
92
101
113
111
93
75
76
72
52
58
61
63
109
131
119
99
89
69
70
84
79
71
81
76
68
65
59
104
137
139
104
84
110
135
126
120
146
98
75
85
123
126
79
85
107
99
95
120
85
86
101
88
80
102
118
105
123
95
95
89
90
76
82
70
71
84
109
100
95
85
104
119
84
83
90
97
128
85
64
110
93
94
110
106
83
56
81
76
74
76
97
135
121
122
157
123
89
88
106
90
61
61
82
97
78
69
77
91
78
83
80
72
61
44
58
82
81
54
53
78
81
63
62
62
76
56
111
96
93
115
128
134
155
117
72
81
85
78
78
88
68
54
78
101
143
96
54
81
82
69
102
72
38
64
131
158
72
84
123
94
91
221
205
140
98
63
79
118
92
121
100
139
176
130
157
232
190
164
220
219
122
171
237
229
181
104
103
138
107
78
80
130
176
128
206
177
189
231
213
232
231
229
231
229
231
231
231
230
231
231
231
231
230
230
230
229
230
231
230
229
230
230
229
229
228
228
229
231
231
230
231
231
230
230
230
230
230
230
230
230
230
230
230
230
229
232
231
230
230
231
222
168
192
192
111
136
167
122
93
92
108
96
96
102
111
95
102
89
89
68
118
104
75
86
91
90
115
78
88
98
114
92
97
97
77
80
91
197
113
129
233
176
97
116
104
89
91
86
78
102
92
92
93
81
82
90
80
70
80
93
76
93
114
76
67
75
105
112
82
79
84
53
68
55
46
54
74
60
68
122
168
65
49
95
168
84
60
60
82
63
54
72
81
88
95
73
81
79
68
103
115
71
75
73
58
64
66
70
69
61
66
42
127
152
46
116
140
218
240
227
241
179
177
133
63
89
80
121
255
249
144
41
81
84
83
80
75
74
93
99
88
81
107
151
103
79
168
205
129
178
225
144
186
249
194
122
134
192
97
86
88
91
92
77
69
91
117
145
133
115
112
79
77
84
70
61
67
100
113
84
111
103
77
87
78
83
78
80
99
89
68
60
71
133
113
99
84
102
134
121
113
100
91
102
89
87
97
80
84
91
104
101
82
90
80
80
78
81
100
136
126
110
112
115
99
69
74
83
84
61
75
93
99
92
95
100
93
86
82
80
93
108
114
93
66
108
95
94
87
79
80
58
96
77
62
59
74
111
112
111
117
121
91
108
89
74
58
61
56
78
79
58
74
84
81
84
50
59
55
50
53
80
105
57
52
75
102
62
60
104
86
66
97
84
89
55
94
132
98
102
81
83
75
74
80
93
60
52
74
76
84
70
94
103
99
81
91
87
63
141
120
39
56
64
74
59
74
182
191
72
66
84
65
123
192
238
124
173
154
73
80
166
222
130
137
119
197
250
229
217
245
246
188
200
155
89
90
72
120
110
217
81
162
186
188
240
230
234
231
232
232
230
228
232
229
230
230
231
230
230
230
229
230
231
230
229
230
230
229
229
229
228
229
231
231
230
231
231
231
230
230
230
230
230
230
230
230
230
230
230
229
231
233
229
230
227
230
247
192
95
114
236
186
146
158
65
102
96
119
81
106
104
93
80
94
75
98
82
62
83
81
127
138
82
83
133
137
92
104
74
68
78
120
148
123
237
173
71
92
95
77
97
110
88
85
123
106
111
82
68
89
104
89
71
89
85
69
101
87
61
46
87
106
97
80
100
106
80
93
67
71
61
79
95
41
65
79
60
57
150
230
125
46
59
61
66
57
60
71
90
82
73
82
60
64
115
83
64
63
47
68
65
75
89
60
67
86
61
112
148
53
92
209
236
234
239
228
209
241
108
87
103
159
184
229
222
104
52
79
72
70
70
71
71
61
75
108
93
93
136
114
94
170
138
92
161
118
61
182
216
184
203
195
113
93
90
81
82
84
68
92
113
113
120
105
93
104
88
81
87
86
80
70
133
69
78
144
110
79
78
93
92
89
85
72
121
90
69
139
130
108
92
78
91
111
88
90
94
101
98
101
104
102
118
120
98
116
108
100
96
94
91
82
87
116
103
83
101
80
99
78
57
66
102
93
74
78
80
80
99
95
77
66
77
67
73
81
66
75
101
65
91
107
87
75
68
57
63
83
68
60
93
119
167
118
96
105
82
98
99
102
63
62
48
53
64
55
69
101
69
71
58
44
47
43
47
52
57
81
43
81
120
109
121
115
133
91
73
77
72
91
82
57
41
65
66
73
71
76
65
84
84
54
53
84
91
118
135
115
75
79
67
72
75
122
190
89
64
49
40
65
69
90
121
107
89
172
59
126
230
244
220
78
100
158
156
88
154
242
206
222
222
253
239
233
222
219
233
249
230
150
97
72
86
107
150
88
97
156
110
194
241
227
230
229
230
232
245
235
231
232
230
227
230
230
231
230
230
230
230
230
229
229
230
230
230
231
230
231
231
231
231
230
229
229
229
229
229
229
229
229
228
228
228
229
229
229
231
231
226
231
232
230
226
177
156
113
167
198
200
213
174
101
68
87
85
104
92
69
85
78
99
82
81
100
77
91
179
145
90
174
246
139
86
107
71
71
99
232
111
131
249
207
110
90
68
80
107
101
79
102
107
74
68
57
81
160
142
99
79
86
83
59
87
76
81
71
123
63
69
84
122
79
69
62
39
127
130
126
144
112
132
108
77
50
85
133
95
71
62
57
53
55
63
66
46
67
68
68
85
73
76
61
65
51
62
65
89
120
129
66
77
80
66
61
185
77
101
215
219
222
225
229
242
213
37
65
83
94
89
67
109
56
63
67
73
82
77
73
76
92
118
135
101
70
77
80
83
129
78
114
111
66
79
82
77
109
235
126
47
91
79
63
80
75
76
80
112
114
113
99
103
108
97
79
84
86
86
93
113
83
90
112
99
70
78
70
74
76
74
109
143
78
76
84
93
100
94
97
88
87
83
80
94
106
77
81
106
123
120
113
118
104
93
106
107
112
114
102
102
111
93
76
88
79
70
76
67
65
71
79
88
84
94
104
96
73
68
65
61
84
72
65
72
79
95
85
86
85
77
87
84
77
84
82
85
132
165
133
146
93
85
129
123
85
78
65
76
62
38
46
52
64
86
86
91
75
47
47
40
71
71
81
66
39
63
90
93
117
103
97
103
87
80
95
80
80
96
77
66
63
58
66
79
74
71
74
76
47
63
108
106
75
75
59
60
62
111
102
69
126
155
134
162
57
134
176
51
146
64
135
240
232
27
230
234
215
244
141
178
211
236
212
237
230
158
178
237
229
127
220
218
231
233
225
234
170
68
87
107
67
168
134
71
159
122
173
248
229
230
230
230
240
174
235
230
231
231
229
232
230
230
231
231
229
230
230
229
229
230
230
230
231
231
231
231
230
231
230
228
229
229
229
229
228
228
228
228
228
228
229
228
228
229
229
230
228
227
229
247
179
183
97
80
122
118
173
227
240
185
102
107
96
71
111
80
67
78
109
94
115
106
76
54
57
51
222
137
64
92
83
92
67
94
153
112
214
176
166
178
159
94
108
114
101
88
89
89
76
70
68
51
99
113
181
147
141
136
101
103
80
86
85
149
127
66
98
80
71
75
64
56
88
91
107
96
117
210
138
82
76
60
90
93
69
53
52
55
62
74
79
63
57
55
49
68
60
61
79
84
70
65
51
51
38
27
31
45
49
34
13
157
57
42
146
241
217
219
224
218
132
177
139
172
108
64
61
54
60
80
58
73
89
59
69
85
94
110
71
64
65
79
75
64
54
85
88
83
138
115
105
62
140
173
194
64
87
83
73
83
105
101
92
101
104
114
115
81
101
99
92
88
96
105
93
92
95
102
100
90
78
83
65
66
65
74
79
107
75
101
148
126
95
102
111
88
86
89
86
98
85
63
79
82
82
86
88
84
73
98
97
80
99
91
88
83
98
110
91
86
68
70
85
107
100
111
99
85
81
84
94
86
85
75
71
65
79
77
77
84
77
74
79
75
73
79
81
85
73
71
50
69
132
130
84
147
96
80
70
100
61
57
59
48
59
66
64
41
79
121
85
72
73
71
60
47
67
80
65
55
57
76
91
89
105
90
94
89
80
98
91
85
82
80
85
91
78
49
62
81
89
75
63
71
50
67
91
85
93
104
84
99
76
103
108
65
138
172
95
156
64
171
137
191
129
33
115
205
127
92
252
245
224
240
219
222
236
233
229
242
176
162
195
179
109
130
243
216
232
227
242
249
162
72
130
56
53
123
195
58
90
123
132
141
235
239
234
242
227
136
218
236
228
230
231
231
230
232
229
230
231
230
228
229
231
227
230
228
226
229
230
229
228
232
229
232
229
228
231
229
226
228
227
228
229
228
228
229
229
229
230
230
229
225
233
199
139
108
149
199
143
107
208
221
206
151
83
58
167
135
82
71
139
54
81
102
110
114
68
108
144
166
219
83
81
79
106
74
76
84
85
191
238
208
156
106
109
98
110
103
78
64
99
101
89
83
113
128
60
101
180
118
98
161
124
161
149
223
139
79
106
87
91
87
85
77
59
46
90
89
124
71
168
238
132
67
50
57
65
55
53
48
63
77
70
78
80
66
57
54
123
151
58
71
70
67
74
54
46
46
46
66
89
72
88
159
188
71
111
87
164
185
225
231
221
217
222
242
192
101
111
69
77
85
87
79
76
155
78
129
121
81
85
94
93
81
92
91
81
99
106
94
72
104
147
111
90
70
73
66
115
162
74
67
78
84
107
98
94
91
91
93
110
82
101
97
91
96
80
102
100
103
116
98
69
68
74
83
77
56
60
67
66
76
70
152
197
128
97
106
100
102
117
94
87
93
90
69
73
86
98
77
85
96
94
109
82
81
86
79
69
61
86
104
85
81
83
85
95
113
113
127
95
85
85
66
76
70
84
83
70
68
58
78
80
76
74
75
72
65
65
65
79
93
101
68
51
89
107
104
112
86
104
95
64
65
69
58
66
55
49
67
66
77
93
84
63
66
66
72
83
73
63
71
66
62
45
68
106
108
99
85
92
81
84
90
80
82
78
74
83
79
76
74
78
85
78
82
80
91
55
57
67
78
84
72
82
91
80
128
78
46
84
109
102
105
150
139
154
205
36
141
182
167
69
86
135
154
215
234
228
232
234
237
246
242
202
191
211
164
147
144
209
203
246
237
185
230
212
199
117
78
78
92
194
101
146
130
112
186
239
174
242
216
193
222
234
233
231
228
231
228
231
231
234
231
228
227
227
232
229
229
227
229
243
240
230
231
231
230
228
228
229
229
226
229
231
230
228
228
229
229
228
229
229
229
228
229
228
225
234
196
160
177
230
217
162
133
234
224
221
113
64
70
148
169
73
79
200
87
90
96
105
141
58
161
108
89
132
62
82
100
127
84
39
111
131
234
251
126
162
173
107
62
71
84
108
128
86
109
99
99
120
146
56
81
135
112
59
136
171
97
107
181
89
93
118
100
88
97
92
70
84
52
68
54
114
146
232
113
53
61
135
81
72
79
57
69
80
102
66
67
63
69
67
58
111
144
59
58
49
43
44
55
48
51
74
85
80
68
64
95
128
65
93
86
192
177
226
228
225
225
230
239
228
200
163
60
107
116
95
87
95
123
70
96
108
97
109
96
80
79
106
103
79
81
85
68
59
68
68
93
120
81
76
62
103
167
87
81
82
86
85
84
79
81
73
76
98
106
111
106
99
83
90
92
96
107
103
81
61
88
94
76
72
50
49
56
72
115
82
140
137
106
101
102
104
117
102
98
88
80
79
73
81
100
106
88
88
92
91
94
88
81
90
88
86
63
88
79
82
91
77
80
86
92
100
122
87
94
102
80
92
86
86
82
74
75
64
68
79
77
73
81
79
59
60
66
89
109
104
103
68
74
70
95
105
58
87
91
77
53
83
59
56
60
65
84
49
69
84
67
48
66
68
62
73
67
60
72
57
50
37
68
109
95
85
81
84
88
91
79
69
70
68
81
91
77
72
72
82
86
75
85
83
88
56
58
67
75
82
50
66
68
79
141
66
45
90
84
84
79
169
204
146
88
114
155
128
86
123
127
69
97
210
232
229
233
232
227
192
239
220
200
237
185
134
111
139
153
208
178
125
127
149
167
136
193
169
72
96
174
167
125
123
182
175
107
173
156
170
254
244
234
230
231
229
228
230
228
234
232
231
228
238
215
237
240
235
202
199
199
231
232
230
229
230
229
229
231
229
229
229
227
229
229
229
229
229
229
229
229
228
229
230
227
231
227
224
229
247
155
104
182
235
225
231
194
149
82
102
104
71
111
209
154
77
95
142
120
83
182
101
115
162
83
73
83
107
182
149
166
110
230
221
155
148
134
176
145
128
135
159
157
81
118
107
122
118
156
178
122
113
123
93
174
149
82
124
131
73
105
101
103
82
98
76
79
153
87
57
63
64
125
193
95
135
127
137
59
129
115
66
68
91
92
74
75
61
55
58
55
59
62
44
57
51
42
77
65
50
50
65
69
67
80
83
94
75
42
170
90
193
218
233
240
229
231
229
192
242
237
147
64
80
81
101
105
94
96
82
71
96
83
94
80
77
79
85
95
72
85
130
62
58
61
87
91
82
77
71
121
104
93
89
98
89
83
74
85
80
74
72
80
91
99
101
92
86
78
92
83
84
87
78
71
59
102
78
68
60
47
46
50
65
96
85
116
106
94
102
92
102
96
64
92
101
84
63
68
90
95
82
91
87
80
70
80
90
85
85
85
105
104
107
82
81
100
94
77
81
75
96
100
87
90
98
93
92
91
91
91
88
70
64
67
76
75
73
79
76
66
63
71
90
102
98
112
88
83
65
85
79
69
71
81
79
45
98
78
59
59
86
89
44
48
67
78
73
70
64
58
69
81
74
84
56
53
40
58
86
78
76
74
73
90
90
79
75
69
65
85
85
86
74
68
77
79
75
72
70
80
52
63
78
81
93
77
68
70
80
102
58
53
97
81
73
66
151
196
87
113
217
121
105
91
139
150
52
101
184
235
232
229
231
224
178
230
190
185
251
166
98
92
96
107
134
110
99
111
109
102
119
243
236
152
63
127
130
115
190
117
117
103
160
164
199
208
160
208
242
235
232
240
237
234
232
230
229
232
242
168
214
226
206
168
122
153
237
233
230
230
229
231
229
230
229
230
228
229
230
230
230
230
229
229
230
230
230
229
230
230
227
234
237
235
244
167
132
224
228
229
227
242
219
84
119
123
91
110
221
145
41
123
188
115
181
163
155
177
203
100
69
111
174
202
218
178
78
186
201
220
133
141
223
223
213
212
200
127
80
108
101
110
101
138
208
159
124
127
125
148
105
102
122
114
88
102
90
86
77
85
82
73
131
104
53
92
67
155
102
84
140
136
87
61
114
99
81
58
72
77
79
63
48
52
49
57
50
32
33
63
52
77
171
40
54
52
54
55
74
86
154
183
86
67
225
99
179
232
228
230
236
232
242
107
185
214
123
65
58
81
107
84
89
79
78
77
89
81
102
91
91
75
82
77
88
152
186
60
57
104
124
96
61
67
78
147
141
72
91
102
86
83
76
88
87
75
79
88
82
73
79
68
70
78
83
84
80
65
64
66
55
85
76
77
61
53
48
51
51
52
71
120
96
80
90
86
101
79
67
79
86
86
66
71
88
85
83
90
94
94
78
75
87
84
75
87
97
122
108
90
86
95
98
76
81
74
95
84
92
77
80
96
87
91
100
103
94
76
65
66
69
71
69
68
64
72
72
71
85
108
124
103
91
97
82
83
71
78
72
84
84
51
93
98
74
59
88
104
72
73
82
88
89
69
61
69
97
95
84
85
63
57
43
58
72
77
88
75
68
76
77
77
74
72
62
82
83
91
70
66
73
72
72
68
61
73
47
75
83
83
105
110
77
80
81
71
47
53
84
77
70
66
109
105
58
147
154
80
115
169
162
193
95
159
157
235
229
233
236
237
221
197
149
174
238
111
75
94
83
86
90
90
100
111
100
92
95
230
206
221
150
130
128
103
199
82
98
111
167
147
203
150
101
196
224
226
233
222
224
228
232
228
231
238
211
130
189
189
172
152
130
186
237
232
231
230
231
231
231
229
228
232
228
231
230
230
230
230
230
229
229
231
230
229
228
232
227
227
226
229
239
212
206
234
227
230
226
224
165
62
182
177
131
124
217
173
76
174
223
180
220
93
151
160
167
127
92
161
207
131
221
201
119
169
221
242
170
204
231
232
233
236
225
111
82
114
84
84
87
92
122
134
143
121
112
99
89
110
89
110
97
101
90
83
84
74
116
72
77
82
61
91
104
162
115
80
85
85
69
95
102
82
88
48
43
64
57
76
74
47
47
57
76
116
105
54
45
79
170
28
57
56
55
65
77
68
148
178
87
100
195
97
153
168
159
159
234
242
234
60
131
195
139
68
97
88
78
59
96
100
84
71
77
84
114
118
125
70
72
73
91
141
181
127
66
93
96
77
69
75
85
110
123
104
87
96
79
87
84
77
79
79
77
81
74
66
70
55
72
72
76
83
77
63
59
58
56
58
84
103
77
65
54
50
44
44
77
133
77
84
89
89
99
87
92
68
79
99
82
84
84
90
106
94
112
117
108
82
88
83
83
101
89
100
95
83
84
80
76
75
77
88
94
82
87
74
82
99
95
95
101
94
90
90
72
60
64
61
62
61
76
72
67
66
87
126
135
99
86
86
89
98
89
82
81
86
99
77
83
103
79
68
79
109
95
107
106
82
67
65
61
76
117
86
85
78
70
55
51
78
76
84
115
73
64
54
58
67
58
69
60
86
88
81
61
64
66
70
63
67
60
61
45
82
82
83
95
103
78
79
80
69
46
62
76
75
65
77
72
66
81
107
65
40
79
176
169
199
146
201
187
238
234
240
233
243
233
182
149
165
208
116
102
93
81
83
85
93
104
85
92
125
123
193
142
224
193
202
135
99
129
96
107
103
136
93
142
127
121
200
188
220
227
159
174
197
236
237
229
202
163
164
207
188
196
183
212
241
233
231
230
229
231
231
232
230
231
229
228
230
230
230
230
230
230
229
229
231
230
229
227
230
230
229
230
230
228
224
232
228
228
225
232
216
104
89
232
160
183
186
188
218
178
217
233
250
160
37
86
125
161
175
138
200
152
93
235
238
189
192
240
230
227
234
229
228
226
231
241
125
117
163
75
90
100
73
61
118
134
97
79
89
88
96
71
94
100
105
90
93
89
74
124
87
80
68
71
76
144
95
139
124
89
56
71
111
125
116
93
37
32
42
42
106
104
36
45
53
80
202
203
43
42
42
68
37
59
62
56
96
76
49
91
88
71
115
127
91
133
110
80
90
196
207
170
86
106
164
151
69
121
72
54
67
92
119
92
59
82
81
95
116
132
88
54
84
79
88
163
183
70
46
57
57
69
88
77
64
59
116
70
87
80
84
90
65
65
74
72
70
77
71
73
55
76
70
72
64
62
74
55
54
58
46
51
103
86
74
63
53
52
57
113
122
89
117
106
94
79
82
79
73
132
132
97
107
97
103
99
103
120
113
113
99
96
100
104
101
102
87
91
77
69
73
71
81
78
102
96
81
75
85
101
103
98
90
91
71
89
86
75
63
67
52
67
86
124
81
47
62
98
120
91
95
91
74
83
104
103
92
83
77
94
90
94
94
74
79
71
69
77
90
91
74
55
69
61
64
89
77
92
81
78
69
66
88
67
77
117
59
51
41
43
56
50
65
68
90
82
65
61
69
66
70
53
52
59
53
42
69
82
99
65
71
81
79
80
54
59
91
74
83
72
72
74
94
86
110
109
53
51
122
102
86
139
163
236
246
219
195
190
190
180
189
157
130
195
201
164
91
93
92
75
80
93
99
121
144
159
136
147
240
125
153
80
105
96
107
126
112
108
93
87
136
147
165
194
235
199
129
159
190
239
227
189
124
133
220
219
201
237
238
248
228
232
230
230
231
227
230
230
231
232
226
230
231
230
230
229
229
230
229
229
231
230
230
228
228
230
229
228
229
226
230
228
231
234
228
232
236
175
202
219
101
204
237
169
158
230
188
176
227
139
53
66
154
229
169
164
239
135
108
233
235
220
214
230
228
234
231
232
231
227
224
225
142
150
176
83
115
115
97
80
144
94
76
76
80
83
83
84
80
99
103
93
77
70
69
84
86
96
93
69
76
151
66
41
130
109
74
53
92
103
146
103
33
27
34
65
99
74
37
49
62
57
158
168
49
48
62
42
40
62
63
48
129
97
55
100
70
81
127
77
87
119
138
76
86
119
99
101
126
78
98
111
60
64
75
106
84
77
86
73
72
94
91
83
83
85
108
66
94
95
116
185
116
58
63
71
65
67
79
72
60
59
86
87
80
81
72
70
64
63
66
70
67
77
71
57
64
74
69
65
51
58
78
58
74
57
48
56
59
72
82
71
82
93
101
111
88
103
95
85
82
68
60
59
111
148
101
113
151
132
100
88
126
104
96
99
103
114
113
101
89
90
80
70
66
71
75
70
74
89
86
80
83
87
97
93
103
102
89
87
86
89
80
82
72
69
73
98
148
155
108
49
65
98
113
98
94
90
72
80
69
71
80
77
77
59
60
87
74
78
62
48
60
67
70
68
87
75
72
65
62
61
70
88
68
80
86
65
74
44
52
74
54
48
39
46
44
49
70
66
67
74
68
64
73
89
70
59
55
64
55
45
61
85
121
68
68
81
89
82
47
71
89
62
99
84
50
60
73
71
76
55
142
141
183
129
31
157
123
161
214
115
67
110
73
131
108
93
82
197
204
118
92
105
100
67
77
88
85
147
69
117
114
192
252
186
100
80
90
104
101
111
105
81
69
101
160
200
112
188
229
134
200
250
247
227
151
133
128
120
160
146
107
197
224
237
237
226
231
234
230
229
230
229
228
231
233
235
229
230
230
229
229
230
229
229
230
230
232
231
229
229
229
228
225
230
229
229
219
231
237
230
228
233
216
113
64
120
221
151
171
217
67
66
170
203
89
78
153
158
51
156
240
140
68
167
247
233
238
245
239
229
229
231
152
147
143
133
178
78
61
91
99
81
90
91
64
74
113
121
86
94
102
110
110
83
89
80
57
54
58
66
64
77
92
71
66
63
68
53
30
87
93
55
59
77
102
81
40
12
80
100
107
78
31
75
87
59
80
41
49
56
156
115
85
63
46
46
136
119
60
81
64
68
69
63
67
67
128
77
64
65
51
139
115
103
73
67
61
53
78
159
89
111
83
74
68
46
102
112
66
61
66
73
112
105
79
175
113
75
72
69
60
65
66
71
70
72
59
106
91
100
101
72
70
61
69
81
68
72
85
52
56
49
73
57
71
78
59
70
84
86
71
55
87
90
87
101
102
107
104
83
79
92
94
82
63
64
43
67
109
103
104
130
145
133
105
108
119
92
78
94
111
111
80
80
75
82
87
71
71
74
75
79
80
88
80
88
88
93
84
94
98
91
78
84
102
115
87
74
76
69
74
119
99
119
134
65
68
85
101
115
92
113
89
90
78
67
80
75
77
67
66
74
59
74
76
50
59
73
82
74
73
72
66
76
71
70
67
65
56
75
67
79
104
62
51
78
45
43
36
42
46
75
75
60
63
66
62
58
67
71
64
59
58
64
46
52
64
92
110
78
87
92
84
78
58
48
60
78
73
47
71
62
132
84
79
66
147
209
107
54
46
189
150
66
58
127
71
99
99
76
86
91
80
102
88
52
63
96
95
80
97
220
172
82
81
59
77
164
241
246
207
114
78
85
82
45
70
55
96
105
155
208
94
120
153
131
177
227
229
231
187
188
198
221
209
137
190
242
244
201
207
234
228
224
233
236
235
240
247
241
174
228
231
230
230
230
229
229
230
229
230
230
229
230
231
229
228
230
226
230
226
237
171
126
188
238
232
215
108
59
147
74
112
125
246
244
177
184
244
226
171
78
113
117
45
210
183
118
70
130
236
141
164
203
163
211
218
157
63
165
180
72
83
134
75
97
73
78
90
85
62
73
110
89
86
109
106
66
90
99
87
59
64
58
59
73
65
72
69
111
152
110
80
68
51
46
66
61
56
47
76
61
44
11
156
196
77
50
16
146
146
65
111
109
52
64
118
79
100
73
60
83
106
45
67
70
80
59
71
74
86
78
72
88
62
86
105
158
38
85
80
80
67
81
71
45
72
91
65
98
68
80
114
106
86
63
61
75
86
118
146
210
229
55
65
83
74
53
42
50
56
73
49
92
90
89
93
88
79
57
61
72
65
74
78
56
72
66
69
45
61
63
71
79
76
79
89
58
76
95
83
71
78
71
79
86
82
60
90
68
49
65
84
65
118
112
99
77
75
99
102
97
88
104
111
110
87
66
111
94
107
99
83
85
69
70
76
87
81
87
90
99
96
91
88
75
99
101
86
94
87
88
78
73
68
87
61
127
152
98
94
82
59
79
104
99
103
120
72
68
79
66
77
78
94
86
91
55
61
64
56
39
35
79
83
79
67
71
76
73
57
84
99
105
92
79
58
84
99
66
48
57
47
45
37
42
41
87
93
60
58
42
61
53
64
76
82
80
78
62
35
32
41
53
72
87
112
83
75
80
51
61
67
71
51
89
77
60
89
107
100
102
85
140
64
66
242
138
63
110
170
97
69
95
139
80
111
87
79
74
93
70
61
68
80
75
85
250
181
88
100
87
162
178
188
250
169
69
75
104
130
92
122
157
108
85
131
134
93
86
136
163
132
198
197
237
242
252
251
253
142
105
133
186
243
117
128
240
227
213
232
228
241
214
178
252
149
180
237
228
233
229
230
227
230
228
231
228
231
227
227
231
227
227
230
225
231
207
209
176
103
250
246
165
86
60
203
144
124
116
128
199
251
209
223
202
138
127
224
107
151
250
245
216
111
131
182
104
41
52
76
115
227
200
238
248
191
88
88
72
70
84
116
145
61
103
72
97
111
66
78
84
78
69
83
98
88
56
50
47
55
52
60
49
29
91
101
73
78
96
43
37
74
71
58
48
59
52
44
35
91
113
70
60
51
73
84
98
111
27
44
60
32
51
111
45
184
102
62
90
72
59
115
150
96
118
93
101
86
115
101
79
76
90
78
79
65
62
65
63
122
78
59
46
71
61
85
172
128
122
98
136
123
60
145
247
176
137
129
171
84
65
56
36
83
58
52
63
96
83
86
63
60
78
67
79
65
69
64
58
57
63
72
71
64
58
58
54
55
76
69
69
76
64
75
65
62
58
52
88
80
78
53
48
110
95
84
73
70
113
123
92
80
81
101
97
86
78
77
111
101
81
74
82
94
86
76
94
83
75
64
70
64
61
81
88
87
98
78
87
76
77
95
95
106
102
90
97
89
76
60
80
99
89
128
79
70
69
54
92
120
110
138
100
78
87
84
84
75
76
82
79
88
65
61
43
36
30
32
59
76
82
66
72
81
83
59
55
96
108
100
93
76
67
78
62
44
69
50
53
80
46
77
100
81
58
67
61
47
49
62
71
79
64
69
62
37
45
151
125
81
84
69
78
84
63
50
56
62
56
59
104
97
63
79
92
99
91
87
81
69
78
112
207
73
105
162
59
89
99
95
87
82
86
88
89
99
83
72
78
88
69
101
168
86
96
75
100
102
94
138
246
59
98
122
117
121
132
93
110
106
88
131
139
100
102
118
95
161
158
229
238
253
219
195
236
138
119
150
141
229
229
210
207
161
130
149
189
155
168
90
165
136
193
234
227
229
228
229
231
232
227
230
228
228
229
228
231
227
230
226
231
231
232
216
235
199
164
234
160
108
96
225
206
119
92
103
101
236
238
181
89
167
165
139
117
180
242
200
218
226
227
94
83
101
180
213
209
205
233
254
215
75
98
80
86
84
80
89
77
64
88
122
133
132
93
65
74
59
60
73
89
82
63
65
73
96
135
93
164
184
73
100
61
60
109
69
80
49
59
61
49
23
38
48
45
83
55
60
50
63
58
68
90
92
151
107
105
55
66
116
39
71
58
87
93
64
67
100
154
108
79
61
81
79
93
78
93
99
88
83
82
67
68
64
46
93
152
74
49
91
77
82
95
81
56
191
231
152
86
128
247
163
65
131
243
182
54
45
67
146
58
52
89
107
64
82
69
87
107
102
88
66
82
72
57
46
64
83
78
71
77
77
62
78
78
62
67
70
64
55
52
52
57
64
89
67
59
65
75
86
96
94
63
70
133
105
101
108
90
103
100
86
79
79
97
97
86
67
79
80
73
73
74
91
111
104
82
65
62
65
72
79
90
79
73
81
87
111
123
129
119
106
115
96
79
66
65
90
86
85
84
85
75
58
88
122
120
116
107
92
85
87
99
88
77
72
76
84
64
73
51
36
22
37
85
96
87
79
74
79
113
83
64
88
89
87
89
86
69
68
60
47
61
50
47
64
65
86
82
73
58
52
63
39
40
45
64
61
74
73
53
35
59
116
155
94
71
60
67
61
55
53
57
58
65
62
64
112
82
81
81
86
83
85
95
151
172
26
163
159
161
103
69
86
94
93
84
87
89
96
82
94
100
95
105
112
96
92
98
82
96
121
107
94
81
165
175
79
92
108
116
86
97
78
93
115
91
106
103
91
105
96
72
156
198
235
233
176
134
117
100
90
107
166
207
240
237
242
200
147
159
81
178
164
125
103
122
133
160
248
242
234
235
231
228
229
225
232
231
229
227
228
229
227
229
228
224
239
219
172
221
188
132
149
171
128
127
135
189
150
144
165
113
193
236
229
206
131
99
99
106
80
168
131
110
235
246
90
79
137
203
221
233
158
111
160
170
151
121
99
162
85
71
73
84
74
83
111
140
150
90
73
83
71
70
68
85
64
77
182
212
195
204
145
185
184
62
83
71
57
55
52
121
89
35
67
50
112
71
61
64
63
61
61
58
69
57
70
81
158
175
85
80
61
96
92
42
72
62
75
67
73
76
112
119
102
62
73
91
75
72
85
88
124
120
74
84
85
79
69
82
79
105
62
66
69
70
77
90
91
80
185
107
71
126
152
194
111
89
179
145
107
52
42
105
165
176
79
110
96
73
81
89
115
112
111
89
66
88
88
63
40
62
66
65
80
82
91
78
82
66
55
61
59
61
57
49
48
43
49
70
61
57
81
62
56
82
72
65
75
108
85
114
98
99
110
99
91
92
88
98
103
113
84
95
76
77
80
79
94
123
115
102
91
88
70
77
80
70
53
61
85
102
116
128
107
109
106
105
94
85
70
62
77
90
76
78
90
96
56
84
122
119
101
109
114
83
95
126
83
69
71
75
84
58
82
57
73
32
61
96
76
84
89
71
84
119
101
70
62
72
78
80
97
72
67
64
50
55
49
47
55
71
76
71
79
56
46
50
48
43
43
61
51
66
66
64
36
101
151
112
99
91
67
66
76
75
63
65
63
65
59
58
82
66
68
77
74
84
91
93
141
224
135
146
162
221
195
96
79
89
88
80
88
77
81
74
83
85
85
101
105
107
96
84
90
79
93
102
123
92
112
104
82
90
91
126
101
96
120
125
123
113
119
106
98
84
105
133
205
136
175
155
146
111
116
169
159
165
190
223
231
183
238
225
203
204
110
140
160
93
137
204
182
141
186
177
223
214
227
229
227
232
227
230
228
227
232
226
231
229
234
242
192
163
150
226
207
116
132
179
106
113
81
108
102
179
214
124
164
195
175
128
136
193
158
192
173
187
179
103
170
178
175
81
73
128
151
234
169
81
77
175
179
102
105
115
104
98
81
88
103
87
146
117
87
76
89
85
149
94
85
83
66
59
120
208
238
210
155
85
157
106
70
77
115
148
75
83
87
63
55
71
202
105
63
61
48
51
52
61
66
88
118
91
120
105
67
92
146
197
102
51
140
65
69
80
75
74
84
95
85
78
88
94
82
85
87
76
91
102
89
90
90
83
63
165
126
71
54
59
62
79
82
65
58
110
130
57
45
75
187
144
88
103
146
100
82
71
54
83
220
233
106
145
176
80
76
84
105
103
109
100
79
91
94
67
55
71
63
66
87
80
90
94
67
43
52
57
49
60
60
52
48
34
45
67
55
58
68
47
45
61
68
72
72
77
80
103
102
124
123
100
105
107
104
110
121
114
98
87
73
83
77
74
91
106
98
97
91
112
87
73
74
60
66
69
80
100
96
123
105
108
97
77
84
87
80
70
73
84
78
77
110
105
81
113
117
109
98
106
109
83
101
132
86
71
69
83
80
53
73
92
118
88
73
86
77
88
80
71
91
98
81
78
82
70
78
79
85
76
82
67
53
48
52
55
57
66
73
74
82
57
60
63
70
52
40
54
62
56
92
107
33
116
138
84
126
124
62
72
80
80
65
62
67
66
64
67
62
87
72
68
66
77
90
88
93
156
170
184
108
142
167
91
89
77
76
78
94
85
86
76
75
74
80
98
100
85
91
80
80
79
86
84
96
96
87
83
82
138
97
124
118
106
135
122
124
100
103
99
75
57
125
209
220
126
155
168
126
102
108
184
166
151
185
208
162
149
172
200
179
158
154
158
125
110
111
197
215
129
137
101
210
148
236
235
234
222
236
230
227
228
231
228
229
231
221
192
161
168
200
241
190
112
133
145
107
128
93
85
82
145
205
167
179
186
180
102
127
163
140
176
248
221
193
176
112
84
156
166
102
117
147
160
184
89
95
130
125
110
108
86
98
127
92
75
121
73
141
87
77
95
105
90
128
84
94
91
83
68
63
102
119
180
174
60
140
156
53
64
147
214
115
60
74
137
66
69
155
77
56
45
67
133
74
65
69
83
102
81
131
147
64
109
202
248
175
127
176
49
42
73
73
62
76
97
67
77
100
87
74
93
89
69
76
82
73
65
79
82
73
106
113
81
91
88
47
76
69
81
48
60
66
52
52
81
133
95
80
83
85
184
150
64
50
136
250
238
132
95
119
82
91
84
99
103
105
107
93
91
83
70
67
75
71
75
88
96
100
104
62
45
60
64
39
51
54
50
49
35
52
58
50
62
62
57
37
52
66
65
68
63
81
92
107
138
115
96
116
113
96
106
115
100
99
89
72
95
93
70
84
89
95
101
106
104
110
77
76
98
130
92
90
100
82
114
111
102
92
82
87
90
91
82
76
85
99
100
118
104
113
135
108
104
91
107
97
82
89
105
95
73
69
89
85
49
76
119
120
117
91
91
90
90
72
69
93
74
62
89
106
76
82
82
73
74
79
79
63
43
60
75
77
73
80
84
78
61
66
71
75
63
37
45
58
55
91
99
35
144
92
104
123
119
66
74
69
69
64
73
72
75
72
73
69
100
78
68
68
67
82
89
83
81
115
222
101
72
158
82
83
70
79
87
94
94
95
88
77
70
85
92
93
81
81
74
68
118
90
76
63
84
98
90
80
121
95
112
95
98
107
107
124
103
86
81
51
49
105
206
222
198
205
191
101
90
122
110
139
120
201
167
108
125
119
148
122
114
166
141
110
131
98
117
184
138
128
109
191
150
237
214
230
189
215
238
229
227
227
230
228
231
220
173
196
220
229
183
129
117
113
121
132
143
115
96
95
84
163
224
218
207
209
186
127
82
86
90
196
161
127
202
118
78
136
186
181
176
114
94
200
100
109
93
101
100
84
83
75
96
77
79
153
113
116
88
96
115
115
96
83
73
94
101
88
77
87
135
104
107
121
57
133
178
75
96
163
200
84
60
68
142
67
60
81
55
55
48
77
138
71
69
71
65
73
78
136
136
71
133
231
230
164
179
146
91
96
69
61
53
79
84
148
98
116
95
69
80
80
58
72
67
60
120
100
64
78
44
69
106
160
132
92
81
104
155
109
50
91
101
140
153
74
109
80
70
91
209
179
48
97
215
233
159
140
95
46
93
110
106
108
96
97
93
86
78
64
68
61
66
72
82
93
108
104
97
72
68
71
72
42
40
54
50
54
51
69
55
57
71
70
74
45
63
59
61
67
74
96
113
97
128
89
84
108
97
77
87
93
92
95
98
76
118
140
101
88
97
117
130
130
96
127
100
96
138
154
112
115
107
90
107
105
91
97
108
99
91
90
86
86
89
119
115
106
100
128
121
99
99
89
122
84
78
71
73
88
69
73
90
96
53
87
104
93
91
99
97
85
78
69
60
88
69
65
90
101
76
79
76
66
65
68
116
83
40
64
94
98
88
82
85
78
65
59
61
64
70
52
47
39
65
69
56
45
207
114
109
84
87
79
69
59
59
69
87
81
83
75
77
86
75
65
68
77
65
79
88
96
71
72
206
142
82
188
83
67
73
84
91
81
85
89
89
89
62
79
82
82
88
68
64
69
172
83
104
65
72
89
92
73
67
88
101
79
91
86
104
115
119
101
77
56
60
76
129
198
250
213
140
101
110
171
88
137
141
214
128
105
115
137
116
117
125
153
95
117
128
124
88
132
143
123
143
163
199
212
194
219
173
191
242
225
232
228
229
230
229
230
219
237
241
190
95
128
144
99
122
145
139
111
90
95
60
116
249
236
224
219
241
114
79
108
78
114
94
102
177
146
135
169
124
170
206
66
62
188
163
141
111
109
105
98
121
87
72
104
144
213
161
104
105
111
134
93
90
83
79
89
92
83
79
92
208
221
104
55
36
98
134
104
119
140
170
42
72
61
91
55
54
69
65
56
58
60
76
69
65
65
49
67
92
100
59
97
188
227
164
60
115
80
141
199
122
53
62
73
64
186
115
130
110
75
67
69
68
61
54
81
199
106
69
103
56
57
99
152
126
157
140
194
198
134
78
122
159
227
175
68
122
85
84
145
142
164
101
194
228
165
90
106
143
55
113
105
111
99
73
85
73
64
59
54
65
61
63
70
87
100
91
81
82
78
84
77
68
55
42
66
65
72
83
90
78
71
75
66
77
77
82
76
76
74
103
120
140
105
111
78
84
94
78
82
75
86
92
91
74
90
149
168
130
113
120
126
132
119
109
120
112
109
125
111
113
125
96
91
97
102
96
103
105
102
90
82
80
88
79
108
107
103
96
131
101
99
90
88
135
66
74
75
65
69
69
77
93
96
71
83
88
82
66
77
78
70
67
60
53
80
77
65
75
82
65
65
63
56
60
74
135
91
46
70
96
96
91
77
75
87
68
56
61
60
67
76
66
37
68
80
57
57
241
152
71
69
80
82
69
52
61
79
78
82
79
72
82
98
65
58
64
80
79
87
83
90
82
62
128
132
74
103
73
72
74
73
78
69
79
83
79
90
55
68
89
92
70
50
68
76
166
83
126
72
76
71
81
76
85
96
98
103
97
91
92
91
104
122
78
67
82
126
87
113
214
127
96
133
172
182
130
126
153
161
134
112
122
164
120
135
127
134
120
115
121
123
110
108
103
94
107
137
161
172
208
224
192
207
221
196
234
232
230
230
229
225
235
229
219
162
111
214
197
111
111
128
138
105
92
105
76
85
238
231
235
238
175
77
125
178
120
91
108
139
158
161
179
164
108
92
146
89
47
147
226
217
119
86
147
191
219
136
136
175
188
217
125
90
105
136
151
64
73
82
78
80
74
85
89
51
116
223
209
109
62
38
46
75
67
87
124
77
118
57
76
55
37
73
63
48
54
53
90
104
62
59
53
61
92
93
77
144
223
145
80
12
35
49
124
202
156
65
73
71
80
72
78
112
97
75
69
77
93
72
53
92
137
51
125
145
52
64
64
56
81
177
225
248
189
88
51
89
146
200
121
65
65
80
94
144
144
205
207
232
181
78
140
59
102
56
131
102
82
76
69
77
76
64
54
67
73
79
69
72
80
90
76
75
91
69
93
89
67
46
56
75
81
95
95
66
66
61
63
65
73
78
89
107
71
108
117
104
106
128
99
89
112
107
95
96
72
76
100
91
49
121
175
128
95
139
135
101
87
123
89
100
96
95
115
110
93
113
82
67
72
107
96
93
85
98
100
88
86
65
65
111
123
105
96
126
103
105
87
65
110
75
78
95
73
66
74
75
82
91
78
88
110
74
72
78
70
64
74
67
62
67
75
57
58
51
52
55
50
65
65
63
74
64
83
92
87
77
85
77
84
92
71
54
60
62
56
71
89
45
40
68
61
72
183
64
68
78
81
75
73
60
76
81
73
67
70
75
91
96
84
86
87
77
92
98
80
86
87
89
44
48
64
60
75
68
67
74
73
67
81
86
85
64
70
77
103
110
66
58
115
76
64
74
81
78
82
91
66
77
88
91
100
107
98
87
86
88
106
132
71
61
115
246
131
75
158
100
117
144
216
135
124
115
118
107
153
116
97
123
152
113
114
118
138
126
117
103
114
84
88
71
59
152
103
149
208
234
199
189
194
157
190
202
238
230
230
229
228
227
214
207
219
247
228
122
91
100
121
120
116
164
103
92
207
236
240
209
44
133
202
184
82
98
96
93
126
214
229
130
96
103
57
64
124
181
144
131
82
97
94
220
235
164
184
118
71
114
85
84
110
134
101
133
76
85
79
77
85
87
73
76
64
129
201
176
122
67
37
46
60
125
36
87
149
63
69
62
39
64
53
51
56
81
74
68
67
71
156
94
85
83
92
168
148
51
55
46
89
85
134
133
50
71
58
73
96
81
59
58
61
73
72
82
69
112
72
51
27
44
147
97
55
63
63
57
73
213
200
202
214
145
54
160
119
181
108
55
61
62
85
75
216
240
196
174
135
53
159
69
45
57
122
100
87
76
75
64
82
68
70
69
72
76
60
64
78
66
66
57
59
49
79
67
87
85
77
68
77
68
65
39
29
35
52
62
76
82
92
84
68
108
100
86
73
83
117
93
115
104
94
106
92
83
96
78
71
146
123
108
90
139
131
96
93
128
86
85
85
106
98
120
97
91
108
80
81
131
96
89
94
85
85
89
90
93
106
113
98
84
103
120
124
96
81
66
76
88
86
86
66
73
75
58
52
72
79
48
68
62
73
66
65
64
67
76
81
60
65
64
53
58
55
57
64
63
57
62
79
88
73
81
65
63
72
60
110
107
66
75
49
57
63
84
96
74
62
76
68
48
52
78
90
76
73
69
65
66
73
57
63
68
86
84
90
96
91
92
87
91
82
85
98
90
80
125
101
76
65
66
76
73
68
68
61
64
68
74
91
77
85
79
71
63
66
93
97
88
71
56
70
71
84
85
79
73
71
80
89
89
112
117
109
109
74
113
113
90
108
242
107
148
251
175
103
111
177
112
124
116
91
89
91
88
122
108
81
94
102
98
80
119
110
125
130
106
223
143
80
247
238
219
216
220
222
191
237
200
157
82
248
233
241
236
230
229
235
241
236
196
218
114
102
144
152
80
101
190
183
74
155
167
224
199
64
181
155
124
48
141
163
184
224
161
123
73
74
149
94
60
206
228
121
30
60
141
108
201
164
223
182
86
79
125
78
111
91
127
51
234
133
85
78
79
92
89
70
65
147
111
175
155
214
247
103
69
58
60
49
63
60
69
110
168
47
55
56
51
19
154
118
62
54
109
234
145
93
77
131
68
36
55
106
100
96
79
125
84
51
54
62
81
73
61
52
55
54
55
48
54
51
146
155
33
56
79
59
41
44
52
59
119
58
91
32
58
86
118
51
118
101
158
100
79
67
85
114
76
236
163
38
145
151
45
72
60
64
70
83
86
84
70
66
74
59
70
85
79
94
74
72
77
68
49
78
101
77
69
78
82
87
72
57
52
81
76
83
64
82
87
102
78
82
99
81
76
82
84
101
86
95
115
110
111
103
82
80
88
77
78
81
71
84
117
100
94
99
150
101
86
94
106
91
83
88
91
91
112
91
88
84
73
77
113
104
92
89
85
77
76
70
100
126
106
88
83
94
112
97
101
89
79
87
68
73
73
64
73
62
73
73
65
71
55
62
61
72
89
103
67
62
64
57
48
50
63
64
63
76
80
83
80
75
76
89
97
75
64
65
65
49
71
101
65
66
83
57
59
64
91
100
89
65
75
73
66
57
63
75
65
69
64
63
61
58
86
56
62
92
97
79
76
87
80
99
93
85
81
81
79
61
140
137
95
80
74
74
81
75
67
60
55
61
62
76
67
73
68
72
61
52
66
73
109
153
93
57
60
51
44
58
141
79
80
78
89
152
86
110
86
75
96
130
100
102
208
84
251
193
93
113
139
130
118
137
132
124
109
71
70
87
97
98
69
55
162
164
136
123
112
106
101
153
201
104
251
233
234
216
239
251
175
213
138
216
72
233
237
195
235
235
224
225
230
235
93
157
122
100
165
159
139
222
187
197
78
141
95
215
237
247
225
153
39
89
248
177
135
190
100
60
111
118
99
72
85
208
83
81
91
58
126
122
210
168
155
168
186
122
75
92
157
49
58
46
84
64
64
82
71
80
72
78
70
155
130
105
197
223
224
191
68
66
67
106
48
64
84
93
126
71
73
63
49
39
70
88
71
47
110
137
121
77
82
53
69
99
83
59
51
225
218
142
69
88
67
74
74
56
83
72
59
58
55
55
55
53
98
94
44
46
80
82
48
39
44
53
95
142
60
115
45
56
115
100
80
111
58
129
86
66
67
85
46
122
68
78
66
52
59
65
64
70
65
65
65
59
54
65
66
63
64
63
72
92
78
84
81
72
90
98
93
105
101
107
93
93
100
73
83
77
79
80
75
109
91
83
89
92
76
75
75
98
104
86
89
95
94
81
100
103
77
89
96
91
97
89
80
66
107
151
138
88
114
77
66
94
90
74
81
80
92
112
90
85
86
76
81
87
104
79
84
90
104
81
83
75
111
114
90
97
87
93
88
106
84
76
64
59
46
58
50
60
70
73
60
70
67
67
77
78
70
69
77
77
69
76
67
82
71
72
80
73
71
98
91
116
91
77
63
63
77
86
65
69
63
77
97
85
63
71
73
65
59
63
83
74
80
86
76
63
70
68
63
73
61
61
51
62
43
89
214
66
61
81
68
58
57
59
71
75
75
82
79
85
91
63
63
82
98
67
64
63
76
62
71
120
53
65
63
64
63
81
76
66
64
72
102
75
135
118
123
86
52
52
50
65
138
97
96
86
86
81
84
91
85
102
71
113
127
111
146
133
109
70
69
116
85
130
171
155
127
134
92
122
76
70
108
91
61
67
182
125
128
109
105
79
123
118
120
73
250
228
228
229
220
121
167
173
150
127
125
211
227
114
187
252
248
240
231
241
157
83
182
203
221
242
209
192
119
133
81
133
139
141
216
234
221
203
185
185
197
196
107
83
93
79
101
124
86
122
127
131
82
87
90
156
114
93
188
99
104
106
72
71
76
88
96
66
64
58
173
77
141
90
59
99
83
103
132
45
233
179
71
51
50
38
32
54
64
121
60
77
78
65
56
56
60
65
43
45
42
45
60
56
110
123
194
97
80
81
109
132
93
66
21
165
249
147
87
113
72
57
60
69
73
76
69
64
56
49
59
59
101
76
22
65
58
45
53
53
68
69
65
76
58
130
82
78
123
111
92
114
61
82
69
58
87
88
36
35
67
76
69
62
66
69
65
66
58
46
58
58
50
59
63
78
79
74
50
75
94
81
71
80
124
122
109
111
105
101
95
108
101
94
92
71
68
81
76
91
91
92
77
68
81
91
86
76
97
91
89
86
97
77
96
93
88
93
79
74
90
85
83
112
136
131
128
108
103
113
86
92
84
82
73
92
107
106
93
94
88
83
85
87
93
76
80
100
107
96
87
83
114
89
83
93
72
102
69
92
88
78
59
60
59
59
78
90
89
84
79
71
65
92
81
82
76
69
68
64
65
69
73
86
80
89
79
70
85
89
82
81
66
73
71
58
66
68
62
63
74
77
84
68
71
58
58
66
68
69
71
64
70
96
66
68
70
73
66
69
54
54
56
54
48
61
77
57
63
60
89
89
48
73
80
93
83
80
89
91
88
66
62
73
118
65
56
57
71
73
85
62
62
71
66
80
80
70
80
55
64
101
110
71
74
77
66
64
59
60
64
121
80
60
75
79
88
81
92
77
109
116
70
117
135
114
131
95
130
101
70
97
76
119
130
149
138
138
85
155
210
210
213
133
106
194
217
104
46
136
109
146
113
187
188
89
244
240
241
246
174
92
164
164
104
96
107
124
171
105
188
162
152
187
233
248
214
113
234
236
236
222
116
97
95
88
78
145
108
128
235
151
105
117
210
193
90
98
87
83
106
83
84
86
82
150
141
94
99
101
97
113
105
117
119
134
116
85
81
81
73
83
82
80
84
116
181
213
181
64
122
82
79
107
67
65
129
93
51
71
93
148
144
85
51
62
64
85
86
77
68
54
36
65
46
41
76
60
57
55
77
138
121
80
74
101
72
103
114
195
57
147
252
164
100
80
82
82
81
89
86
80
85
75
82
66
48
53
56
54
163
140
57
43
62
84
75
81
71
59
57
59
70
71
75
64
54
57
68
89
48
128
138
53
88
165
80
64
71
66
61
67
71
63
59
43
47
51
57
67
79
94
103
95
60
66
75
77
86
103
124
147
120
117
96
102
106
90
79
99
94
65
73
89
85
100
109
98
81
65
85
76
71
50
82
101
98
96
85
86
93
85
82
83
93
77
84
80
102
166
121
106
101
141
162
157
95
95
80
90
79
94
110
112
123
93
110
99
88
83
110
112
105
100
108
105
92
79
82
71
72
85
74
81
67
90
102
102
79
104
70
66
103
97
79
80
75
74
77
80
75
73
76
70
60
60
70
69
76
83
78
76
77
74
88
88
79
70
58
70
68
55
57
61
55
70
82
69
71
70
71
78
83
73
84
82
72
62
62
69
68
67
59
70
72
63
52
59
57
52
55
69
49
43
57
53
76
72
59
93
83
105
88
75
90
107
89
72
73
55
82
84
54
55
62
69
84
48
38
65
67
72
70
62
65
63
69
78
78
64
82
65
56
58
80
82
93
120
79
62
69
73
82
86
89
82
90
85
88
106
117
125
115
94
108
86
79
107
100
132
129
132
162
142
147
198
160
170
250
175
83
210
239
193
125
178
153
224
157
232
205
129
226
222
213
236
211
93
113
121
132
109
115
120
109
103
171
132
138
179
234
243
121
193
240
236
245
123
79
67
84
80
59
93
93
183
168
85
77
74
160
180
125
73
83
87
92
83
81
97
91
121
122
87
103
103
112
114
108
127
84
108
100
103
90
92
88
83
72
87
79
178
142
219
159
129
215
70
128
117
70
94
68
84
114
114
116
205
179
148
68
57
77
83
70
77
66
72
41
54
42
27
104
165
68
48
51
74
79
86
87
82
64
88
96
190
56
219
202
98
116
80
92
92
91
86
78
90
89
74
63
58
57
54
48
38
129
143
55
81
99
54
58
59
68
64
79
76
78
77
75
59
94
71
59
66
75
98
89
56
62
158
85
57
92
57
54
71
98
68
59
73
71
58
69
74
89
98
100
93
73
65
74
86
97
111
99
118
102
103
101
108
105
87
89
105
106
75
71
72
96
99
93
88
86
85
85
78
91
85
89
96
107
107
87
78
89
87
85
76
88
77
80
70
121
138
102
126
118
131
156
136
87
100
86
111
106
107
114
123
137
115
110
103
107
100
123
125
120
98
77
94
100
77
67
74
65
74
67
62
62
91
108
111
113
124
82
82
90
87
74
77
64
66
70
67
70
66
69
69
57
67
65
60
71
74
64
67
78
69
70
75
65
64
66
70
62
52
56
64
71
91
84
74
71
79
75
77
80
76
76
88
80
67
56
59
64
57
50
57
68
61
58
59
48
51
52
56
46
50
56
99
85
72
95
94
104
118
84
86
89
103
77
75
73
43
71
75
107
105
56
72
72
38
120
72
55
61
61
62
64
69
63
60
88
57
79
58
62
60
88
102
111
106
85
71
76
80
84
76
73
84
71
67
86
93
102
123
140
80
104
90
73
117
123
136
127
108
145
140
177
188
112
133
253
194
115
222
232
235
214
201
211
240
216
235
217
201
239
195
174
157
201
100
119
119
169
119
128
130
105
103
129
127
145
216
246
245
139
237
233
226
200
93
100
152
144
130
126
65
124
202
89
78
99
94
123
118
115
70
95
88
86
80
81
88
86
99
101
83
103
113
124
108
109
116
103
79
87
98
84
97
101
75
98
106
60
128
107
120
168
198
211
62
95
72
105
122
65
103
155
134
57
101
97
116
72
73
78
63
57
62
45
93
78
43
38
32
82
182
72
40
86
116
99
104
107
79
76
104
150
145
69
167
105
58
103
156
65
69
82
75
48
61
74
67
53
62
63
64
57
80
83
75
59
96
100
39
55
51
53
74
89
80
79
70
53
58
93
68
71
83
76
58
66
63
57
88
107
80
81
84
64
70
75
70
62
103
101
82
86
69
81
90
85
85
78
65
76
86
99
110
107
103
92
95
104
104
106
100
94
113
94
85
76
75
91
79
69
75
76
97
94
104
101
105
106
96
106
105
100
88
93
89
98
92
80
64
74
75
131
110
111
148
122
107
101
93
94
104
92
124
103
108
113
106
121
119
101
96
106
106
146
126
124
98
76
97
89
73
74
68
68
68
67
72
90
112
112
112
134
136
91
90
72
71
69
71
55
52
58
60
67
63
67
72
76
94
69
73
81
65
64
60
66
63
56
60
56
59
67
67
57
58
56
68
93
95
87
85
75
78
72
66
68
69
61
78
81
70
56
61
59
51
48
52
65
59
57
50
47
49
49
47
43
84
79
119
100
79
101
71
104
104
96
103
91
91
78
84
79
60
86
70
135
157
109
73
70
56
151
70
63
62
60
63
68
61
56
54
95
51
67
71
76
73
99
100
93
95
75
62
76
82
73
61
60
92
76
70
86
92
110
120
157
94
138
131
84
124
119
117
105
88
102
120
142
159
172
185
243
210
194
235
230
230
236
163
219
233
233
234
231
235
240
212
182
130
154
118
160
120
139
118
121
125
130
106
104
117
133
200
206
223
222
235
232
206
148
94
106
228
221
172
156
92
131
183
88
88
108
113
102
82
89
95
140
85
96
87
66
75
80
108
88
93
92
119
134
94
94
111
118
88
97
89
97
85
89
73
149
134
54
71
97
76
161
233
209
101
140
121
102
108
91
95
132
109
71
35
38
60
69
74
66
50
65
56
46
87
72
39
52
44
51
115
63
52
115
131
94
95
99
141
79
106
178
118
79
112
96
82
79
191
53
52
71
60
66
77
63
65
58
65
59
67
57
78
118
93
60
80
72
51
58
54
47
69
71
65
67
90
132
52
66
69
86
89
65
112
106
59
71
133
135
123
87
96
60
60
56
71
64
106
103
94
85
69
75
71
68
84
99
88
73
78
100
126
125
118
115
102
95
92
105
98
78
111
79
92
87
93
80
76
68
70
75
87
102
114
86
90
104
100
102
98
108
112
88
88
106
103
73
57
70
98
124
109
117
139
99
101
72
91
122
125
122
113
84
93
101
91
109
100
93
91
92
112
144
120
111
93
110
120
94
95
109
82
79
88
94
107
134
124
120
115
115
129
95
82
71
64
58
66
49
56
67
60
64
59
67
71
85
102
81
87
96
73
68
57
66
71
61
63
59
55
62
60
54
61
56
70
99
85
83
76
69
64
65
65
65
61
62
73
83
71
63
57
57
49
47
52
64
57
52
51
59
49
54
62
63
97
113
130
123
75
88
61
73
83
126
93
87
79
89
93
88
74
85
85
103
133
153
59
64
78
78
86
82
67
60
62
61
48
45
83
97
48
64
78
83
83
100
78
68
96
80
59
72
75
71
55
62
102
79
67
85
88
112
121
135
118
138
136
104
121
105
97
99
85
90
110
103
138
233
238
229
228
237
226
226
234
236
119
188
237
227
206
227
227
228
239
215
166
133
148
155
103
100
123
109
115
135
113
102
108
118
149
127
182
253
225
233
211
144
95
94
214
225
156
116
112
99
127
108
88
96
113
91
78
114
156
139
95
96
84
55
99
105
111
90
102
83
104
119
82
91
126
102
99
105
97
118
74
62
73
138
126
68
73
91
90
160
223
211
147
189
190
96
70
109
86
86
72
101
60
43
39
83
77
54
51
74
56
104
94
48
38
81
55
47
65
47
57
120
96
83
89
81
153
82
94
124
98
68
134
143
98
75
112
58
64
68
49
95
97
61
61
59
52
57
61
49
51
148
145
57
64
55
56
59
54
49
55
54
66
85
147
216
49
68
85
71
61
88
163
159
76
61
160
119
117
112
110
72
64
62
74
65
91
86
75
59
78
78
51
58
91
119
109
77
81
105
146
104
117
133
99
87
87
92
86
72
98
92
96
83
84
74
88
74
75
93
72
95
96
80
87
88
104
104
100
104
111
76
91
98
86
57
65
82
118
108
103
101
113
92
94
81
124
150
156
153
102
99
97
97
108
130
102
94
108
96
123
105
103
87
96
130
134
139
135
146
138
101
125
136
141
139
108
129
113
80
88
102
74
73
68
63
63
53
76
81
63
60
55
62
61
60
71
77
65
83
82
53
64
82
76
65
71
58
53
63
51
64
60
55
70
84
72
67
56
54
53
64
63
64
73
74
88
90
78
70
57
54
46
47
52
60
58
54
69
69
57
73
74
80
66
131
169
140
80
89
105
74
81
119
73
68
71
91
92
89
70
81
98
87
74
114
66
63
69
42
117
71
65
60
60
54
63
73
140
95
53
61
65
76
78
72
60
72
102
103
81
76
71
87
59
66
86
71
62
75
88
101
117
107
104
104
101
109
112
102
96
109
87
100
108
88
123
224
234
232
232
231
214
214
208
236
146
187
245
211
134
206
233
234
234
217
152
125
148
110
101
116
131
100
108
113
112
100
103
102
133
119
184
245
225
233
239
137
125
131
153
163
111
95
98
86
69
92
91
87
107
90
64
161
185
69
111
84
70
72
117
123
96
102
91
104
81
79
78
114
131
83
92
95
108
110
89
56
68
75
85
80
83
68
70
174
151
131
120
97
121
114
86
137
98
72
61
66
76
63
49
89
80
54
51
60
39
149
117
86
39
94
73
62
57
40
43
114
106
111
107
76
84
96
90
71
75
62
117
106
72
98
45
67
82
62
49
77
73
61
60
61
49
72
70
59
114
133
96
57
62
56
51
59
51
49
52
61
61
121
194
151
46
69
71
54
56
112
107
145
100
52
64
70
62
100
126
98
73
57
73
63
82
67
43
47
79
72
63
82
109
88
69
67
91
115
122
81
104
111
87
83
90
88
96
83
86
95
88
79
77
72
80
81
90
92
74
91
83
75
73
93
119
105
107
93
96
88
91
80
69
64
87
119
126
115
122
112
86
91
75
99
143
149
140
109
126
118
128
119
113
148
127
123
144
96
90
112
113
90
128
131
137
154
119
122
158
125
144
154
142
117
120
136
99
86
82
112
79
74
70
80
58
59
76
63
48
55
50
57
54
53
64
69
52
52
57
48
59
65
57
56
58
57
53
57
46
80
72
50
67
56
42
55
56
44
57
59
59
79
101
75
90
83
87
69
61
56
47
57
71
63
61
61
79
72
74
101
79
67
54
115
132
84
89
70
184
145
60
58
121
62
79
98
100
97
98
111
109
125
92
79
121
110
77
72
72
45
57
66
60
65
128
190
146
34
56
61
77
85
77
61
70
77
81
106
104
87
74
70
64
53
57
92
73
90
129
121
108
97
102
125
113
113
127
98
105
83
65
87
69
65
144
239
223
241
229
224
207
223
118
207
205
230
246
135
97
194
240
207
241
199
89
95
97
107
110
120
116
86
111
91
95
104
96
77
130
193
241
234
207
236
220
71
164
211
107
132
92
97
102
107
111
120
94
89
82
73
74
175
133
72
98
81
92
89
78
67
103
98
86
140
79
72
101
112
109
82
97
97
112
76
108
95
85
92
75
75
90
54
58
108
60
52
62
74
68
98
168
203
86
77
67
121
87
102
107
60
46
60
52
45
34
66
75
129
43
78
89
75
45
57
63
59
88
99
83
65
139
109
71
70
69
72
49
62
79
122
126
114
85
55
49
70
117
82
71
78
80
113
98
100
199
138
44
57
52
49
55
55
50
49
64
65
48
96
175
82
45
47
41
77
85
71
57
51
66
78
71
67
60
67
56
55
46
55
73
54
81
49
49
55
88
82
100
127
110
69
86
75
87
105
84
94
90
94
82
88
85
79
88
87
83
95
94
93
88
82
101
118
113
91
86
87
81
69
69
96
96
96
101
91
95
79
84
94
66
87
140
167
133
140
124
145
112
101
115
115
110
114
103
104
131
107
129
129
118
118
113
118
103
95
112
122
98
93
120
100
150
124
91
102
151
102
139
143
112
121
147
129
91
85
83
80
76
77
74
61
104
78
63
61
62
62
57
59
68
63
84
93
62
51
84
77
58
62
57
55
57
55
45
39
53
61
55
51
48
35
52
60
54
49
58
55
65
80
71
61
66
72
72
80
69
83
64
59
105
79
46
72
85
77
94
77
64
68
77
60
61
62
72
72
189
182
51
91
212
124
72
79
90
117
126
108
104
83
78
87
106
121
73
49
48
61
56
76
71
89
182
194
178
102
51
51
56
74
64
94
106
54
84
136
82
107
87
70
54
48
80
109
80
104
114
99
84
77
111
105
96
100
99
106
94
72
61
145
83
93
175
236
165
201
243
212
204
184
132
221
243
243
203
94
113
202
249
87
209
194
111
103
127
124
92
98
89
113
86
96
101
93
81
92
160
132
197
228
131
234
245
154
215
180
104
142
110
149
88
107
130
155
63
97
68
76
86
65
116
102
99
74
82
91
92
94
104
68
98
148
68
82
77
70
162
112
97
101
88
64
116
138
103
83
72
70
83
69
135
152
83
78
79
116
93
95
219
140
46
70
130
78
49
85
101
110
61
40
47
105
147
14
52
42
51
73
102
59
60
63
82
63
74
62
69
82
220
124
53
80
126
76
143
194
124
89
91
93
64
55
57
31
157
120
47
89
68
142
69
65
80
17
48
58
45
43
52
51
45
47
72
44
110
80
30
38
70
127
59
59
70
65
83
74
62
83
70
64
66
53
49
55
63
74
103
73
88
103
78
65
83
82
91
97
91
78
108
97
81
93
91
105
98
73
81
65
81
88
96
93
95
82
86
93
91
78
95
102
111
97
87
90
80
77
89
84
91
80
83
78
70
67
73
82
73
114
147
125
149
156
121
133
118
110
156
97
116
113
120
127
113
118
126
124
105
107
113
74
89
107
114
94
84
97
103
114
113
96
107
96
77
136
122
99
96
129
176
132
84
85
72
74
75
62
90
77
106
114
84
67
70
70
54
52
88
75
82
75
74
85
69
75
65
56
70
60
56
60
68
76
77
49
67
59
41
61
73
68
61
64
67
69
68
76
55
76
85
68
62
95
78
78
67
81
90
109
85
83
63
90
68
71
58
62
49
61
68
67
81
142
103
136
101
43
60
97
58
80
71
94
87
87
81
88
103
97
78
90
125
54
59
60
52
62
58
78
128
52
154
110
54
121
61
69
68
135
110
29
105
114
46
94
70
48
56
49
61
72
75
71
84
113
94
74
78
94
96
91
105
110
68
64
77
74
85
71
177
246
253
120
218
244
181
165
97
150
188
138
154
122
106
120
184
94
138
146
116
136
131
103
87
91
107
100
77
76
88
84
83
95
102
74
94
122
123
232
237
242
247
172
167
231
192
116
81
88
82
93
111
85
85
86
87
87
85
107
83
72
97
105
99
98
117
72
74
84
75
60
139
210
126
89
137
117
66
65
98
96
88
100
93
80
74
74
106
131
79
93
70
76
71
68
92
102
62
86
145
52
60
57
61
79
75
44
32
114
175
46
53
60
87
59
89
96
96
57
51
65
69
91
127
67
76
97
68
80
63
52
169
68
70
47
13
90
72
62
61
47
171
166
46
59
38
158
52
37
165
43
35
95
67
111
34
46
48
49
65
42
67
64
151
80
95
180
77
66
66
65
99
107
90
75
68
50
56
61
62
61
51
71
98
61
69
87
65
78
98
66
85
101
85
80
84
79
42
46
67
88
77
68
73
75
70
87
114
94
83
89
87
80
82
91
88
103
109
112
101
85
88
88
95
99
79
71
73
74
66
56
73
88
89
81
85
107
126
88
115
102
117
102
98
104
127
148
123
101
115
132
94
104
109
96
95
94
85
99
87
78
117
93
98
110
109
110
116
95
124
134
117
105
105
124
109
131
97
93
71
72
67
70
81
73
64
81
75
63
62
47
48
44
84
98
90
63
67
89
62
61
56
58
55
55
63
65
65
66
76
76
65
59
63
62
60
67
68
73
81
92
91
61
70
84
98
71
64
68
66
76
72
96
112
88
94
96
88
101
81
66
75
68
51
59
63
60
67
77
53
73
99
111
88
36
53
66
96
94
102
81
83
97
108
80
63
76
65
53
55
46
49
118
29
76
168
150
175
114
136
161
60
67
86
117
79
88
92
82
41
51
71
69
58
51
50
58
76
85
111
112
110
84
90
86
87
82
60
66
78
34
105
175
167
78
141
219
191
228
249
199
216
131
77
118
181
88
77
154
108
78
87
98
110
122
115
102
93
108
131
117
117
88
79
93
89
95
92
77
113
106
108
60
127
172
230
236
183
245
241
185
86
95
112
116
118
106
93
93
96
82
111
120
69
61
59
78
66
73
77
62
68
64
56
84
111
55
235
181
63
116
143
85
72
84
85
86
98
92
92
78
80
81
79
92
105
81
58
67
75
82
72
61
83
81
76
76
61
65
62
73
86
77
48
26
33
51
75
47
54
46
66
90
77
63
61
80
95
129
158
70
84
68
54
70
101
175
62
61
145
165
45
105
175
173
57
128
113
113
56
38
151
119
41
132
233
222
71
56
40
80
69
47
77
50
39
47
70
67
65
60
55
55
67
68
56
56
40
33
53
69
60
50
61
62
81
73
76
79
99
63
75
77
75
74
65
77
83
76
65
62
57
64
55
58
46
62
67
65
57
70
57
77
89
81
80
88
72
65
65
93
94
84
88
97
111
93
97
91
88
73
75
78
87
69
60
79
90
91
105
90
121
117
106
90
105
96
96
95
99
107
123
121
97
109
105
122
70
71
87
87
116
116
99
93
74
76
89
78
72
68
114
103
88
91
129
117
124
98
95
94
94
110
109
93
75
54
51
55
54
52
59
63
61
58
55
66
51
39
55
76
75
67
71
60
57
78
75
61
46
55
62
80
74
88
90
73
52
54
56
53
48
51
67
77
70
89
86
80
93
87
81
74
82
64
84
93
74
85
115
77
88
81
91
104
69
64
68
57
57
75
62
49
68
180
139
126
115
115
125
53
48
70
94
77
65
60
56
91
82
50
53
53
70
61
57
85
90
114
55
79
222
187
226
147
165
89
75
110
110
90
92
99
69
84
57
51
44
57
50
51
67
73
72
78
113
81
93
109
113
93
96
82
81
71
60
78
190
240
185
108
190
187
115
240
176
147
181
133
142
100
100
89
105
123
101
101
109
110
117
131
140
93
75
108
122
124
117
91
98
98
94
92
87
79
97
75
91
88
114
166
249
213
165
200
218
195
120
73
102
112
107
86
95
101
93
117
132
86
71
75
69
89
78
83
60
54
56
65
116
94
86
99
172
92
136
136
92
89
99
92
85
99
117
85
81
76
76
128
86
77
112
138
65
86
78
64
72
83
107
118
118
104
51
71
78
77
69
77
76
74
42
49
64
56
74
84
55
101
100
53
69
66
81
105
90
76
76
94
144
205
124
121
98
80
83
131
171
149
95
176
135
145
56
101
136
34
199
162
56
190
223
158
52
76
153
64
45
42
66
45
51
68
65
77
62
60
59
50
51
57
57
67
51
78
48
58
60
55
61
82
90
72
87
62
83
76
85
82
78
68
61
63
58
67
68
60
56
62
72
73
68
71
69
70
60
59
63
82
86
85
82
65
71
76
86
89
72
85
87
92
103
87
87
87
85
97
83
92
92
83
87
81
76
93
128
128
117
94
91
93
92
89
96
93
91
97
117
116
119
125
86
95
63
66
66
88
100
92
98
84
74
84
87
93
77
59
73
68
71
76
129
117
101
101
118
102
94
101
94
77
53
69
57
48
56
54
55
61
56
53
58
73
67
37
75
94
75
78
74
67
50
81
73
67
54
58
62
76
76
99
83
51
48
51
44
46
46
57
72
78
67
85
82
77
84
83
75
85
84
65
76
94
77
80
99
100
94
85
77
84
58
56
60
57
51
64
51
37
83
240
170
153
131
64
67
122
88
66
67
56
56
53
48
65
55
49
46
54
61
56
63
136
146
74
68
65
155
102
103
101
89
60
65
130
89
73
95
71
68
58
48
72
104
44
64
64
66
76
67
65
64
63
67
96
97
59
63
75
87
62
48
77
185
196
164
174
239
162
73
186
182
204
187
148
213
116
86
115
137
79
174
153
140
113
125
126
132
83
100
115
129
120
96
88
93
106
103
88
79
88
77
72
84
106
115
217
208
136
122
212
166
151
206
90
95
97
83
89
98
104
95
95
116
85
75
77
73
89
73
67
65
57
59
71
115
89
92
68
68
48
94
106
66
110
92
85
87
81
84
71
72
59
94
103
84
80
83
123
77
76
73
64
74
107
94
109
109
95
81
71
84
73
60
63
86
125
61
57
72
74
85
86
72
93
83
65
51
87
114
72
80
79
74
93
123
131
80
92
85
64
70
96
135
76
108
225
222
73
66
158
123
29
93
181
75
170
225
102
60
57
90
47
41
37
41
54
60
62
63
67
59
56
55
55
62
52
54
62
53
85
72
62
52
49
56
78
61
65
80
125
124
46
74
71
72
68
72
67
53
66
57
60
73
68
75
74
70
73
66
61
55
60
63
81
85
82
72
71
80
78
77
78
68
82
85
79
77
60
78
86
92
109
84
87
90
93
97
99
89
105
137
151
111
98
92
87
116
114
117
93
85
95
117
112
117
98
82
80
66
70
67
78
84
88
88
82
82
87
89
90
78
62
57
70
72
97
129
95
78
94
110
101
100
93
87
65
55
76
65
56
60
63
58
69
61
55
76
63
61
52
84
89
82
81
74
67
51
67
66
63
60
71
66
72
77
94
67
51
49
50
45
57
72
88
77
78
77
82
82
79
89
97
103
114
102
72
68
79
78
85
93
109
87
80
69
67
65
63
57
62
51
67
57
57
74
174
163
154
97
105
64
114
117
66
53
52
57
55
71
53
47
45
61
54
54
59
73
112
105
62
72
64
85
69
58
66
53
63
79
108
88
98
86
64
57
49
43
92
133
45
63
53
46
54
46
50
67
54
53
59
70
44
39
65
70
85
78
94
111
148
96
144
182
114
169
212
230
201
171
202
245
187
112
114
119
73
124
119
112
90
119
116
92
111
130
110
107
108
96
95
90
106
111
89
85
90
80
88
93
93
115
187
137
107
116
146
106
127
214
85
100
85
82
86
91
97
101
108
99
93
69
71
77
75
96
81
70
63
74
92
109
80
72
87
64
65
109
103
50
78
96
109
75
62
58
63
99
94
76
77
77
90
84
84
80
80
68
60
96
137
87
102
76
75
77
59
67
81
115
134
84
127
168
66
77
75
73
67
84
76
80
53
37
85
110
55
82
106
79
76
80
66
70
80
81
88
162
79
92
46
87
196
173
29
90
209
161
72
141
127
80
173
244
180
106
55
60
41
45
43
41
76
85
68
80
64
49
48
51
61
73
48
53
56
69
59
70
63
60
54
56
65
56
52
69
187
188
54
59
61
67
64
69
75
65
75
70
69
85
84
82
72
63
58
70
65
60
71
60
77
90
83
73
84
86
80
70
76
73
75
82
76
69
68
80
87
91
98
86
77
89
80
87
103
92
103
117
122
103
118
107
110
138
117
118
112
100
121
134
126
101
78
80
78
70
74
80
65
83
92
82
77
73
82
83
80
67
65
70
74
73
118
114
74
79
93
92
72
96
89
87
60
62
65
68
66
56
65
56
62
57
53
78
63
63
68
74
75
79
74
72
62
59
65
69
55
66
76
72
73
75
86
65
68
52
57
49
72
94
96
78
79
85
77
82
87
93
101
109
116
108
88
74
71
87
92
86
92
74
79
77
74
76
64
53
58
56
65
59
68
89
119
124
120
55
136
145
73
92
64
48
52
58
60
82
55
49
45
93
61
56
73
80
82
67
68
74
72
60
59
57
61
60
77
98
102
94
103
92
82
44
92
57
71
89
44
53
40
40
48
39
44
100
57
54
54
56
72
99
104
55
109
93
112
94
100
77
109
137
136
243
240
230
144
144
167
195
172
106
129
94
82
82
101
116
96
112
102
74
132
197
171
120
96
99
98
85
109
113
91
88
85
86
98
106
87
94
143
123
114
121
98
92
109
149
85
102
79
87
77
86
89
110
120
98
79
66
90
94
81
115
89
69
68
75
73
114
82
65
106
71
67
111
98
64
59
106
112
62
81
83
62
92
111
62
66
77
92
96
87
76
77
74
68
115
102
86
116
88
91
75
81
60
97
107
149
111
101
202
76
96
81
67
67
97
65
84
39
41
72
91
65
73
109
94
85
63
50
70
76
73
79
178
72
135
98
107
202
122
84
154
215
194
91
200
154
90
128
166
133
82
59
66
43
47
51
52
73
85
83
85
62
49
46
53
62
63
51
56
61
80
47
56
53
69
65
61
57
64
58
59
120
122
60
56
65
67
60
66
77
80
81
87
78
87
89
81
67
63
60
80
77
72
77
64
72
90
92
90
85
86
82
76
78
67
68
76
81
80
87
80
81
81
88
87
75
79
69
76
87
82
102
114
101
98
116
118
137
129
97
102
117
118
130
128
127
94
84
77
79
72
77
95
81
88
94
90
79
71
74
69
73
63
65
81
72
82
117
97
87
88
83
85
53
81
88
77
60
58
56
70
68
54
64
54
54
53
55
61
67
72
70
61
76
75
65
73
71
63
62
67
54
71
69
71
68
66
80
71
73
55
63
46
82
95
85
76
78
73
67
81
85
77
91
95
97
91
92
89
73
88
82
70
72
76
85
79
83
75
57
54
54
55
55
53
60
126
150
81
78
73
125
175
67
60
66
57
55
62
66
74
55
67
64
108
60
67
82
80
76
73
77
75
76
64
54
47
61
66
84
95
98
82
72
99
95
57
99
64
48
47
48
46
40
45
54
47
44
87
61
73
72
76
85
128
127
61
95
73
91
104
75
81
107
161
213
237
236
184
105
114
101
121
127
139
162
83
91
95
116
155
120
104
103
91
111
197
193
146
96
86
81
93
112
109
94
90
85
87
95
106
93
83
116
126
119
127
103
103
91
114
99
94
80
80
75
81
84
104
108
105
69
76
99
111
152
134
67
74
71
76
84
88
78
75
90
57
85
94
75
86
73
95
96
64
93
97
57
65
95
72
61
76
79
94
100
69
65
78
79
115
67
84
109
101
111
100
105
75
118
74
95
116
82
128
85
115
101
82
80
106
66
75
47
51
75
106
85
69
118
155
118
75
56
57
84
99
75
117
75
124
108
120
230
176
189
220
195
199
71
118
168
95
58
53
33
28
68
102
55
52
55
53
54
63
76
72
60
53
47
60
57
52
56
59
59
66
57
54
52
73
68
65
57
67
66
58
39
38
61
55
70
64
67
79
82
86
72
73
75
79
70
62
59
63
74
84
80
72
74
75
67
71
94
95
79
83
74
71
69
60
64
72
79
84
76
76
80
75
87
79
70
64
72
75
75
88
124
134
118
101
97
112
120
105
95
102
102
115
103
101
97
90
86
79
78
67
75
103
111
99
103
101
91
87
65
61
66
70
68
79
77
95
109
95
104
87
81
96
62
66
79
62
61
54
55
70
64
56
63
60
54
57
68
55
62
66
64
57
76
78
68
75
78
63
48
56
59
67
65
66
63
61
72
72
71
63
57
57
91
89
84
77
75
56
55
75
75
65
91
95
92
78
76
96
69
66
59
60
67
88
79
64
73
67
61
60
61
49
56
52
67
123
164
80
79
116
110
102
123
85
78
91
63
73
78
79
62
96
88
121
84
72
74
74
72
76
97
77
77
74
68
62
68
73
84
87
77
76
52
82
88
85
46
55
56
50
54
43
40
42
49
52
45
51
70
91
79
98
73
67
98
70
69
60
65
68
85
83
134
201
246
228
203
137
96
84
100
133
149
197
161
84
95
93
104
152
118
95
115
110
84
113
131
119
94
75
68
121
106
116
101
95
98
102
102
97
99
100
89
96
122
133
106
111
88
125
103
85
103
77
80
81
77
86
113
112
91
98
76
96
195
166
54
86
73
90
134
47
63
71
79
58
130
116
62
88
89
82
99
71
70
75
55
68
79
66
55
61
63
81
86
72
71
73
79
108
90
80
78
77
93
102
87
95
128
100
73
74
79
81
104
114
116
95
84
97
69
76
67
58
82
117
82
71
135
208
123
103
83
43
123
187
136
122
93
30
55
86
210
247
245
226
142
158
59
28
84
86
50
50
65
77
125
139
59
60
59
51
50
58
58
71
77
52
51
59
54
57
60
60
67
61
63
60
62
72
63
62
54
55
47
58
55
60
73
44
67
59
75
86
82
78
68
69
69
55
50
56
60
64
58
74
87
70
74
81
70
61
91
79
69
77
70
70
69
65
68
75
79
76
72
86
96
73
85
70
55
65
66
78
70
101
136
108
101
88
86
102
86
92
108
118
115
97
98
121
90
85
85
85
77
61
76
91
104
116
98
92
79
74
62
69
64
71
79
73
69
76
99
94
80
90
121
113
66
58
58
61
58
59
56
57
64
55
55
59
49
56
73
71
68
67
68
67
62
77
80
73
61
63
54
59
60
58
65
67
72
71
68
73
84
74
57
93
94
82
81
79
75
63
55
65
81
82
96
87
84
72
61
83
53
46
51
61
58
78
66
55
60
64
71
68
69
58
71
61
90
88
93
111
114
103
87
90
221
152
88
114
66
83
94
94
83
93
82
152
162
60
66
77
80
78
109
82
93
78
64
84
96
87
105
97
84
90
59
62
76
80
52
58
51
51
42
45
43
47
54
54
49
69
112
110
70
83
106
61
106
72
80
65
90
82
98
173
223
229
229
229
122
111
96
92
89
225
150
143
132
101
83
99
97
108
104
104
108
105
86
116
164
88
76
87
99
140
96
133
97
89
104
130
121
105
117
100
101
90
128
106
120
139
88
98
100
86
137
92
85
97
72
86
130
103
113
117
69
61
89
157
88
89
81
82
86
58
68
71
75
84
112
110
69
88
116
118
97
69
70
82
68
57
50
75
69
73
86
76
91
92
86
80
79
97
74
73
84
78
71
64
79
102
104
96
70
73
73
97
132
114
107
82
82
77
71
98
72
62
67
62
54
62
78
172
76
113
100
37
179
209
156
154
106
60
104
167
231
233
194
188
59
61
57
70
86
87
67
114
103
180
202
98
41
57
59
56
50
62
66
85
95
61
60
47
52
61
64
61
109
90
57
61
55
58
52
54
68
67
43
38
51
59
65
40
55
65
81
88
75
76
88
84
60
42
38
48
56
51
53
64
93
73
77
67
80
83
89
83
83
85
81
77
90
75
65
66
71
70
74
88
78
78
79
83
77
71
70
78
71
102
101
92
97
87
94
109
103
99
157
138
89
89
102
125
108
82
71
94
94
96
113
76
89
108
77
63
47
61
84
75
70
68
57
63
63
73
81
61
62
79
79
51
60
64
68
65
53
67
67
44
65
62
49
56
67
62
73
87
76
86
76
66
62
72
69
90
75
59
54
58
60
60
55
62
62
72
80
68
61
67
88
89
86
76
54
54
65
57
59
83
86
73
75
68
69
65
61
75
49
44
50
48
50
43
45
46
52
59
66
80
78
86
99
89
77
103
123
119
106
142
197
192
194
215
105
69
67
74
70
82
60
64
73
73
73
70
87
82
72
55
51
65
145
93
79
63
90
91
120
88
81
68
63
74
73
56
58
65
56
53
50
49
53
66
63
48
59
67
120
207
39
158
150
43
70
112
113
51
106
196
197
252
242
235
231
242
175
135
118
117
129
212
192
180
155
78
111
96
96
84
99
129
126
91
76
92
183
110
96
94
148
147
89
88
77
88
87
115
99
118
130
67
93
84
91
71
93
111
97
84
100
89
109
106
74
66
76
83
86
64
117
106
71
77
82
108
146
84
82
71
66
64
70
80
76
236
122
79
89
60
151
163
67
80
73
53
54
45
87
225
203
184
167
114
136
89
85
90
82
72
86
88
130
79
68
69
92
88
88
75
63
75
72
79
86
100
85
69
63
88
91
58
57
62
54
52
71
66
57
219
63
90
78
76
95
66
94
55
57
123
242
238
238
212
52
87
130
210
86
62
33
49
63
83
189
103
102
168
73
47
49
63
77
62
69
54
53
60
67
66
67
62
57
67
70
63
52
47
56
55
41
76
201
243
136
46
73
117
87
42
64
79
68
61
89
76
70
61
40
44
39
41
46
60
80
65
62
78
85
66
63
66
69
59
83
69
66
64
56
95
107
78
77
76
60
74
82
83
74
94
91
69
74
88
69
54
74
108
92
83
114
115
117
177
122
100
75
74
75
146
133
86
86
117
104
115
80
69
85
79
64
66
67
73
76
59
55
72
79
77
78
91
57
63
62
55
53
51
60
52
65
85
80
91
58
41
72
48
47
61
78
70
94
84
76
71
64
60
63
58
62
73
82
71
53
52
58
63
62
65
73
101
110
79
77
78
70
82
69
77
63
70
65
70
86
81
73
76
84
75
76
84
69
65
47
49
44
54
44
44
49
57
51
68
68
73
75
79
65
76
76
81
86
113
122
118
136
94
42
85
136
133
37
75
96
94
65
72
106
56
32
54
84
70
55
53
81
127
142
79
93
75
131
106
119
95
80
63
70
67
55
76
55
54
48
46
51
40
49
56
60
60
65
65
94
49
50
252
197
58
64
72
100
116
94
137
213
241
223
225
239
211
121
104
113
122
178
74
56
137
214
159
94
77
69
99
133
132
114
127
113
117
153
100
114
90
81
79
75
148
129
75
88
97
122
90
82
83
97
112
96
82
88
83
96
104
101
96
80
82
96
108
69
101
105
88
74
113
76
64
84
60
97
86
67
82
55
56
77
78
65
139
81
58
64
56
146
60
90
92
70
166
115
212
125
126
214
102
65
105
85
91
78
72
86
96
97
74
142
91
114
114
109
91
78
76
83
94
93
92
69
56
62
87
74
87
65
56
65
69
62
62
48
37
59
160
44
69
94
96
84
105
119
132
238
254
222
158
86
61
51
21
83
203
95
38
51
61
56
46
91
63
46
157
148
44
53
91
209
70
58
53
57
55
63
75
62
57
46
64
61
58
47
41
46
51
34
57
204
229
89
196
98
84
79
61
70
78
82
73
108
74
60
43
42
37
39
46
57
63
74
62
65
73
73
75
71
79
88
93
81
82
71
75
88
116
87
89
89
74
70
80
90
90
65
82
83
65
80
82
75
89
82
104
63
78
99
105
90
127
87
90
73
73
70
80
103
98
100
116
87
89
82
73
81
68
68
79
73
61
50
46
53
76
78
69
67
69
78
72
63
55
59
67
54
62
76
66
76
91
46
43
44
66
55
54
61
71
74
79
99
74
56
66
48
51
64
72
76
62
65
57
56
72
74
72
92
101
84
80
84
103
89
60
66
71
71
75
71
73
71
76
65
68
66
62
64
81
63
71
48
57
47
44
41
52
48
50
62
89
82
83
98
69
69
66
74
78
87
97
91
106
95
71
83
79
49
44
164
41
59
73
72
78
86
102
177
200
109
52
56
48
97
90
55
58
74
94
107
103
92
87
87
77
84
86
124
94
123
63
41
52
47
49
53
54
49
30
54
74
103
51
103
217
109
63
62
62
44
192
69
133
216
224
230
227
234
238
64
93
123
69
98
100
183
225
225
188
108
104
73
75
139
85
92
114
114
115
156
104
117
115
134
92
131
167
112
76
94
108
123
93
93
89
117
116
91
107
85
82
90
79
92
98
85
97
127
120
75
81
86
82
83
75
65
58
65
79
75
76
75
71
105
79
71
67
66
46
62
80
60
95
95
68
76
69
70
121
80
110
125
63
107
73
62
79
99
105
97
92
108
103
90
92
76
86
108
110
95
84
81
87
84
94
79
81
87
85
101
83
85
76
71
75
67
71
55
39
56
61
60
105
92
175
141
80
118
120
62
85
86
56
103
139
49
84
141
60
56
63
51
76
68
121
81
61
65
68
46
69
83
45
57
61
88
54
56
57
60
57
56
62
65
60
60
59
61
55
55
69
69
29
49
131
95
34
72
248
159
54
71
68
72
78
104
111
86
81
78
56
74
70
48
56
62
61
70
57
66
87
109
81
77
80
92
89
75
80
82
89
102
88
86
91
87
64
71
78
77
79
69
56
63
76
77
82
84
73
63
79
68
140
131
108
115
85
98
107
88
72
69
87
102
101
114
118
84
90
92
99
82
61
75
94
72
62
54
44
79
72
62
70
65
74
88
78
52
54
57
71
74
51
68
80
91
82
83
58
36
58
52
58
59
66
87
98
85
66
89
87
42
55
51
54
63
57
64
63
73
73
63
90
93
72
70
99
115
94
85
44
70
69
62
88
99
54
53
55
51
69
67
64
59
63
58
64
44
43
39
40
43
46
49
67
77
85
78
81
99
93
70
60
61
76
113
78
63
71
80
80
64
75
94
71
76
53
52
41
68
107
65
60
120
137
61
53
49
52
49
43
59
69
93
111
101
87
80
93
117
99
68
66
86
88
102
60
82
71
46
55
53
37
117
159
41
88
47
48
102
112
102
60
50
58
94
137
57
117
242
229
228
224
235
251
160
158
173
117
101
159
155
165
242
225
158
132
135
130
166
84
121
107
167
166
115
123
103
106
90
116
139
98
79
98
97
110
108
86
88
90
73
81
75
106
93
69
73
80
95
110
104
107
84
120
100
123
64
64
108
144
123
90
100
63
78
87
88
73
134
90
63
52
58
56
72
88
90
202
132
89
197
113
87
72
56
69
57
65
95
102
107
105
85
73
84
97
103
98
103
99
79
83
81
76
81
80
73
70
69
80
66
76
113
73
61
61
65
68
63
93
70
52
42
50
135
143
63
68
66
81
84
56
71
57
58
66
57
56
113
119
71
56
92
74
64
62
60
91
69
76
86
54
64
68
96
85
75
80
57
34
37
61
74
70
65
64
104
79
71
74
75
71
68
57
41
64
105
99
163
154
65
42
82
120
90
58
66
58
69
87
97
112
84
75
63
67
83
85
61
56
66
66
69
83
77
81
107
73
75
75
79
71
75
73
85
89
85
79
86
80
70
64
55
81
90
81
73
59
67
84
82
76
74
58
58
64
73
113
124
125
120
102
102
114
99
80
74
83
91
108
127
113
98
115
104
92
93
84
76
77
56
65
58
70
91
89
62
71
91
92
92
81
65
59
63
64
68
56
77
81
92
85
72
64
38
49
58
53
58
63
79
82
85
78
131
79
49
53
48
47
54
64
69
78
71
60
78
98
78
72
90
92
103
68
63
65
71
85
87
99
91
59
58
49
51
68
64
63
68
72
76
64
52
45
39
45
53
43
50
54
82
68
66
80
81
89
62
54
58
82
96
54
60
65
75
72
62
64
101
47
31
88
62
36
111
59
57
46
67
87
49
47
49
44
50
53
73
97
96
80
68
66
87
103
91
72
54
57
53
132
83
56
121
78
50
50
69
121
200
235
173
100
79
49
149
65
93
116
167
189
207
146
58
76
223
227
235
245
207
223
197
208
125
98
98
226
147
80
217
229
100
170
215
219
102
158
200
122
182
175
77
130
93
72
77
99
112
108
94
116
131
104
97
100
112
82
64
93
94
179
88
69
70
69
75
104
119
112
53
131
87
122
88
58
117
144
103
93
93
68
109
83
77
91
75
70
67
94
68
57
80
81
116
177
156
107
197
65
172
99
162
195
101
70
95
93
92
115
67
72
74
79
81
97
101
99
85
79
79
75
81
80
69
60
65
82
77
77
85
52
57
67
73
78
62
72
59
50
62
78
109
92
65
59
71
62
57
55
51
66
80
75
66
65
64
70
80
70
68
58
55
54
55
80
64
51
57
113
89
60
98
76
68
56
41
42
48
56
62
61
68
72
96
87
66
68
45
40
45
57
86
78
171
139
124
89
56
53
71
59
57
62
70
73
75
86
94
77
76
69
53
66
73
72
73
69
69
63
64
71
71
75
85
67
80
79
77
72
77
76
86
80
73
69
71
67
59
57
51
77
93
92
81
71
70
80
66
61
66
72
61
55
76
76
97
132
119
120
97
97
100
73
84
85
92
109
110
102
95
109
92
86
94
80
69
57
54
76
63
81
84
93
79
62
79
84
86
95
81
60
68
63
60
61
73
63
71
76
64
65
39
40
52
53
74
78
79
71
76
70
88
62
47
46
50
49
50
63
66
70
55
63
70
83
68
73
96
78
80
60
50
50
71
95
96
97
85
75
68
53
59
53
62
68
75
78
72
69
52
47
46
46
54
42
41
45
71
53
64
71
67
61
54
64
77
74
78
72
68
70
67
64
56
46
64
30
37
54
42
44
100
57
61
117
69
60
49
45
46
42
54
59
81
98
76
71
73
64
91
114
101
57
53
57
57
120
119
54
88
67
61
93
92
137
171
236
188
112
139
107
217
114
111
131
152
138
236
129
78
89
211
173
169
184
201
236
125
213
116
70
132
202
83
69
212
236
104
209
196
139
99
215
220
127
138
181
152
114
109
93
97
92
105
117
108
110
126
104
100
94
117
83
83
102
159
142
86
76
75
70
60
67
81
81
48
119
84
105
118
72
68
97
83
77
80
84
89
67
65
84
56
59
58
95
82
47
90
145
125
112
101
97
129
105
231
107
160
177
93
103
96
75
80
91
76
86
61
88
113
95
110
87
82
72
85
86
73
77
63
64
91
70
68
62
75
82
57
75
89
67
61
55
50
56
89
91
69
55
73
68
79
64
51
62
65
84
87
79
68
67
75
70
70
60
67
60
57
61
57
63
54
78
134
139
91
42
63
43
42
51
56
58
57
53
61
65
69
73
68
66
68
91
101
153
51
50
104
162
216
119
47
55
55
56
62
55
57
61
69
80
75
71
80
58
75
70
64
62
82
95
95
83
65
67
62
55
65
70
79
75
77
81
78
78
78
81
89
75
69
76
67
60
60
68
55
76
85
90
84
66
64
67
59
58
70
70
82
83
96
67
86
120
132
126
96
97
110
104
104
86
105
103
93
97
95
98
80
86
88
66
61
52
63
79
68
80
79
78
83
70
72
82
81
85
74
64
65
62
56
57
74
71
69
70
71
73
79
74
67
72
86
90
83
71
65
54
50
56
44
39
46
50
51
56
65
61
52
63
58
66
61
72
76
76
83
59
50
41
79
86
75
79
79
85
70
60
65
53
64
81
81
77
57
62
46
45
48
39
46
41
32
46
63
62
78
72
69
57
46
63
73
58
72
85
67
67
47
66
56
40
48
54
44
31
29
85
98
70
63
172
89
52
42
46
39
42
54
61
81
82
72
88
102
75
78
94
92
53
61
56
76
100
100
63
65
48
94
188
131
82
88
120
146
130
165
126
181
140
129
91
94
150
178
92
94
104
229
197
185
175
223
210
90
217
181
154
202
206
75
96
224
233
185
237
187
87
134
164
168
141
108
148
192
92
108
120
113
95
96
98
105
97
106
106
114
102
112
83
109
88
128
82
89
82
76
71
62
60
67
70
73
102
72
85
112
81
93
87
67
69
85
87
78
71
74
80
61
64
70
86
78
57
151
216
177
167
107
105
94
129
204
79
97
89
69
105
75
69
71
77
90
83
66
99
125
99
102
79
75
68
91
87
80
84
70
85
102
60
66
62
77
96
54
69
91
54
54
50
46
56
90
85
58
67
87
56
67
57
58
75
76
97
81
73
66
69
90
76
63
57
69
67
63
64
46
56
104
153
151
74
72
40
44
46
60
63
66
90
94
61
44
67
69
60
43
62
65
79
122
158
52
46
96
195
150
84
32
45
49
50
48
58
56
54
62
73
70
57
60
51
68
66
62
64
102
121
109
94
69
72
71
65
71
68
83
80
67
76
76
87
88
85
91
79
59
83
76
60
66
82
61
74
77
80
75
59
58
61
64
66
77
89
117
127
131
75
84
107
123
113
100
115
111
120
101
81
125
108
94
99
105
97
86
88
72
73
65
63
72
73
70
79
80
75
83
85
86
83
73
62
61
64
59
57
49
55
82
83
83
88
92
96
114
106
91
85
82
83
73
67
58
52
52
55
40
34
44
54
54
63
76
65
62
59
57
62
54
65
55
86
92
57
50
53
82
78
59
61
78
77
61
61
65
65
69
86
86
75
54
54
44
47
51
40
56
40
36
48
67
83
94
82
89
72
44
53
52
57
72
78
68
74
69
52
71
61
108
123
62
37
37
89
88
55
69
145
79
48
38
48
41
48
63
60
75
74
84
96
102
70
64
73
70
47
61
58
74
87
56
65
63
50
108
210
135
55
79
74
94
118
129
88
76
150
116
66
138
242
119
79
124
105
203
192
199
222
231
148
163
238
239
215
237
235
115
154
231
227
236
242
218
163
192
138
126
140
112
108
143
96
112
104
93
83
84
88
100
91
104
104
111
97
97
67
105
78
66
89
87
83
79
84
67
85
90
84
96
97
69
71
79
69
144
110
59
63
77
69
82
88
81
77
59
71
96
102
72
114
208
197
194
205
115
141
123
98
118
67
74
59
60
76
62
69
74
91
83
73
83
86
93
103
79
76
70
69
99
95
88
92
81
86
86
66
71
63
62
70
53
56
70
50
47
45
44
57
74
68
69
103
77
80
96
49
62
73
74
100
70
68
68
74
77
66
66
64
66
64
56
57
64
94
117
135
71
59
96
56
54
73
82
76
59
141
173
116
94
80
99
129
116
74
65
92
87
103
94
43
82
119
53
59
61
46
39
53
62
53
55
53
57
73
69
55
57
56
49
50
41
77
113
106
96
93
76
60
73
81
75
69
77
69
78
78
74
87
94
83
86
81
55
70
72
64
70
78
70
73
78
74
66
63
58
62
66
69
77
131
141
144
142
89
100
115
96
98
98
114
93
85
80
80
128
116
100
103
105
85
87
89
61
90
76
78
75
73
72
77
76
87
89
82
87
71
60
62
61
57
60
55
44
61
77
75
88
110
113
114
99
100
96
75
70
64
63
60
56
62
62
51
40
33
60
76
59
78
86
70
62
62
62
62
51
52
49
84
78
56
49
60
74
85
58
56
79
59
50
56
61
68
69
82
84
69
58
69
56
54
54
51
96
40
50
66
81
93
95
86
93
72
73
59
46
65
71
79
77
86
115
44
74
101
195
149
77
45
42
43
49
47
69
79
53
54
46
50
46
55
75
52
60
73
80
74
86
53
66
80
79
48
62
76
61
107
88
48
57
73
88
122
89
85
146
136
39
82
95
63
41
169
80
84
226
253
124
77
169
155
156
104
124
220
209
160
250
229
199
146
208
214
132
228
234
230
223
215
229
242
246
185
137
113
117
108
96
105
133
86
62
69
83
92
95
89
106
102
100
68
66
58
77
84
69
107
93
86
86
108
80
96
99
82
88
94
84
79
67
59
113
102
70
56
53
52
68
82
67
64
58
89
102
111
84
161
182
123
116
114
60
165
158
99
65
81
83
63
63
87
68
77
96
100
75
79
88
79
79
96
68
80
74
79
105
119
73
90
79
57
73
79
68
53
47
48
53
53
45
49
43
40
46
58
61
61
72
123
72
129
134
50
59
58
71
91
67
69
70
73
64
57
67
57
47
48
49
61
119
110
48
56
54
124
125
57
63
85
57
91
61
139
220
208
209
107
143
214
222
107
62
131
61
159
142
36
57
32
47
49
72
88
54
116
142
47
61
59
58
77
72
66
67
88
54
39
46
98
112
93
72
71
60
45
51
74
71
66
66
58
111
95
72
61
75
76
75
71
72
64
55
64
73
76
76
85
82
66
64
59
59
63
70
64
72
116
140
142
124
118
148
127
113
115
85
87
86
79
92
95
103
105
93
101
82
57
62
86
83
84
73
83
76
80
78
72
72
78
75
71
78
64
58
79
58
58
67
61
53
62
60
78
84
104
112
97
73
101
95
68
59
52
73
59
60
71
82
59
56
36
79
102
69
72
81
72
56
66
65
57
53
52
52
60
58
53
53
57
75
87
47
55
67
56
49
53
57
66
70
81
75
66
69
98
77
63
44
73
133
39
60
95
94
95
82
78
59
64
121
85
51
55
70
86
73
70
97
81
69
141
201
63
49
59
39
62
56
66
52
46
61
80
62
52
42
59
83
64
36
59
54
45
93
55
70
83
80
60
79
100
94
174
141
47
92
78
86
63
66
115
170
79
74
104
123
71
83
127
68
97
230
235
154
54
161
213
190
143
140
187
166
242
245
157
91
111
148
166
170
242
231
231
214
168
207
240
231
172
167
105
106
113
96
85
119
109
71
94
80
83
86
95
91
100
122
79
41
84
73
87
64
78
112
94
78
96
105
82
92
76
76
81
78
95
83
73
69
53
72
56
51
59
60
56
63
71
78
136
98
86
113
121
109
109
61
59
64
147
143
128
81
76
78
82
125
160
52
89
96
77
84
87
84
112
107
82
77
91
83
90
100
123
60
81
72
46
72
86
67
56
58
55
54
57
47
48
44
46
58
58
66
79
56
91
112
123
86
62
63
66
77
84
79
71
67
57
54
57
63
63
38
58
53
65
108
24
38
105
125
101
75
48
75
118
76
126
68
52
182
237
205
94
137
125
163
194
35
81
54
215
87
38
48
41
95
68
63
153
129
225
199
46
75
59
52
87
83
80
68
73
74
41
73
96
76
88
69
65
57
45
48
50
76
75
61
72
100
97
83
56
78
87
77
75
75
80
62
61
57
64
72
75
66
61
70
63
75
89
79
74
73
90
132
148
158
141
144
109
129
120
59
88
110
99
94
107
107
116
62
75
58
50
43
69
91
79
77
93
92
69
77
68
65
57
62
68
88
66
66
65
66
74
69
66
64
60
64
68
77
110
101
80
69
90
105
65
55
47
40
53
55
80
78
72
68
47
48
68
80
61
80
76
72
54
56
64
57
57
61
60
50
52
61
47
75
75
42
48
51
49
48
51
56
63
95
77
72
89
113
100
87
90
41
118
131
32
66
69
68
89
75
73
73
87
88
107
64
63
96
77
67
58
91
69
140
178
134
88
68
42
50
127
77
55
51
59
64
70
69
55
49
101
109
122
47
49
41
55
51
57
66
91
68
74
79
101
149
67
78
95
166
71
70
73
73
133
133
54
213
175
61
62
49
67
114
114
232
168
73
58
79
70
146
245
249
183
73
192
221
106
110
175
55
125
216
184
185
247
211
167
153
232
215
228
222
115
90
104
100
90
89
88
87
140
91
101
97
117
79
75
118
117
51
89
71
83
61
68
82
72
71
71
72
69
96
92
113
76
74
78
64
80
86
52
46
46
43
55
66
79
107
101
137
169
104
90
148
113
58
130
84
79
86
85
122
72
58
68
85
196
226
221
64
79
54
51
68
78
87
133
104
73
87
80
60
67
76
93
61
76
76
40
61
82
62
59
55
58
43
37
41
43
53
59
74
94
101
86
54
62
63
171
98
64
67
77
114
87
70
65
62
56
67
65
48
120
91
145
39
18
20
44
72
84
75
65
100
115
153
194
244
215
48
51
126
153
84
47
103
62
113
219
29
100
144
226
139
75
136
96
93
117
101
121
212
192
62
75
127
62
48
82
82
83
77
57
51
53
67
57
61
74
78
76
75
78
57
40
80
95
91
75
73
88
61
62
73
69
73
77
79
55
55
60
65
78
80
72
73
67
75
77
87
101
83
93
81
113
124
107
113
159
109
95
97
110
103
102
103
91
112
115
97
92
75
79
64
55
44
63
81
78
88
83
78
66
86
81
84
144
105
126
138
89
73
58
73
76
87
68
76
65
56
59
61
121
71
57
57
52
51
48
50
59
64
63
61
69
55
53
59
45
42
51
62
75
78
72
84
88
73
72
63
60
67
68
63
61
61
54
57
47
47
47
46
46
39
63
71
69
75
93
106
113
112
69
96
103
58
40
97
43
58
76
101
90
67
70
66
71
86
97
120
97
102
68
53
68
39
65
79
42
39
193
94
140
87
21
43
42
51
55
61
58
58
64
53
32
50
139
49
83
126
89
15
72
65
80
65
65
80
82
70
59
16
124
94
66
61
55
124
127
146
156
240
92
51
65
47
23
59
118
239
83
53
124
148
107
62
168
228
116
91
89
225
250
213
102
60
145
154
84
194
235
238
193
101
173
126
209
231
150
112
126
123
92
87
92
84
88
109
108
100
86
66
55
37
81
97
102
86
67
69
90
98
88
72
71
40
61
83
70
112
127
61
82
65
70
63
73
72
71
65
46
59
76
93
56
99
57
75
96
94
106
71
93
72
70
95
105
80
74
90
64
86
92
44
159
173
167
159
42
157
72
72
95
71
61
90
52
42
22
40
53
62
46
48
31
54
64
54
67
62
49
33
41
48
38
46
55
65
91
70
54
56
57
41
114
119
61
63
98
152
68
132
128
44
86
95
30
58
130
92
32
40
111
121
53
71
70
71
70
101
249
182
103
187
158
85
83
55
25
74
64
22
37
41
61
53
200
249
130
51
185
204
124
160
254
217
126
83
51
66
60
104
55
75
66
66
71
60
63
63
65
70
73
79
72
67
72
68
42
47
74
73
73
81
76
66
58
65
74
68
70
62
57
50
57
66
74
84
81
79
74
65
73
63
67
75
76
77
97
112
129
129
106
105
118
96
93
87
103
96
90
110
108
91
107
112
103
97
69
53
69
65
75
65
85
93
91
86
83
95
106
128
89
49
112
122
106
82
103
98
66
64
62
68
66
63
61
68
66
53
69
84
47
51
48
51
56
50
39
56
54
63
60
54
47
47
57
66
71
68
82
56
57
74
65
61
63
63
59
87
59
59
60
69
58
50
45
51
42
41
52
48
60
79
100
87
82
68
65
85
82
63
56
55
41
44
96
97
86
74
101
77
79
92
101
79
66
88
91
79
86
107
52
209
75
37
84
61
189
189
105
38
141
107
61
67
58
55
59
50
23
122
198
128
91
45
152
139
54
55
60
74
64
87
95
69
54
151
104
95
134
128
233
215
144
85
200
193
80
66
46
150
134
119
191
241
91
47
137
178
84
132
125
194
142
146
67
214
212
211
82
78
185
113
158
247
232
241
180
152
214
92
148
126
101
104
126
122
88
139
100
61
119
99
91
87
58
81
83
96
67
79
85
106
94
88
65
68
87
99
108
55
71
80
73
52
117
105
71
63
68
81
78
73
83
63
82
99
65
54
51
55
54
84
86
80
77
63
88
116
105
102
113
79
80
71
74
96
77
118
68
88
205
176
57
194
191
62
72
53
72
81
63
141
187
55
50
42
35
43
60
34
40
57
70
40
27
40
42
41
34
30
49
61
74
141
56
46
89
121
76
97
86
80
79
54
84
117
167
99
79
70
123
84
74
15
42
166
236
151
59
72
73
77
69
128
223
91
40
28
30
47
75
73
55
65
64
57
43
78
23
114
218
78
20
59
65
48
47
223
242
107
131
45
52
77
114
175
89
89
56
52
60
63
56
49
48
57
61
68
61
64
62
53
54
51
55
64
67
60
71
67
69
71
73
66
68
67
71
77
78
83
76
91
84
72
74
77
78
78
76
68
76
70
80
103
97
95
93
105
119
124
116
84
80
83
80
99
102
113
105
101
97
68
73
59
66
71
65
83
95
101
79
77
76
85
96
99
57
46
74
77
70
73
106
83
80
76
74
69
57
66
67
63
54
58
51
61
54
59
50
45
41
42
67
58
49
57
83
67
47
58
58
66
66
55
69
63
58
52
56
58
65
82
77
79
64
66
83
81
49
45
42
55
50
48
56
56
64
54
67
67
74
71
87
97
82
59
59
63
55
58
76
90
61
73
82
62
73
91
107
94
77
84
108
85
107
214
214
140
115
78
20
166
138
139
147
47
133
83
48
54
50
55
66
48
105
207
214
211
119
63
101
106
36
50
58
69
50
50
66
55
113
228
224
152
136
224
244
244
234
194
206
166
208
110
34
203
148
88
158
134
76
86
76
72
142
102
134
117
117
172
90
95
155
214
168
136
98
99
212
230
222
236
144
123
175
109
131
97
90
100
99
94
109
189
126
130
168
99
95
76
84
84
80
69
79
116
88
86
109
87
54
73
67
106
90
81
96
86
65
97
106
118
64
48
69
76
74
73
69
61
66
76
78
68
60
51
57
82
79
85
61
78
105
139
135
86
96
92
76
77
82
85
78
92
56
84
90
62
39
193
119
62
71
68
50
30
48
129
182
49
45
52
45
40
56
95
78
61
60
30
50
39
45
44
33
33
37
43
70
104
150
131
116
148
70
76
86
95
83
70
82
67
81
86
80
78
120
55
31
70
61
221
198
54
47
44
61
71
51
55
125
99
91
61
64
59
55
53
52
29
45
69
103
118
116
144
182
96
120
56
75
85
50
112
164
223
183
77
175
194
154
241
179
67
63
57
63
67
69
59
50
56
60
62
53
59
60
55
56
60
69
55
61
47
64
78
75
79
87
83
66
64
67
72
74
78
76
75
80
78
89
78
74
73
74
69
59
57
54
83
62
64
99
89
106
117
117
91
78
85
87
90
104
97
101
93
74
62
64
61
64
74
67
74
94
77
61
63
98
81
86
83
64
74
75
75
78
90
84
78
86
72
69
58
49
69
71
55
52
62
75
58
55
55
49
41
40
38
62
51
46
50
75
80
59
44
51
60
60
53
64
70
56
57
63
59
62
70
78
71
63
62
62
59
47
47
44
48
46
49
52
56
55
54
63
85
72
59
67
77
73
47
51
55
52
58
77
74
74
67
68
49
69
76
87
90
70
64
90
88
82
205
155
49
129
108
52
174
79
85
70
78
104
80
54
58
55
57
45
41
94
103
68
129
141
51
117
112
32
57
71
56
49
51
68
50
137
221
201
157
212
224
243
187
222
235
237
106
155
133
55
187
152
55
85
122
143
62
73
126
192
48
127
107
142
138
98
99
190
233
235
216
115
135
218
154
173
200
99
120
126
91
120
107
95
100
99
87
109
123
146
201
151
93
77
94
99
95
73
81
134
117
95
102
107
75
100
111
96
94
54
53
72
102
78
81
74
97
64
54
61
57
61
59
59
62
63
74
83
56
60
73
77
68
58
69
74
83
100
128
102
84
92
108
90
85
85
85
87
86
92
67
69
57
68
137
71
67
61
57
50
149
111
53
64
107
45
90
79
87
38
100
84
49
63
117
134
37
47
47
36
37
56
92
72
42
206
175
74
62
57
79
87
68
91
94
73
64
64
65
72
77
61
50
72
65
52
183
129
34
102
76
54
83
58
58
71
71
70
58
70
61
46
47
175
124
35
122
197
64
65
60
59
65
112
72
95
104
126
64
76
162
221
206
221
116
152
244
228
121
67
63
66
60
68
69
62
63
60
58
48
47
62
62
58
63
64
49
47
44
60
75
79
93
88
65
53
59
61
71
71
70
71
68
89
86
89
85
71
81
84
74
62
62
46
55
53
58
94
73
93
100
91
84
66
95
94
89
96
76
72
79
60
64
67
72
79
78
61
67
80
65
53
55
93
87
74
69
69
90
79
74
76
85
74
73
75
69
62
51
53
61
81
86
58
69
78
55
51
52
45
37
43
56
55
51
47
55
53
55
52
40
50
58
56
55
62
60
58
69
69
59
63
63
62
61
60
60
54
52
57
65
45
44
49
46
49
50
52
56
59
72
63
56
62
66
63
50
44
46
45
60
84
76
82
63
93
97
73
71
81
98
122
60
64
76
75
102
166
70
89
62
74
172
69
91
62
84
100
57
54
53
57
52
110
40
94
125
8
65
93
50
73
65
50
67
64
52
47
66
67
60
103
123
113
137
236
131
177
122
211
233
248
166
196
140
75
177
104
37
42
155
209
131
86
113
164
23
127
193
189
111
117
100
152
149
144
109
81
120
159
151
157
128
116
130
98
101
112
104
94
88
97
88
91
102
154
129
94
91
75
96
97
77
79
112
122
84
82
95
88
63
98
101
110
92
69
54
85
82
78
81
68
72
76
77
90
63
56
52
61
69
59
76
83
64
77
85
74
69
54
56
68
94
101
126
105
85
95
98
102
87
80
82
84
90
117
72
57
65
88
90
79
69
62
59
79
209
98
52
54
200
147
71
78
99
42
87
44
30
59
211
137
37
49
51
44
41
59
105
143
48
172
124
54
112
62
80
73
97
79
77
66
66
60
62
62
54
32
53
74
49
45
83
64
55
109
81
57
66
64
58
59
61
59
56
61
60
53
51
134
105
46
148
196
28
33
37
50
83
86
63
85
82
127
73
86
95
149
232
207
70
128
161
231
127
61
64
64
56
58
69
70
61
51
56
44
43
57
64
64
61
56
49
43
50
60
64
67
79
58
59
55
48
55
73
66
61
61
66
106
81
75
76
69
75
78
69
67
72
50
42
49
55
74
70
99
95
74
69
56
92
87
80
82
79
54
65
63
65
63
87
93
75
57
81
76
66
54
63
89
78
57
62
72
90
84
81
82
85
77
82
71
70
71
58
56
76
104
95
58
65
61
57
56
50
40
35
40
78
56
50
46
52
42
46
44
45
50
54
56
56
59
55
69
68
66
64
61
63
59
59
55
57
55
53
54
56
46
46
52
45
50
49
71
62
49
53
59
50
50
57
55
51
41
42
40
63
88
86
93
80
99
111
90
84
72
106
166
50
48
89
67
81
166
68
45
43
67
97
62
99
82
86
93
58
54
67
49
32
179
43
96
203
124
77
49
51
46
40
64
62
48
53
46
69
67
55
67
52
61
86
159
71
109
102
204
230
251
151
163
174
141
171
90
102
101
125
169
218
152
98
88
62
110
193
158
100
121
107
151
123
98
105
137
122
87
147
147
68
118
136
92
109
122
99
98
94
91
98
87
101
119
115
81
89
81
95
98
75
75
103
87
74
77
84
88
108
105
97
107
85
82
99
103
76
72
82
64
79
90
81
82
89
64
65
73
71
69
80
80
79
79
67
67
72
57
59
96
109
99
124
104
91
90
91
92
83
81
77
82
94
101
109
82
70
102
84
78
70
62
50
138
133
57
66
62
155
154
52
67
76
47
86
34
48
61
178
136
41
50
50
50
47
59
95
162
73
124
67
38
180
125
61
105
116
58
58
71
63
71
77
40
32
34
50
91
99
90
65
90
98
77
90
73
53
60
52
47
54
61
71
67
61
58
53
70
60
55
93
134
87
54
50
71
103
75
76
74
63
84
83
96
65
82
180
213
66
115
96
191
151
63
68
61
55
57
68
73
62
51
57
50
49
48
57
65
59
61
57
54
62
70
63
56
54
61
69
63
60
66
73
62
56
60
64
94
68
66
67
70
63
60
58
62
72
52
44
47
51
58
76
105
94
73
69
54
66
66
64
71
76
57
62
67
61
59
92
84
66
59
81
70
64
56
69
91
55
51
64
74
79
87
100
94
85
83
82
66
71
81
66
58
92
99
68
56
55
55
57
61
58
47
41
35
71
60
59
60
51
51
52
46
47
48
52
52
50
53
57
65
61
61
63
60
62
60
57
51
52
56
56
54
47
44
47
58
53
51
52
84
58
43
53
59
48
40
65
50
48
45
39
42
56
86
93
100
96
83
84
107
82
78
117
118
39
56
109
77
83
92
49
57
62
59
64
91
77
77
90
89
76
64
130
54
76
145
39
69
167
210
72
42
44
44
45
57
48
42
53
55
59
60
60
110
36
62
59
78
64
79
92
163
229
247
73
107
196
204
107
103
169
202
152
131
155
151
161
87
111
133
133
109
115
129
164
160
139
103
191
209
122
62
131
159
74
159
166
112
110
114
105
102
112
96
104
94
84
85
138
93
77
82
89
104
89
74
91
84
82
86
86
103
135
121
105
97
83
85
120
92
78
70
74
63
89
85
76
60
83
58
72
77
72
72
76
79
81
70
57
68
77
54
73
119
111
102
110
91
103
93
91
80
73
81
81
83
90
72
115
112
80
99
75
66
68
74
69
133
66
51
68
64
67
83
51
60
58
56
63
31
61
111
71
106
43
48
52
49
50
61
75
100
77
82
53
30
171
147
70
186
141
51
45
80
96
69
66
37
38
47
52
95
104
103
78
113
98
61
94
77
57
61
44
41
51
67
85
76
60
55
51
79
63
49
62
128
141
76
59
72
86
71
91
94
55
69
90
77
66
67
98
174
125
115
93
119
138
63
69
56
51
68
72
75
72
61
58
60
50
42
49
62
61
67
64
65
67
75
68
65
56
92
65
62
82
82
69
62
63
66
65
63
70
74
74
76
62
49
48
56
65
52
48
48
54
56
81
96
84
72
74
55
49
65
73
72
62
68
69
65
63
74
84
62
58
54
78
61
59
59
67
87
52
55
66
74
70
84
103
84
68
76
61
60
69
70
68
65
84
77
57
65
49
54
49
59
71
61
58
38
45
62
77
77
56
63
51
53
44
45
51
45
53
53
57
50
56
58
61
62
60
50
48
53
56
61
60
64
60
44
48
65
60
55
59
68
42
50
66
59
48
57
88
55
53
48
38
48
47
84
96
90
94
74
66
98
64
89
113
50
52
77
100
107
53
40
79
102
65
58
106
129
67
68
80
79
102
116
188
62
177
68
26
45
103
160
57
43
36
31
47
51
47
45
53
62
52
48
73
146
38
70
73
68
64
70
72
100
186
227
50
108
140
173
87
98
133
230
251
171
37
111
235
172
102
147
136
115
131
145
194
114
113
89
177
152
101
76
133
203
140
228
172
125
110
94
110
101
119
98
98
86
84
87
101
90
69
82
80
102
97
92
103
96
82
94
92
107
105
110
98
86
91
89
100
72
65
80
66
71
77
65
76
64
53
42
61
64
69
59
70
76
70
73
70
74
86
57
83
105
105
109
96
99
117
113
98
84
68
68
84
81
80
63
74
91
83
81
60
59
65
97
114
63
72
64
72
78
64
59
66
83
100
60
45
72
84
165
35
41
44
46
54
47
49
60
55
52
64
52
61
55
109
84
101
245
203
89
83
83
118
53
46
60
58
58
59
65
49
74
71
76
58
61
70
62
64
90
90
69
84
66
68
70
55
64
70
77
65
48
86
126
100
74
74
84
76
72
78
114
56
87
104
70
89
78
46
86
192
143
114
93
94
45
55
44
50
79
79
89
86
73
70
69
42
38
46
60
59
64
62
69
61
62
69
74
77
76
57
61
66
76
57
63
72
64
67
59
80
86
75
77
60
45
46
58
62
55
52
46
57
57
72
79
70
69
65
63
73
105
105
83
73
84
75
73
89
95
77
56
53
57
104
72
63
80
88
86
74
52
57
69
78
77
74
61
55
60
60
66
65
58
71
69
73
92
75
84
48
52
56
66
66
66
76
45
41
57
79
64
51
66
60
61
41
42
48
48
74
70
56
58
50
55
65
63
63
51
50
61
70
64
57
64
63
54
51
59
53
54
62
43
40
63
74
59
40
82
87
66
61
43
43
48
54
89
86
72
89
69
64
59
66
74
75
74
84
80
82
106
72
59
98
98
55
52
75
79
83
74
65
39
144
208
166
41
187
75
24
56
133
99
99
45
36
35
51
66
66
46
54
55
54
53
56
62
53
62
69
78
68
70
75
65
98
184
46
62
51
84
197
99
57
184
231
183
84
208
241
199
63
55
163
120
107
125
116
86
96
104
111
77
118
78
122
215
175
183
99
95
92
110
107
107
111
77
97
69
113
101
86
85
87
85
100
89
104
109
102
91
86
95
99
101
96
92
88
84
84
83
93
76
64
91
61
70
74
59
66
52
55
53
54
51
55
59
72
66
63
79
69
77
91
70
80
96
107
102
94
113
119
120
115
93
72
60
77
82
77
70
58
58
69
80
104
51
67
87
104
48
57
66
65
67
80
63
117
126
159
40
117
215
176
141
106
33
45
45
46
46
48
59
58
61
50
60
66
82
51
48
82
208
217
143
156
77
63
60
69
69
61
62
58
64
65
83
93
80
87
64
53
64
90
152
205
106
131
72
62
60
47
75
93
34
43
71
67
32
40
62
85
91
91
78
72
90
73
90
103
75
93
102
85
70
137
196
124
162
161
50
51
47
67
77
94
135
122
102
117
113
57
38
33
40
46
50
57
67
59
69
69
72
74
85
59
58
52
79
55
65
66
72
71
55
61
61
57
56
63
66
71
76
84
63
49
46
56
52
44
50
59
66
70
84
101
111
81
86
82
89
74
98
118
80
73
49
59
111
75
65
78
120
136
87
63
52
57
69
88
69
67
79
74
73
92
72
73
82
75
73
63
81
56
86
65
90
83
89
64
72
73
45
45
48
65
54
53
70
69
62
45
42
55
60
71
86
68
59
53
67
60
57
61
59
56
66
66
54
56
63
61
46
50
52
41
43
46
43
60
64
69
59
53
94
75
70
66
56
51
48
60
92
44
56
69
67
73
40
63
83
74
82
91
70
86
86
64
44
49
33
47
52
39
37
61
79
81
49
145
219
124
49
67
110
72
61
26
30
56
60
40
41
30
77
88
49
61
54
50
55
51
50
76
62
57
54
67
78
66
67
93
123
36
69
72
61
122
104
97
170
136
155
118
233
207
122
103
72
116
96
101
97
67
88
106
103
115
157
118
84
99
151
85
108
100
92
86
116
117
103
99
87
111
91
125
130
96
85
112
88
137
87
103
109
103
104
105
96
117
102
82
91
88
94
80
89
89
87
76
75
66
66
75
51
61
48
55
60
53
47
47
72
51
76
77
54
58
65
96
76
66
73
104
114
89
92
93
85
84
99
68
88
105
98
84
92
78
61
62
73
167
67
61
45
72
66
40
56
56
62
77
58
132
56
65
70
235
250
217
106
160
23
42
39
44
37
42
48
60
57
51
56
58
55
60
75
57
73
98
79
56
50
68
62
62
67
71
74
62
64
46
49
47
99
193
138
93
92
185
219
186
77
88
156
173
53
29
28
33
54
48
87
66
54
60
55
50
55
61
80
79
60
78
69
70
79
64
96
108
92
72
160
130
188
242
36
67
79
96
80
98
120
94
92
74
61
63
49
43
52
33
55
62
52
50
70
80
85
81
76
79
63
51
75
92
61
50
61
67
64
53
52
57
52
57
65
82
83
71
63
45
53
68
64
53
54
57
64
73
117
89
62
98
118
89
97
114
115
85
73
71
61
106
112
67
97
106
115
102
78
63
64
77
99
78
72
59
71
90
70
59
71
82
81
78
64
74
122
109
65
58
58
57
59
52
58
61
51
46
47
58
51
57
68
77
79
54
41
53
52
56
81
86
75
76
86
71
65
50
51
58
58
54
59
70
63
67
49
30
39
50
156
61
51
87
79
59
68
63
120
162
66
67
70
52
46
57
56
53
57
60
55
45
50
71
49
66
81
75
86
88
92
61
44
49
53
52
44
50
73
61
89
81
64
161
196
122
212
96
221
184
53
40
30
35
35
32
87
111
144
55
37
76
51
42
54
59
59
54
54
53
35
53
102
57
60
151
183
62
73
77
80
73
80
100
211
65
211
103
78
71
47
234
127
54
124
133
118
97
96
104
105
118
129
103
101
143
110
137
100
86
86
204
68
84
83
94
117
79
104
116
112
100
92
110
93
105
110
138
78
104
120
89
85
79
79
90
84
122
85
95
92
79
63
69
78
64
66
70
91
70
59
68
54
55
42
36
42
53
72
70
50
54
61
69
64
80
53
89
115
93
67
70
89
96
94
81
134
158
162
171
114
66
85
69
48
35
57
53
42
77
54
41
55
49
45
39
36
36
32
15
154
252
250
251
102
94
34
47
47
40
36
41
50
63
64
61
42
47
54
67
61
66
48
47
57
52
74
78
70
72
71
70
76
66
51
61
148
55
42
86
253
171
142
240
255
138
80
104
84
94
80
44
106
117
59
57
64
54
54
57
62
68
67
77
69
59
72
65
66
71
79
76
69
81
90
129
85
49
150
233
54
67
96
108
103
106
82
89
110
63
46
59
60
52
34
44
48
43
45
59
70
70
80
90
99
70
74
72
76
101
70
72
64
61
60
53
52
46
42
52
54
57
66
81
82
70
84
83
79
45
44
52
47
94
113
102
102
141
126
134
145
136
109
77
53
62
73
99
80
80
109
128
108
82
84
90
70
83
80
92
74
66
89
72
37
77
91
80
77
75
67
84
101
75
67
52
59
67
59
58
58
57
46
46
44
41
74
64
74
82
67
43
40
54
56
43
52
78
100
76
63
58
59
53
54
50
56
59
70
75
71
64
61
57
38
53
108
46
53
70
60
67
63
73
72
80
73
53
60
64
54
54
71
57
47
44
46
48
52
60
45
61
92
75
71
75
77
37
52
48
50
52
74
43
50
49
48
50
48
62
126
104
53
17
103
84
43
42
39
42
27
26
110
91
123
85
36
37
48
51
52
55
53
48
41
61
126
76
91
58
62
73
63
71
67
64
84
98
85
80
132
85
120
73
101
99
57
173
82
63
84
116
85
120
96
80
90
100
108
107
94
85
73
123
118
76
118
246
86
90
128
123
132
100
105
100
110
99
75
71
99
121
116
89
123
147
113
73
100
77
80
100
89
98
92
95
93
116
133
116
96
97
91
92
101
75
72
68
57
65
64
54
59
60
57
65
51
45
49
40
44
76
73
104
82
81
138
154
135
104
93
84
119
141
100
85
78
91
84
53
43
66
61
47
46
52
62
58
38
45
34
49
130
29
59
36
144
153
115
161
105
31
44
37
35
33
27
35
60
86
61
41
80
59
49
57
63
44
49
56
61
62
70
74
67
61
56
60
83
70
51
45
73
49
59
95
228
127
164
230
252
121
79
73
71
134
239
155
85
73
59
55
60
79
100
77
79
45
52
62
68
73
69
64
70
88
84
100
73
56
51
97
127
191
236
227
81
88
77
79
98
88
92
107
95
69
72
60
59
49
51
52
46
51
72
68
68
62
72
71
84
70
82
96
86
82
72
63
62
66
73
61
56
51
47
46
45
59
73
85
98
91
82
80
69
105
134
89
76
73
96
109
122
120
112
100
92
100
119
59
46
55
66
82
102
95
100
97
81
74
96
107
74
83
78
76
79
79
68
51
60
70
78
57
67
65
98
154
125
62
67
65
70
54
57
51
50
51
71
86
67
100
121
96
101
87
86
87
50
48
54
54
68
77
87
79
72
72
76
64
66
65
66
66
62
51
69
61
62
45
34
33
41
48
57
73
60
66
63
86
70
69
67
58
48
65
57
60
61
54
47
45
53
56
51
42
47
58
76
62
53
63
130
93
52
61
58
56
90
37
39
42
71
62
34
49
101
140
83
59
76
45
76
131
23
40
75
76
184
123
101
67
33
42
41
42
44
48
41
50
46
58
197
211
190
57
57
68
76
69
66
78
78
85
91
76
144
131
117
157
89
65
63
81
162
170
90
123
132
137
112
72
56
57
97
106
98
81
81
88
89
158
110
138
99
115
122
111
115
88
100
109
108
103
94
96
129
118
96
111
95
123
89
83
83
80
76
110
108
83
74
77
64
100
107
110
141
137
80
99
80
75
61
54
59
56
57
50
60
65
63
63
49
50
61
69
69
46
138
130
76
104
162
155
101
85
77
85
89
82
66
65
77
87
62
45
41
52
56
46
50
44
117
93
67
40
34
171
234
179
91
36
183
94
73
69
43
46
93
30
35
33
44
68
75
81
48
36
96
73
52
58
60
48
48
47
57
79
57
120
90
70
56
56
49
55
53
71
60
35
105
214
223
184
229
242
170
43
51
46
90
189
227
164
81
71
62
57
54
54
65
57
48
91
93
75
89
83
78
85
87
88
98
92
82
100
129
102
168
246
246
236
75
70
62
76
66
87
110
96
95
97
80
54
46
47
43
47
48
58
72
64
74
65
66
68
62
71
84
80
59
61
63
56
58
73
67
48
53
55
54
45
47
53
64
70
93
86
84
79
75
134
175
153
111
83
99
114
137
107
101
91
82
91
100
87
73
64
89
103
83
62
78
99
136
127
127
122
83
72
80
73
91
93
67
75
87
89
90
114
123
127
105
94
79
58
62
81
71
48
54
61
53
65
96
78
79
99
104
104
107
89
100
103
84
47
56
83
93
96
84
70
73
75
72
74
83
86
78
79
68
56
74
61
58
39
34
44
52
56
71
72
56
56
58
73
78
76
62
49
52
57
52
42
48
52
52
48
49
51
49
42
44
45
60
64
76
84
116
79
51
62
89
74
57
45
44
41
52
46
52
67
58
93
97
55
75
62
75
73
35
46
75
99
147
43
77
66
59
41
43
52
51
43
44
63
69
131
132
96
141
58
61
72
70
86
84
104
107
105
84
85
167
126
101
112
69
52
106
79
127
201
131
141
90
104
105
105
107
89
93
100
103
98
86
81
120
168
96
84
88
112
110
100
115
96
97
105
120
89
90
78
99
95
105
107
112
118
82
85
77
74
73
105
112
94
93
110
87
93
65
70
90
81
68
81
91
74
65
68
41
55
74
46
59
59
65
68
55
42
51
58
64
59
100
109
89
132
169
78
60
88
95
92
89
78
55
68
90
64
54
59
42
22
44
43
45
46
55
43
63
136
78
111
163
177
60
43
161
90
63
64
51
40
62
33
34
41
108
133
108
74
62
65
68
65
60
61
56
58
56
59
67
71
53
66
76
75
60
50
100
102
43
40
48
58
50
206
246
231
174
88
50
65
63
56
69
66
106
199
83
62
64
62
51
57
85
79
22
78
82
78
95
91
82
89
95
100
96
84
63
126
160
119
225
206
204
229
60
61
77
75
49
80
93
70
91
74
62
51
58
54
31
43
38
54
69
60
74
60
54
60
62
70
68
74
81
73
54
59
56
62
58
57
54
52
48
43
53
54
54
61
77
84
79
75
144
156
174
151
122
94
78
121
127
95
112
103
104
106
105
123
80
71
95
99
66
64
99
132
163
149
148
114
93
77
74
72
73
83
77
83
92
82
111
141
122
123
88
65
83
79
60
79
71
67
69
80
57
78
96
78
82
91
103
107
114
84
94
91
79
53
74
92
98
95
83
65
71
70
69
63
62
75
77
75
63
69
67
51
48
42
30
45
50
50
56
57
53
46
46
81
110
71
51
42
56
47
51
38
46
61
50
43
47
49
47
45
43
60
79
75
86
106
107
79
50
58
83
65
52
43
42
42
40
41
67
101
99
56
83
63
54
58
64
49
54
53
54
91
109
27
75
73
45
36
82
60
46
42
52
53
100
208
99
53
73
59
65
53
56
80
86
98
99
85
76
84
152
195
186
120
82
136
87
76
108
155
118
135
154
117
96
111
104
128
113
111
97
97
88
91
112
118
98
82
86
115
123
110
108
99
100
100
110
111
99
95
91
92
132
105
108
93
80
80
69
73
79
90
125
98
101
106
93
82
57
73
84
83
69
75
88
71
82
57
44
51
76
72
91
60
76
71
57
44
62
60
40
59
72
89
94
98
91
48
79
128
94
76
75
78
75
81
94
72
48
47
60
95
101
47
40
43
38
84
74
104
56
57
55
82
39
43
75
60
49
50
47
41
42
36
34
41
76
88
110
67
77
76
51
54
45
41
52
53
56
66
79
59
64
64
68
70
68
47
155
151
69
101
148
115
64
104
222
137
86
118
110
84
69
78
79
59
51
161
142
87
51
92
63
133
89
58
112
71
68
87
98
85
77
76
91
114
105
86
75
176
198
171
182
106
94
130
61
59
61
58
47
58
65
63
73
53
59
59
62
43
27
38
33
51
71
56
75
65
52
59
70
72
80
93
102
89
55
61
69
62
58
56
48
59
53
62
58
55
58
67
64
75
84
98
175
124
140
130
115
107
83
123
115
107
96
88
104
101
100
122
66
66
90
97
77
86
108
128
140
128
139
110
90
96
90
73
63
76
79
71
79
74
109
119
119
133
79
74
94
99
81
73
68
84
103
90
65
87
96
86
97
107
112
92
89
80
89
81
66
70
84
77
89
86
80
64
57
56
51
50
49
57
74
68
62
67
60
50
43
43
36
44
40
43
54
53
55
44
49
112
107
76
64
44
50
41
50
47
47
58
49
46
49
52
43
45
51
84
95
88
92
99
95
81
65
75
69
64
63
45
42
41
38
49
59
73
101
59
64
61
50
88
60
40
123
64
48
112
107
36
53
96
83
103
91
47
42
46
57
53
87
149
76
62
57
77
119
88
88
81
75
92
80
59
77
71
171
239
246
142
146
185
112
123
116
130
128
109
155
114
95
102
86
118
115
117
98
84
104
136
123
98
112
105
110
114
101
103
99
97
102
98
89
120
103
128
99
111
142
98
80
75
79
82
89
88
73
70
103
112
102
82
79
85
72
78
85
81
69
79
72
68
90
45
63
63
80
75
91
62
78
66
54
49
57
61
47
56
52
69
89
71
60
113
139
140
89
84
70
84
89
80
80
106
112
73
71
140
136
41
39
47
55
93
96
82
40
33
29
44
57
57
45
46
47
40
44
40
35
37
32
38
37
61
113
70
108
71
43
45
57
73
47
67
68
73
71
52
66
70
66
60
60
74
197
202
176
203
193
152
113
49
106
49
65
182
212
84
83
96
85
88
61
97
181
123
55
123
143
134
66
52
140
60
69
95
100
91
72
71
75
94
106
74
126
210
226
140
106
71
64
76
55
49
41
49
57
53
58
62
59
60
65
61
54
31
27
31
33
47
69
68
81
69
59
67
79
82
104
105
105
86
63
67
66
63
69
46
40
59
62
81
62
56
59
66
56
59
78
108
143
85
118
113
96
101
100
109
111
114
72
94
115
94
81
94
84
74
90
93
101
95
89
104
112
117
129
107
88
117
97
64
62
77
76
64
58
65
92
107
127
137
94
90
91
99
109
89
75
87
102
74
67
85
86
94
107
112
106
77
70
76
83
78
66
81
75
70
79
76
77
60
52
51
39
46
54
56
71
70
67
57
60
47
45
43
41
45
38
48
57
58
59
44
55
106
78
93
87
63
49
40
47
51
50
50
46
51
55
49
41
44
62
95
91
92
94
75
79
90
77
84
58
61
60
47
45
42
58
68
49
44
64
65
53
49
51
86
49
40
117
62
57
118
105
47
38
89
144
118
77
61
63
41
52
57
68
76
65
64
59
81
156
116
127
152
93
86
96
124
74
60
200
230
226
129
185
168
157
164
134
129
119
87
105
115
109
92
82
101
115
119
103
112
153
140
126
93
120
108
111
117
114
91
94
98
96
99
92
106
106
123
98
129
130
71
66
78
82
91
107
109
76
89
114
133
96
71
73
96
106
93
86
76
79
87
66
62
79
58
71
75
87
74
73
63
68
61
74
66
50
57
63
57
46
85
91
66
70
152
143
104
81
96
81
98
108
76
72
87
156
125
70
96
107
42
42
48
86
95
158
122
60
44
42
42
51
51
54
51
61
64
62
38
32
34
29
34
32
60
95
71
126
58
38
37
78
99
47
82
80
71
55
56
64
59
64
57
50
102
180
163
164
160
106
98
92
49
40
37
118
168
168
91
98
92
84
97
83
70
121
102
71
111
192
74
77
107
68
59
83
94
107
102
83
93
82
84
110
68
143
159
152
82
78
74
77
64
38
38
46
52
64
61
58
56
60
64
63
56
48
38
32
29
41
38
50
70
79
62
63
68
78
94
105
96
102
74
67
82
52
58
66
43
41
47
60
74
56
56
51
55
53
48
59
79
114
79
119
100
88
88
109
106
119
98
78
133
146
121
104
89
118
101
92
79
105
86
73
96
122
131
125
94
105
132
91
57
68
86
91
76
48
56
91
113
115
108
107
93
85
87
115
113
95
86
68
60
70
77
67
94
88
83
84
78
74
72
69
72
70
77
63
67
67
73
70
55
58
54
47
47
55
61
67
69
63
50
61
36
42
41
37
43
42
57
48
54
58
48
59
76
74
96
84
80
55
44
49
47
56
48
43
53
55
42
42
45
76
88
84
90
82
67
97
102
75
70
46
45
51
49
48
46
75
68
49
58
57
56
50
46
40
47
54
51
49
56
59
77
84
47
62
69
141
68
69
83
129
71
49
54
74
80
70
67
59
83
106
94
154
161
126
92
99
175
68
107
200
195
196
153
164
145
162
189
181
134
89
93
86
139
111
98
90
99
117
109
100
145
158
90
106
84
104
83
95
116
151
95
99
98
92
98
100
93
107
93
94
118
96
68
90
90
83
85
95
105
82
141
163
122
89
82
80
110
136
105
95
85
97
85
61
55
68
82
73
78
90
92
73
60
58
59
93
76
55
55
61
52
83
125
91
56
99
137
107
66
65
76
81
102
113
79
72
48
127
123
86
49
78
65
50
54
131
166
209
148
75
59
54
46
48
45
42
45
61
83
79
49
30
30
29
31
33
65
84
64
95
42
45
72
81
69
54
68
71
58
49
63
60
59
69
71
60
89
96
61
78
51
32
32
45
52
61
55
140
113
73
96
95
84
92
101
91
74
50
60
76
76
149
73
154
158
50
84
96
99
110
101
102
110
108
99
107
71
113
87
51
74
78
62
74
97
35
41
54
56
50
48
48
60
63
52
66
58
51
57
57
49
69
40
31
41
68
63
64
62
64
90
91
91
90
69
65
93
73
66
43
43
46
44
52
55
39
44
46
50
52
45
59
60
111
76
109
98
107
99
128
130
130
85
100
138
139
145
159
118
104
110
89
82
87
77
76
103
147
128
109
84
115
134
109
67
92
102
119
105
65
76
114
97
95
97
96
90
80
74
96
115
108
90
65
80
89
80
67
78
61
53
69
82
67
76
59
63
68
65
64
54
58
79
57
51
53
48
53
46
50
61
69
65
55
50
64
34
31
35
34
39
44
54
46
48
50
55
66
86
94
81
65
71
56
57
54
47
58
47
44
56
45
43
42
49
81
77
90
87
68
80
128
85
76
61
40
43
53
59
52
51
53
44
50
67
68
54
52
44
38
61
104
43
63
66
48
42
56
39
97
114
122
89
90
61
181
131
80
61
76
75
69
74
62
111
30
72
170
26
131
118
52
121
98
199
202
175
188
217
152
154
163
238
234
162
126
117
81
136
96
137
100
90
104
76
89
114
76
71
113
96
78
73
110
97
112
109
104
89
94
92
80
91
90
77
94
88
60
106
113
94
81
73
81
67
70
158
150
83
83
92
86
130
122
72
80
78
97
69
43
52
68
103
95
84
87
95
72
59
58
58
66
54
51
52
56
49
118
114
68
56
151
149
109
63
51
49
62
89
82
78
64
70
98
70
109
62
103
91
55
96
139
191
155
116
84
76
81
79
105
81
56
38
41
53
63
62
30
28
31
29
39
97
102
65
49
39
72
145
110
48
58
51
57
56
55
61
46
65
72
82
81
58
33
43
128
76
74
67
66
51
69
75
86
82
94
77
89
97
96
91
89
79
81
72
75
76
110
159
232
169
162
118
88
109
99
98
103
93
108
94
79
64
91
82
57
69
58
56
93
174
38
53
67
69
39
42
61
64
62
45
76
57
64
87
91
86
83
49
37
53
73
67
60
67
65
73
85
92
91
63
55
86
94
72
49
38
33
42
44
43
41
32
30
36
39
47
70
76
77
86
100
97
112
101
131
114
110
99
109
113
101
90
112
124
86
94
87
90
90
86
98
133
124
96
110
76
92
121
112
72
96
100
112
126
89
108
120
79
89
103
102
111
90
63
78
116
109
100
95
98
97
92
72
54
63
62
81
76
65
80
63
57
52
49
69
74
69
63
46
48
53
58
51
43
54
74
81
86
74
72
68
34
30
30
34
39
44
47
60
59
48
48
54
89
92
75
77
56
67
85
49
51
61
45
39
40
39
42
35
52
55
76
91
61
70
87
75
53
79
58
40
44
48
55
48
55
54
67
53
81
67
55
51
40
35
65
121
41
49
59
35
43
25
102
126
168
199
110
182
90
101
67
134
70
71
69
77
71
60
100
52
40
98
78
168
122
97
220
148
176
207
246
148
158
196
189
172
184
176
170
169
114
108
103
141
147
85
102
113
66
77
85
83
80
97
94
88
94
108
95
95
117
78
86
82
78
77
99
78
61
83
81
73
77
70
88
97
104
78
54
84
117
90
91
57
63
86
123
81
55
65
71
86
79
62
50
58
122
117
85
72
69
64
83
64
57
52
54
47
51
47
60
57
54
54
78
104
112
79
69
54
52
58
75
90
88
64
72
83
89
76
63
115
85
42
149
72
46
99
73
156
215
97
76
100
66
143
59
59
34
32
46
32
25
31
20
57
77
34
63
67
58
104
127
180
74
54
72
66
63
69
55
48
45
44
76
78
66
69
79
79
65
74
63
57
53
116
114
88
106
84
79
108
104
77
87
81
95
84
71
89
120
141
249
227
245
247
152
68
94
102
98
83
87
106
92
81
70
65
58
52
44
63
62
72
93
42
63
56
57
55
53
73
68
80
69
80
74
68
74
67
68
67
53
49
65
68
71
68
68
60
72
99
97
82
64
64
71
65
64
51
40
39
49
35
42
49
51
47
36
40
44
64
77
62
91
93
69
85
90
83
96
100
129
110
132
156
78
78
98
122
90
92
79
64
89
103
131
94
105
118
78
90
80
93
120
120
131
128
106
57
68
86
73
91
120
93
81
85
80
59
91
118
132
116
111
95
93
73
66
86
96
66
59
67
75
63
73
63
72
80
85
46
51
40
47
57
62
60
45
54
85
76
69
75
61
52
37
36
46
35
41
44
42
46
52
49
46
53
69
54
63
64
70
82
94
54
55
55
43
43
48
53
55
45
74
70
76
54
75
86
75
74
52
59
50
46
57
50
55
54
52
70
113
94
78
47
42
40
34
36
39
37
41
33
30
37
41
34
103
165
76
195
236
149
104
59
65
89
74
74
130
71
99
250
250
183
56
94
215
225
186
234
163
41
166
169
216
133
207
227
191
208
97
90
121
155
133
146
82
156
93
90
177
116
77
106
86
107
109
95
101
82
89
108
99
122
84
86
110
86
69
80
75
72
72
72
77
75
71
87
110
135
84
59
64
71
73
82
81
72
88
78
58
88
64
63
66
64
94
106
84
64
70
87
104
105
76
107
129
59
76
61
58
49
46
46
54
56
56
59
62
62
53
114
71
67
62
67
59
80
92
114
96
74
101
111
113
63
72
80
84
209
181
194
224
251
252
232
93
55
66
113
61
72
73
62
24
24
24
28
26
33
39
76
98
86
52
107
91
120
116
83
44
52
42
55
55
49
36
82
205
66
43
76
108
57
65
55
50
46
47
58
107
70
100
122
93
120
109
89
105
101
120
103
86
93
240
138
237
234
224
238
122
104
103
66
91
80
76
98
102
82
58
89
74
53
55
84
108
49
37
54
63
50
64
64
80
86
89
104
90
59
74
80
73
65
58
72
71
82
70
60
69
62
69
69
76
89
89
74
69
65
64
63
62
49
44
41
31
44
54
43
40
42
41
32
54
68
70
57
83
119
102
82
85
82
69
67
97
135
152
136
91
94
85
139
77
92
129
119
124
134
103
107
114
110
76
92
88
85
89
102
109
99
57
89
65
79
75
90
110
96
101
82
81
76
88
100
114
89
105
80
86
100
73
61
69
73
72
96
80
90
100
108
108
73
79
74
59
54
59
55
70
83
74
66
81
67
78
80
90
78
35
28
39
34
37
41
36
54
46
45
45
46
56
66
73
67
75
66
75
62
45
42
44
44
41
47
53
70
71
60
59
73
74
65
65
67
56
49
43
50
53
54
61
68
77
82
64
67
57
45
55
42
31
46
48
41
54
51
37
41
44
73
49
112
36
167
222
192
217
212
79
67
105
85
68
61
98
214
209
144
116
235
242
112
36
73
65
207
140
199
184
215
216
231
176
216
215
156
150
129
138
147
97
75
86
109
174
133
77
185
141
105
69
93
97
115
148
102
91
108
84
76
95
114
102
73
81
75
77
62
73
86
62
81
113
95
67
78
83
81
74
56
73
75
85
64
64
51
56
60
88
79
75
80
79
76
128
138
136
131
79
104
116
79
82
68
43
36
45
48
61
65
53
62
56
54
47
45
46
68
60
70
93
112
74
85
107
97
73
105
113
52
88
163
228
251
246
237
247
170
191
190
148
62
92
239
68
66
112
91
64
38
25
24
24
26
33
91
86
53
91
123
85
90
60
65
54
67
115
70
71
43
55
59
88
29
70
123
102
66
52
51
51
50
49
52
74
95
121
124
106
101
93
98
100
114
119
88
85
83
91
58
167
231
235
207
196
140
92
71
76
51
63
86
76
48
85
81
61
66
63
55
56
59
91
67
51
61
61
77
76
86
86
70
62
67
65
61
60
60
50
55
40
62
64
48
56
64
70
56
53
77
71
77
69
59
63
68
58
50
33
30
43
50
49
44
52
49
43
40
59
67
71
55
46
116
111
83
85
97
101
90
81
112
114
94
93
99
109
134
107
128
166
137
111
120
108
114
79
58
74
79
84
72
65
95
102
103
103
133
117
118
85
105
73
85
98
68
61
81
86
81
85
71
77
77
73
69
54
65
59
65
78
78
74
72
88
85
89
89
98
79
65
49
47
53
66
72
96
95
83
83
66
60
78
70
48
41
36
27
36
41
40
50
49
43
40
46
49
68
103
73
68
59
64
69
57
49
46
48
44
51
47
60
58
43
50
66
59
70
71
65
44
62
75
83
68
52
53
79
90
77
65
66
56
53
58
36
46
47
50
89
66
45
55
47
49
52
36
40
55
124
110
66
93
175
94
65
86
95
68
72
54
49
46
32
159
199
66
138
141
58
151
233
114
191
128
150
144
176
152
203
204
153
149
117
161
234
152
81
95
91
116
71
82
191
224
114
128
121
102
111
145
113
112
110
117
93
99
97
91
89
104
74
67
67
72
81
84
85
84
77
65
76
81
79
75
83
74
87
77
67
77
46
47
53
68
87
64
52
58
146
110
125
108
84
92
85
112
121
88
82
63
44
47
52
70
68
67
66
55
47
42
60
54
61
89
60
98
120
118
101
67
92
85
120
89
89
79
164
156
156
213
246
180
56
70
59
107
76
48
171
73
66
110
109
83
62
27
39
48
25
71
93
58
29
68
99
68
62
49
50
44
71
136
150
142
63
160
123
57
135
128
126
89
64
60
61
50
54
57
83
135
128
106
93
110
98
85
86
96
90
88
77
77
82
52
60
73
88
139
99
81
101
72
62
53
67
61
70
78
61
63
50
58
73
69
50
64
99
83
59
59
60
90
94
77
86
74
64
66
60
56
58
55
61
59
38
35
42
55
55
50
69
73
60
61
62
72
76
66
62
65
69
64
45
50
45
49
60
58
53
57
49
43
43
66
81
59
58
111
160
108
78
97
78
89
83
78
100
94
94
96
108
107
110
124
113
122
114
102
104
116
110
90
79
79
76
95
83
80
82
80
86
121
134
127
105
75
67
62
78
86
91
91
85
70
58
70
61
55
50
57
63
55
52
54
52
50
56
69
63
82
68
68
72
87
72
66
45
43
49
56
49
69
122
98
77
56
60
60
64
55
45
38
27
34
33
40
49
46
51
51
41
51
58
90
106
111
84
69
65
59
52
51
43
45
48
52
62
56
63
63
53
55
57
85
104
62
71
72
72
69
57
62
82
80
71
87
90
62
59
77
93
56
48
60
64
51
50
53
47
88
76
32
50
54
50
92
85
85
113
88
74
122
90
57
83
61
39
65
65
94
69
35
197
181
49
90
186
116
187
127
122
144
142
122
151
193
212
144
161
134
172
165
142
105
97
161
92
132
191
157
76
115
102
105
82
89
115
118
109
98
124
104
90
97
110
94
73
80
68
55
73
84
77
79
83
70
82
94
73
87
87
56
64
64
72
68
55
45
49
61
82
65
54
64
104
63
109
130
90
106
123
95
108
97
79
87
67
57
65
64
64
63
54
52
44
45
55
53
57
87
82
93
92
90
88
60
77
76
81
78
99
82
132
81
58
148
222
110
58
92
72
66
68
62
73
63
74
94
107
88
58
43
65
81
36
34
81
101
176
121
117
54
45
51
47
73
104
76
75
79
99
137
92
48
200
133
66
72
61
62
54
57
62
60
82
105
115
97
75
89
111
106
90
87
86
65
61
74
78
66
74
73
79
73
71
83
77
71
60
63
69
50
58
69
58
56
59
59
54
56
50
59
72
60
61
75
92
123
101
97
77
67
57
55
57
60
57
61
59
67
39
40
45
51
52
50
55
64
62
55
51
71
80
70
66
83
94
87
69
77
62
55
56
60
57
51
47
50
55
83
81
59
68
137
121
72
88
106
87
111
104
110
122
99
98
102
111
108
86
104
100
109
108
87
89
111
116
123
102
96
84
98
89
78
70
75
120
167
142
118
103
91
74
62
101
114
114
114
98
88
61
67
66
53
56
53
50
58
46
52
62
83
66
87
75
73
60
53
60
62
59
54
42
41
42
45
52
90
113
95
82
62
67
58
55
46
32
34
27
38
41
49
52
56
57
51
54
85
95
82
99
91
83
84
66
46
50
44
51
50
50
51
54
66
67
67
61
57
56
83
106
65
67
60
62
64
61
64
71
68
78
97
67
67
61
87
100
42
72
73
44
73
75
46
46
72
86
42
54
48
43
67
69
83
75
65
51
95
74
63
66
83
43
69
72
63
35
43
128
219
92
37
152
139
158
149
119
133
125
134
141
147
162
130
177
161
120
170
185
96
90
133
153
120
147
127
80
108
137
97
81
98
115
127
98
93
102
94
103
118
106
96
70
83
80
81
77
67
68
71
71
81
95
92
78
78
66
56
59
62
65
60
71
57
52
60
65
55
54
68
73
55
98
99
101
130
124
103
99
111
115
105
86
73
65
53
60
62
56
46
42
46
43
44
45
61
98
100
80
76
60
55
84
110
98
86
93
97
85
61
57
87
105
71
66
73
70
62
64
59
67
100
119
107
112
105
83
100
100
114
54
88
106
97
175
143
133
59
56
54
58
68
113
96
73
116
100
73
60
46
95
82
57
55
52
62
53
59
62
65
76
84
94
103
99
70
106
106
95
74
98
71
84
76
65
79
79
73
73
65
83
92
87
65
59
65
55
55
54
51
52
51
63
77
112
40
46
53
65
58
64
74
90
111
98
95
76
64
53
46
56
63
58
56
46
59
40
36
43
43
55
57
52
71
60
42
55
67
63
59
73
96
101
90
82
79
66
66
61
53
51
44
46
46
70
101
94
71
81
133
88
97
134
131
133
145
115
114
128
108
106
108
108
93
88
82
94
113
105
94
87
93
99
121
99
99
101
88
90
83
79
97
142
143
137
103
113
122
99
53
98
109
103
114
111
99
70
65
65
58
57
58
53
63
50
68
77
96
77
97
100
76
55
42
54
41
38
45
38
38
41
58
59
97
92
89
87
101
81
53
53
40
28
30
26
38
41
50
57
63
61
51
71
102
91
70
72
65
81
83
58
47
51
39
54
57
54
52
49
62
56
57
53
62
63
76
79
60
64
65
60
60
58
63
60
60
77
88
53
75
78
91
92
53
85
93
76
79
66
41
48
52
63
51
48
47
50
117
75
68
61
68
104
81
73
61
55
98
149
65
46
60
57
48
68
181
97
37
198
145
142
148
113
126
116
149
138
100
138
141
173
210
126
150
170
139
158
95
190
128
112
110
87
117
132
104
84
116
96
107
107
94
80
89
103
113
90
101
88
86
84
87
94
96
91
84
75
94
89
71
66
69
55
55
57
59
56
57
63
59
55
52
62
54
50
57
64
71
88
90
111
144
120
104
95
141
133
94
89
69
56
50
51
48
56
58
51
62
59
68
50
54
108
88
98
88
62
65
86
108
97
96
87
93
77
71
68
57
55
65
73
78
62
109
80
60
89
122
119
111
115
106
107
127
129
119
99
134
109
128
94
109
120
59
86
96
71
77
102
117
144
108
87
53
58
50
42
54
55
52
65
63
61
60
73
73
74
107
97
100
102
83
81
86
97
88
94
75
81
77
67
82
76
64
62
60
72
71
101
74
46
56
51
62
56
44
60
116
79
77
125
36
43
44
58
62
65
67
74
88
87
86
69
61
55
44
52
57
64
61
50
61
50
30
31
43
77
82
60
70
54
41
55
61
52
41
73
92
93
82
65
63
67
69
69
51
46
44
42
57
117
131
122
105
82
114
97
116
131
141
152
144
107
111
135
98
115
115
104
95
83
67
89
102
90
101
94
102
80
97
90
84
92
83
90
93
96
102
126
91
112
93
115
131
117
69
104
107
89
97
103
76
63
60
60
52
46
59
63
58
69
86
83
85
94
83
98
72
48
42
42
38
43
59
62
46
48
60
64
88
82
85
86
121
82
58
64
44
32
30
26
36
44
49
52
56
60
57
72
91
70
68
57
66
78
73
51
53
58
48
44
62
54
62
59
53
55
56
48
74
72
73
68
78
60
57
51
53
51
63
55
55
67
71
64
77
95
91
81
64
78
87
94
75
49
47
67
55
49
57
47
57
62
135
83
66
62
77
134
61
82
69
76
78
181
62
34
57
68
49
59
85
69
78
228
117
144
149
116
107
106
128
132
125
141
157
169
187
158
139
140
152
208
121
141
144
121
118
93
116
105
134
92
115
89
98
116
108
108
94
100
101
87
103
114
106
94
90
105
124
103
80
71
95
83
70
64
67
63
58
62
61
57
62
50
54
56
48
60
56
56
65
69
80
84
107
118
132
120
84
78
130
132
89
81
53
49
50
57
45
51
78
70
68
57
86
67
67
101
75
103
95
78
76
74
82
79
94
95
99
92
77
67
64
67
68
80
98
72
110
82
81
95
110
103
105
99
117
93
106
139
116
99
93
78
122
42
80
91
62
110
139
83
100
89
99
172
119
78
89
72
79
76
66
63
55
74
73
80
69
80
90
97
130
102
91
94
85
64
80
104
101
82
71
76
75
65
73
63
55
52
51
75
68
107
85
41
53
55
61
54
42
61
150
88
61
73
44
37
38
49
61
65
71
86
91
76
84
63
62
58
47
51
53
70
74
73
75
69
40
35
81
102
92
61
50
56
54
46
54
60
39
58
85
88
81
61
61
73
69
64
54
46
45
59
116
167
149
145
139
99
107
123
107
95
129
138
126
115
130
138
85
111
119
101
107
65
52
78
85
83
83
83
108
69
80
85
66
70
87
93
87
91
82
103
86
97
100
103
109
114
106
129
122
91
87
92
59
50
59
59
44
44
53
61
52
82
78
75
73
86
62
67
51
40
43
37
49
70
70
78
59
56
51
73
96
74
73
81
106
79
67
71
51
33
31
27
34
48
50
42
41
54
58
60
68
68
72
59
76
68
61
50
55
73
63
39
59
50
68
65
51
63
68
59
78
78
82
74
85
64
58
63
51
49
66
58
53
59
59
71
74
89
78
67
63
67
67
78
88
55
52
79
59
54
59
58
67
74
83
71
72
58
60
75
33
80
88
84
45
80
48
41
49
48
50
58
51
62
91
157
122
149
158
131
97
126
104
121
161
134
143
146
136
154
134
128
118
171
179
76
151
148
136
107
124
122
154
92
115
119
119
111
127
127
100
108
106
93
103
117
117
109
105
103
108
88
64
69
90
103
93
81
68
72
69
81
77
60
69
55
55
58
53
53
66
70
79
77
74
101
111
106
100
108
74
62
72
104
119
75
48
48
49
79
73
42
87
100
85
48
79
79
77
86
84
108
92
78
74
74
81
77
78
99
112
95
72
74
87
75
71
80
95
77
62
73
101
98
95
113
107
66
149
69
79
115
105
48
33
46
65
45
66
67
72
99
132
93
96
84
75
112
162
85
111
79
101
103
89
97
72
72
97
106
78
71
113
132
109
87
89
85
62
71
87
101
98
80
71
92
81
69
62
53
51
53
67
102
92
102
78
49
54
55
58
49
43
59
94
70
50
40
52
63
57
51
60
58
71
93
91
67
74
70
63
57
54
57
56
68
75
77
73
76
66
61
126
103
57
52
41
69
64
48
53
56
39
50
86
82
86
82
77
78
87
56
52
44
46
105
173
163
130
146
137
146
139
142
124
110
130
133
131
132
140
117
101
104
120
97
85
76
55
62
79
87
61
59
70
49
64
71
54
71
88
97
83
75
78
89
105
100
110
89
88
92
114
124
102
85
97
96
73
50
58
59
47
50
53
56
62
69
60
60
56
37
47
44
38
39
38
48
53
69
55
48
53
55
56
82
112
53
56
67
94
82
57
64
55
37
30
25
31
40
44
39
32
48
49
51
50
65
67
66
70
61
51
50
59
85
70
44
53
49
61
55
56
67
77
67
65
71
87
67
47
81
89
95
63
55
68
70
56
58
59
73
74
73
63
67
67
65
66
67
92
61
45
64
49
70
57
70
70
64
65
72
59
52
43
31
48
83
110
46
62
49
41
50
42
41
54
62
106
77
64
70
181
167
149
137
142
183
144
110
122
147
123
107
139
113
117
126
114
121
183
98
189
161
118
113
171
157
131
77
116
128
118
110
121
92
105
119
118
91
89
99
101
99
103
103
85
80
75
96
88
119
102
88
71
69
79
92
88
60
68
63
59
57
55
62
80
71
66
66
82
128
96
73
75
88
85
72
43
54
132
78
66
56
65
87
94
45
87
121
110
111
93
83
82
93
106
137
89
69
71
97
102
78
61
75
92
87
71
79
100
83
78
79
88
71
62
91
101
97
87
108
101
49
150
74
75
84
89
41
32
35
61
78
50
77
75
76
100
95
67
86
86
52
123
97
87
79
83
110
102
123
110
93
111
107
75
65
111
131
70
65
85
60
58
86
76
75
87
82
71
90
96
99
65
55
54
68
102
107
97
85
70
54
50
52
58
49
50
74
46
49
50
52
53
120
96
58
61
48
53
59
57
45
59
54
47
43
54
65
62
68
72
63
63
74
83
69
87
78
43
41
50
57
54
59
50
32
25
66
76
85
91
73
76
83
104
64
46
44
54
111
125
148
127
119
116
139
161
133
107
118
127
118
130
103
119
126
120
131
135
95
75
97
94
72
82
75
95
83
69
52
48
48
55
68
85
97
116
95
81
66
102
85
87
86
89
85
90
101
80
75
101
75
50
48
39
46
50
53
59
61
62
62
73
54
52
45
41
38
47
45
44
54
44
58
61
50
44
45
42
78
94
40
52
39
72
48
42
55
59
40
31
24
30
36
35
27
35
48
49
53
49
63
75
72
46
48
55
49
58
73
73
47
54
57
60
54
67
76
86
70
69
56
64
55
49
73
67
61
65
62
63
74
62
65
68
97
69
78
76
69
66
72
62
46
52
53
49
60
50
123
63
56
75
62
61
72
49
86
74
51
62
132
158
40
117
123
54
60
50
108
54
74
98
84
96
117
175
194
153
118
186
186
204
144
119
155
142
120
107
125
146
130
107
106
114
127
213
159
106
109
192
141
105
89
98
74
80
118
102
98
107
124
128
104
61
91
102
74
97
119
85
76
78
83
82
91
101
92
75
65
82
75
62
65
63
59
53
50
45
78
57
55
64
49
124
121
67
59
83
78
91
92
67
64
76
87
99
76
99
76
54
71
94
93
57
200
116
87
98
104
121
119
69
70
75
118
124
72
62
58
71
85
78
80
93
89
84
81
88
76
91
123
98
73
69
55
74
69
93
77
79
103
121
96
32
50
91
88
101
144
77
110
111
86
72
89
129
87
82
82
101
94
90
134
105
120
126
119
86
57
64
62
62
83
70
61
66
57
77
76
60
53
61
77
64
59
82
103
83
60
64
78
105
94
81
74
84
66
54
53
58
51
58
76
60
54
50
49
50
107
88
57
49
64
49
43
36
55
50
39
43
40
53
51
70
71
64
70
70
74
65
58
62
56
39
44
47
64
67
51
34
41
60
50
69
83
72
60
70
73
81
61
48
51
53
99
117
127
113
101
116
116
120
146
118
122
109
122
128
93
91
112
111
103
117
114
87
91
139
134
114
137
209
141
151
126
86
76
94
94
97
87
82
79
67
62
81
61
54
54
57
62
88
98
79
71
62
52
43
35
33
38
51
54
56
46
58
52
68
63
55
55
71
48
44
53
55
58
65
80
57
53
53
45
46
81
43
49
50
44
36
46
39
46
67
39
33
24
35
39
36
27
39
56
54
49
47
45
54
58
35
37
47
57
49
70
87
53
62
55
59
57
74
71
79
61
67
62
92
97
70
60
61
61
58
63
88
74
63
65
62
74
50
75
80
46
82
84
57
47
48
52
60
49
83
95
53
48
51
61
63
79
108
123
129
93
64
93
123
92
43
125
54
45
51
108
52
67
54
59
43
188
165
122
153
52
142
103
104
123
123
112
97
126
117
111
111
127
98
142
129
113
103
111
133
99
118
92
97
105
135
156
78
104
103
130
86
104
105
88
100
125
97
84
84
110
93
84
100
75
108
110
92
67
62
58
73
69
64
58
59
58
60
59
58
44
52
70
78
95
89
75
80
116
91
63
104
116
74
64
73
77
101
74
69
73
47
55
64
110
101
131
67
84
98
97
115
109
83
71
80
138
101
61
66
75
74
74
66
76
81
79
84
97
78
57
111
113
76
106
64
73
112
86
74
79
79
78
105
129
46
100
118
58
180
154
134
121
106
88
116
101
91
95
67
91
131
114
107
125
103
111
120
81
76
68
63
47
63
69
57
75
78
66
71
78
67
52
75
108
99
71
74
90
91
62
78
94
78
67
61
63
90
62
49
61
67
59
60
65
53
44
41
49
56
37
36
49
45
101
59
50
45
46
64
53
52
46
42
46
73
79
68
50
77
72
68
57
67
45
52
44
52
69
53
34
31
41
68
60
67
64
46
56
65
60
73
52
39
52
69
102
107
106
124
104
125
114
108
99
137
114
97
124
96
80
103
95
91
83
88
88
99
159
177
135
142
188
131
129
138
144
154
129
115
117
128
104
95
109
111
97
72
63
54
55
60
78
96
93
75
58
52
54
39
33
42
45
46
51
54
50
48
53
72
73
73
54
64
66
56
54
41
71
72
64
47
46
57
73
91
64
65
71
51
38
32
37
45
52
53
43
30
28
38
38
35
28
65
57
55
45
47
51
49
50
38
31
37
69
85
82
66
57
62
52
63
68
75
74
73
82
64
66
81
77
43
40
53
56
68
104
116
79
77
68
44
41
45
44
52
54
76
77
74
71
42
42
41
39
54
42
50
71
72
80
91
91
107
78
88
114
63
57
77
146
152
38
54
44
49
43
64
95
97
64
55
100
98
62
183
205
172
101
97
116
120
106
141
130
126
137
145
125
129
141
117
118
92
82
139
155
96
91
130
134
169
197
166
110
89
82
106
98
90
110
64
84
81
82
83
80
82
77
88
91
70
81
95
86
72
70
72
80
87
71
77
65
72
66
65
52
69
58
71
77
114
172
102
113
83
60
108
118
81
67
103
77
47
52
72
75
74
61
54
67
101
64
63
66
93
86
91
77
87
78
72
95
71
61
63
67
55
63
64
70
66
70
89
95
49
62
131
82
72
61
44
113
149
72
89
75
74
63
64
121
114
123
126
98
71
59
101
94
178
175
128
105
71
55
70
90
116
109
102
110
89
102
88
64
141
173
110
69
85
54
61
82
85
69
46
65
58
57
93
110
96
83
78
87
60
55
70
62
56
47
56
58
46
90
64
83
65
46
41
49
50
46
53
48
69
60
45
41
39
112
105
72
61
49
63
49
49
41
29
57
58
63
67
64
53
69
69
63
55
44
69
52
66
47
32
35
40
57
45
52
62
67
70
71
73
62
58
49
54
57
70
93
117
120
110
86
114
99
106
90
124
103
88
119
103
89
88
75
89
87
80
94
127
110
115
107
107
152
129
135
141
139
128
127
124
119
129
107
90
114
85
79
90
85
60
67
64
69
88
68
69
53
51
44
38
37
43
40
47
56
60
58
62
59
61
46
57
58
56
66
72
61
55
60
59
59
62
45
42
52
53
39
63
82
64
54
41
45
34
51
45
45
34
25
38
37
31
35
58
55
56
53
51
41
44
42
34
29
50
57
67
50
61
71
83
74
86
89
93
89
74
62
43
98
86
66
70
49
58
48
72
99
100
90
103
80
43
39
55
51
52
47
60
63
78
74
44
50
50
44
51
67
63
44
68
85
98
80
77
90
87
69
72
72
62
72
107
63
64
54
66
58
54
78
103
69
54
93
76
73
108
145
215
203
127
92
85
79
107
122
108
127
131
110
112
131
119
172
119
161
183
239
88
110
105
90
104
72
177
124
118
95
121
133
94
81
74
81
90
84
74
83
99
113
102
70
65
69
71
94
69
95
81
80
77
65
48
69
60
58
51
48
70
64
55
66
130
116
97
89
71
70
74
75
84
71
81
62
60
85
114
147
91
94
89
110
67
79
94
90
73
110
79
57
75
72
57
59
60
62
64
52
57
62
71
60
67
74
65
120
38
43
56
58
58
64
100
100
94
75
82
68
70
84
83
77
84
74
87
100
94
120
111
100
154
157
85
81
78
87
95
99
93
86
100
87
88
100
88
85
57
103
102
77
79
91
70
65
65
58
45
73
67
94
91
73
97
103
97
59
57
55
62
51
55
63
81
81
64
112
68
54
64
45
49
45
48
52
51
55
65
60
50
49
48
108
87
93
70
74
62
42
43
33
30
48
49
54
56
66
62
71
64
59
47
50
56
48
41
44
50
42
57
69
48
47
57
67
67
66
57
54
58
61
60
53
61
103
125
103
78
93
97
97
101
80
80
82
74
73
92
94
86
81
98
84
76
67
63
65
87
104
96
102
108
122
111
95
124
126
106
87
85
83
71
78
70
75
83
82
79
81
70
86
92
68
76
71
67
59
49
41
42
44
46
50
51
51
50
53
73
83
61
58
64
52
60
59
66
61
60
52
58
54
40
43
59
64
43
73
76
76
62
50
34
34
35
37
31
29
38
39
29
39
68
80
73
59
54
49
59
51
39
31
38
43
53
46
54
60
83
103
117
100
104
74
70
69
68
104
99
109
95
55
69
69
87
86
93
83
87
77
60
56
64
60
55
46
48
48
58
68
47
40
50
34
36
67
72
40
73
82
91
78
78
101
75
80
95
96
74
85
71
79
65
70
77
65
66
74
83
76
69
77
106
89
79
107
159
168
117
86
91
55
76
124
110
166
137
129
127
118
107
140
128
199
205
187
145
121
95
104
132
68
132
114
114
108
132
132
94
92
71
87
78
88
74
76
72
90
81
65
72
81
68
92
74
72
66
78
73
60
64
55
56
59
57
65
69
63
66
89
94
101
134
96
58
73
68
70
74
79
68
54
64
90
70
58
66
130
126
97
76
87
102
86
86
92
68
52
63
83
74
66
68
62
63
50
58
71
85
66
74
66
54
109
47
45
58
67
73
98
97
73
84
92
69
81
86
90
108
82
85
89
96
90
80
117
105
86
78
102
84
105
117
105
97
97
106
89
86
94
95
91
96
88
67
79
88
78
65
71
67
63
54
51
44
81
66
83
76
74
99
100
94
71
53
57
63
67
53
63
77
54
68
85
60
54
66
47
46
46
43
40
56
60
67
65
57
53
50
90
72
90
62
67
54
39
32
29
39
41
46
58
72
58
54
66
64
55
45
47
47
48
38
46
54
63
80
60
58
70
89
78
53
53
50
46
52
57
51
55
61
90
112
93
95
104
96
85
83
78
69
76
78
48
81
84
89
86
79
92
89
69
53
43
99
87
103
85
83
113
124
93
121
99
75
93
88
95
79
84
81
62
70
79
91
88
70
104
124
112
91
92
71
65
52
47
39
40
41
42
46
48
58
90
96
116
83
48
47
49
49
55
58
49
56
44
51
56
54
48
76
65
45
48
73
83
79
57
40
35
36
35
29
29
38
34
30
42
59
74
70
61
73
66
60
51
33
26
40
37
50
58
53
67
96
101
95
89
92
68
58
54
58
90
95
89
75
57
72
91
87
74
85
76
81
75
74
58
57
54
51
50
41
49
53
58
49
48
47
57
67
63
51
42
58
66
73
70
67
86
75
87
83
74
70
78
72
79
70
89
92
68
61
73
88
96
109
86
122
128
98
100
115
81
85
102
122
52
93
124
164
207
176
172
131
128
95
123
190
140
112
138
135
102
108
118
99
93
86
85
133
121
125
111
83
115
102
88
70
87
84
87
58
70
67
72
115
101
68
66
57
54
52
70
75
64
61
57
66
70
65
82
84
91
92
108
83
109
129
89
68
81
72
67
70
80
61
44
51
76
53
52
94
154
133
90
89
100
95
107
163
73
77
66
70
78
68
74
80
77
61
66
64
58
89
68
78
56
51
65
54
63
72
76
84
104
66
69
97
75
65
77
80
92
94
102
84
82
83
72
75
90
93
92
85
67
95
105
121
109
98
104
105
69
62
79
117
103
104
97
84
104
88
74
72
64
63
58
64
61
44
62
57
68
80
70
82
79
70
100
70
50
64
77
64
77
83
72
60
75
73
46
44
52
52
48
62
68
48
49
58
56
56
51
47
79
58
61
56
58
51
40
32
33
44
49
45
51
70
45
56
61
62
55
56
72
54
51
46
47
53
68
73
46
44
77
98
71
57
44
41
38
46
55
63
51
58
85
111
86
83
98
105
69
76
83
69
73
80
55
62
65
91
87
73
82
85
71
52
58
82
80
122
103
81
101
101
84
95
114
74
107
114
107
106
107
115
80
72
70
77
83
76
107
112
127
114
98
56
50
43
41
33
38
35
46
47
49
80
101
95
96
73
63
58
43
42
49
47
37
49
43
45
49
58
47
59
48
40
45
71
80
65
59
48
49
35
34
35
30
37
30
30
45
57
68
75
71
86
68
65
52
30
32
43
50
58
64
56
79
92
81
83
63
70
55
49
48
50
72
81
72
70
54
78
88
73
86
84
92
94
77
82
59
54
63
58
47
40
45
51
50
60
74
42
67
84
59
56
49
67
53
51
61
66
75
69
67
90
61
58
67
83
89
78
95
91
75
66
81
96
101
110
105
119
117
104
93
88
58
75
84
106
79
128
138
189
164
141
144
123
125
105
128
173
86
88
110
100
94
117
125
100
83
115
127
122
100
111
93
86
108
105
87
76
76
85
74
66
59
57
68
91
71
65
66
62
72
64
59
65
61
51
52
60
66
69
75
101
103
96
105
106
112
91
84
96
77
65
61
65
70
58
47
42
55
62
78
128
153
110
81
99
100
92
92
108
73
100
94
95
70
69
84
90
86
59
67
63
50
64
73
74
52
51
47
55
68
82
93
80
90
68
67
77
64
71
62
63
90
100
118
100
75
65
60
83
86
82
84
113
76
93
80
99
95
99
93
71
45
50
66
93
102
105
82
70
93
87
71
91
75
69
73
86
73
49
55
51
61
81
76
71
57
69
102
74
53
58
64
80
67
80
72
39
84
90
40
38
48
50
58
74
66
37
41
50
54
59
58
60
71
58
52
58
56
43
46
44
47
54
59
53
47
62
80
82
51
59
64
66
80
61
52
52
51
51
59
52
43
54
83
67
50
65
53
35
33
48
62
73
59
55
95
112
97
60
73
90
63
73
78
66
64
69
70
49
61
91
75
79
68
67
65
48
64
50
77
125
109
84
96
80
88
76
137
83
88
117
129
131
100
107
97
83
74
70
82
92
124
122
118
127
117
58
45
50
45
36
37
32
44
48
57
103
102
91
76
69
91
82
45
42
41
40
35
45
46
41
45
49
45
44
46
42
52
64
62
49
58
51
55
35
32
38
34
38
31
34
53
70
75
79
76
78
58
57
51
31
44
51
66
61
69
77
89
82
77
94
62
58
41
45
50
54
61
68
67
69
52
78
84
75
91
85
100
89
69
74
60
60
66
62
46
47
51
53
49
66
82
55
59
70
53
66
63
77
47
54
62
73
71
56
50
75
56
54
67
85
88
75
95
84
85
93
102
102
89
88
104
92
78
91
103
79
69
72
70
76
83
102
133
195
117
106
115
117
108
117
110
119
89
101
99
84
96
97
112
93
80
147
137
84
88
97
81
89
88
88
88
92
91
116
63
75
63
55
55
79
54
63
66
73
94
83
63
59
56
49
48
55
69
76
70
96
85
108
106
95
93
67
81
114
103
72
57
58
63
67
71
52
45
65
85
108
120
88
82
112
83
95
87
65
78
98
100
86
71
79
85
81
76
59
57
52
50
52
71
86
57
50
47
51
57
82
103
89
87
74
57
59
85
85
68
59
89
104
106
100
83
77
72
77
91
81
83
100
83
85
70
74
109
92
69
48
45
45
68
71
93
94
65
56
70
90
92
91
86
90
97
95
64
47
52
55
66
74
67
59
52
84
92
60
55
47
55
73
56
81
112
47
61
67
44
46
41
47
58
49
47
40
39
41
56
65
64
74
75
75
65
60
47
35
49
56
56
59
68
63
77
96
114
96
49
57
69
59
61
56
48
55
57
58
54
48
70
97
99
57
52
79
68
34
31
54
63
62
71
57
85
102
107
54
53
61
58
59
62
59
54
57
64
43
67
77
61
74
66
58
62
50
49
45
81
104
79
82
93
86
101
76
114
93
70
109
122
119
84
72
84
88
87
94
120
129
150
151
120
117
130
105
63
65
62
49
36
44
43
42
66
110
107
90
79
86
91
104
65
43
38
39
42
45
44
39
43
38
46
47
49
55
57
59
45
48
58
48
49
40
33
34
35
41
38
47
68
76
81
76
71
72
57
57
59
49
49
58
64
55
71
92
90
78
81
96
82
67
47
41
44
58
58
60
59
54
53
82
91
88
75
80
95
74
52
57
56
64
59
52
49
48
81
76
67
57
97
73
51
53
47
61
67
68
56
73
67
64
59
45
46
43
50
63
79
77
72
69
87
92
90
110
103
95
85
84
109
89
65
82
100
72
78
69
66
64
63
67
113
165
102
118
139
112
97
111
86
106
104
86
106
95
99
76
86
66
95
129
99
70
91
83
78
81
86
96
85
119
119
132
70
78
73
60
50
90
67
70
58
61
79
79
70
60
54
52
54
55
68
69
88
78
77
129
93
63
70
66
85
107
108
77
64
72
68
77
82
72
52
62
77
69
82
88
106
107
75
98
93
97
77
84
83
61
73
71
64
56
56
53
50
42
44
55
63
85
58
47
46
48
44
55
74
79
79
73
55
67
106
88
87
82
91
95
86
82
83
86
86
70
93
78
91
76
78
77
75
70
129
74
66
50
51
43
62
77
83
81
72
61
66
82
93
74
83
91
91
75
44
51
46
58
70
67
48
48
58
82
80
51
49
42
60
56
54
90
166
82
41
45
52
52
44
56
50
74
86
47
44
43
60
69
65
74
98
88
73
67
44
38
47
54
50
50
68
68
125
135
76
83
63
54
59
46
58
51
48
56
60
66
53
60
94
102
95
83
75
93
69
33
30
51
51
54
62
56
55
89
92
58
60
64
51
42
49
53
53
52
47
38
57
53
65
72
72
60
61
53
45
54
87
82
67
94
94
84
90
80
75
114
93
113
79
84
97
78
67
77
87
126
163
159
156
137
124
100
102
147
77
65
67
57
44
60
53
43
76
96
90
76
73
91
67
108
88
51
44
44
55
47
41
41
37
36
47
47
45
54
61
61
48
50
54
45
41
41
33
30
35
42
46
63
81
67
75
75
74
76
71
84
77
77
49
52
50
53
63
73
80
72
71
72
81
76
65
40
39
56
57
56
54
45
54
94
91
84
63
67
91
74
45
46
50
59
58
46
45
42
97
95
98
59
114
68
47
45
44
58
59
61
75
76
73
51
45
48
42
53
62
71
81
63
59
64
67
103
87
91
84
94
98
103
147
127
78
80
62
51
80
72
56
57
65
96
118
100
78
123
167
103
102
98
93
116
101
94
117
116
117
101
83
86
93
101
95
91
77
77
89
72
87
110
84
136
123
93
79
80
73
69
59
63
72
85
70
48
53
61
60
56
52
58
58
49
49
44
98
77
101
125
56
73
63
62
102
90
65
71
75
90
75
74
65
83
65
61
73
70
82
104
128
79
90
97
74
87
84
99
73
59
63
75
46
46
42
40
51
45
37
45
58
48
47
46
46
46
39
51
73
62
73
82
65
74
96
73
82
102
95
89
86
81
70
64
81
78
95
66
81
81
86
75
73
84
108
65
87
53
44
46
46
82
70
75
85
65
67
67
50
62
75
60
58
60
55
62
71
59
70
63
46
49
58
64
60
56
46
46
57
53
45
79
127
86
72
70
56
57
52
67
53
182
157
41
46
55
68
72
70
69
106
93
95
100
82
48
42
42
50
55
43
79
122
87
61
96
68
54
55
54
67
64
65
65
62
54
54
66
55
48
69
69
63
71
71
34
37
39
50
62
57
53
57
73
88
85
76
83
69
39
52
54
51
59
61
54
45
60
76
94
75
53
52
53
47
33
56
72
128
124
120
92
85
90
75
113
110
97
90
87
109
107
68
61
87
131
125
119
148
136
110
103
75
104
63
74
62
53
53
48
45
66
99
88
64
67
65
88
73
62
87
72
48
52
67
56
52
45
41
45
48
47
52
50
56
53
47
51
44
44
43
40
33
37
41
43
57
73
79
68
59
60
80
51
81
86
60
62
51
49
63
63
59
56
76
69
66
50
53
60
65
50
44
44
51
51
42
48
56
80
79
65
54
50
71
62
47
45
49
57
56
58
43
54
73
66
121
91
54
56
39
37
47
56
65
69
75
73
88
57
56
66
46
67
91
62
49
47
47
48
57
93
81
64
101
140
98
111
156
122
80
72
65
54
63
70
80
65
70
102
120
97
79
109
152
109
109
111
100
116
125
150
113
118
157
160
125
127
88
88
89
97
72
83
97
69
60
78
91
100
117
97
97
80
76
84
77
63
89
84
86
67
75
61
54
64
66
79
76
59
59
54
73
94
119
98
69
100
66
64
96
87
111
115
69
63
70
74
68
81
81
54
84
86
107
119
105
74
100
96
82
72
98
115
74
54
30
140
67
59
35
42
68
58
45
51
47
38
44
48
46
45
46
162
191
137
113
96
79
68
77
68
58
80
90
66
86
85
74
75
81
77
84
70
81
84
94
89
72
73
88
90
88
56
51
44
70
87
57
69
74
56
81
96
60
56
73
64
48
84
91
52
147
83
78
54
51
49
55
65
60
61
48
48
44
49
49
62
51
53
83
72
49
53
55
63
76
174
112
41
41
51
70
68
73
94
86
83
119
139
113
52
31
36
49
46
50
107
114
88
118
98
61
56
62
59
63
80
100
102
82
70
52
58
61
64
55
55
46
53
56
57
63
49
55
77
70
60
57
85
111
96
90
71
62
51
42
44
51
65
71
67
47
52
84
77
30
38
44
52
39
35
39
64
131
122
98
112
99
106
88
104
117
83
70
66
108
133
72
68
128
128
114
108
108
125
109
103
67
62
69
87
65
52
37
33
36
60
84
62
66
86
80
78
87
62
49
56
59
55
63
72
66
49
50
49
47
51
52
52
71
55
47
42
42
45
47
49
46
49
46
52
63
78
68
49
53
54
60
43
72
70
51
58
57
63
73
77
67
57
59
60
53
45
42
55
82
60
51
47
46
42
39
43
53
65
66
57
55
49
50
46
50
68
59
69
64
76
67
47
96
97
133
70
89
55
35
39
43
48
56
71
92
77
52
60
70
52
56
72
92
59
44
52
56
65
93
114
88
104
103
95
52
81
119
94
100
69
69
82
73
77
91
97
72
65
67
77
87
86
104
107
108
130
94
142
164
165
115
147
208
217
174
107
78
76
80
89
82
82
72
74
59
75
74
62
83
78
76
82
78
85
73
66
83
64
71
80
73
78
72
79
129
130
126
106
85
102
87
122
97
74
108
93
101
95
88
79
108
124
79
67
70
80
70
79
75
81
94
82
108
112
55
81
111
95
75
82
92
66
65
122
32
111
54
65
40
37
53
57
45
46
39
37
50
54
46
50
55
199
113
73
36
176
133
46
52
71
83
66
51
57
107
87
83
79
96
84
79
74
80
80
85
83
66
62
73
84
70
72
75
51
72
72
70
57
51
70
107
111
96
68
41
62
55
65
69
69
190
77
59
37
91
67
39
60
52
54
49
40
45
56
45
118
89
58
49
49
46
57
62
63
97
39
42
67
87
107
41
56
50
213
50
80
111
104
76
93
52
51
54
38
74
135
112
104
145
86
60
63
63
63
78
85
72
85
72
71
64
61
70
60
65
65
59
60
59
54
59
56
68
55
59
57
52
68
76
64
81
73
59
58
44
44
48
61
72
47
42
54
62
83
72
67
49
41
45
38
23
90
154
90
86
115
144
125
113
56
73
63
67
72
89
104
77
80
72
88
93
81
73
155
110
75
71
82
64
86
90
77
42
44
47
55
69
61
65
91
73
69
65
67
69
80
73
71
64
48
50
54
86
65
53
49
51
58
63
53
44
55
54
51
49
39
43
48
60
64
60
56
62
58
58
56
42
42
64
50
50
60
53
62
56
56
58
69
68
64
68
62
46
51
68
59
51
64
58
41
50
49
65
73
55
54
58
56
49
47
62
67
83
77
62
78
107
84
85
93
59
59
76
61
38
40
47
67
84
85
96
62
17
83
70
42
61
76
61
62
74
98
104
84
108
81
76
75
58
66
62
57
77
123
226
114
58
91
69
85
66
93
83
86
95
99
103
128
121
125
78
165
163
112
171
132
110
222
246
154
89
90
85
66
95
98
58
76
113
85
64
76
72
77
104
99
85
51
56
68
69
57
83
87
57
62
67
69
101
100
115
99
66
56
81
128
82
85
71
79
101
98
106
96
86
72
65
81
74
69
58
71
70
81
93
84
62
77
118
94
60
79
96
94
110
79
80
82
57
55
26
16
47
47
55
40
53
64
48
40
43
41
44
49
40
44
52
86
116
74
88
153
120
57
46
66
58
46
48
56
100
103
90
71
79
73
79
72
85
85
86
84
70
52
51
66
57
72
45
38
58
46
64
65
62
91
88
91
84
84
46
52
74
66
43
51
81
69
96
40
65
63
51
47
68
49
42
44
47
52
51
68
66
57
54
37
46
52
58
73
65
107
115
145
242
179
21
49
23
112
76
99
82
72
92
78
49
52
54
56
56
94
111
93
132
107
74
59
65
54
54
58
63
62
65
62
55
71
74
69
57
61
59
61
62
49
44
54
61
66
73
48
44
47
46
47
69
67
55
47
47
55
59
58
69
57
50
57
71
86
82
71
66
49
40
51
99
126
145
92
102
111
121
113
87
73
69
73
71
84
103
99
80
81
71
102
131
94
59
94
90
79
71
64
60
91
92
91
59
48
41
40
52
72
59
65
49
63
62
62
85
74
70
61
55
66
64
73
62
59
75
58
51
59
55
47
51
60
66
77
91
83
71
51
63
47
57
71
84
76
65
67
41
55
57
58
65
61
46
53
59
59
70
89
83
84
91
73
53
49
57
60
58
67
56
60
66
58
65
59
48
46
50
55
55
54
53
55
64
68
69
66
62
69
87
67
59
45
53
80
67
48
44
63
81
68
60
56
40
78
71
70
93
92
52
61
64
75
73
81
87
51
43
43
58
53
51
52
75
85
149
119
94
106
80
81
47
93
144
159
119
77
56
97
90
94
103
131
233
207
132
72
114
211
141
96
97
113
86
110
100
87
91
110
87
59
59
66
75
74
81
78
75
68
57
72
69
65
99
127
114
144
87
95
96
115
110
106
78
92
79
71
76
94
65
70
59
89
89
101
95
109
70
61
76
67
59
65
74
82
84
67
57
101
86
75
99
100
81
104
83
67
71
77
63
44
29
30
43
50
37
46
47
45
47
60
57
48
53
52
40
45
105
105
78
63
110
74
55
56
72
83
60
51
56
48
38
82
104
119
96
60
96
106
116
96
63
123
107
85
44
47
56
75
100
50
33
41
41
73
80
71
98
107
103
94
51
51
71
65
50
33
34
42
71
64
39
38
45
54
71
53
48
51
47
42
35
48
66
60
51
47
39
46
48
73
55
150
106
101
124
60
81
211
199
94
77
74
48
50
60
53
56
60
49
65
78
85
99
88
111
93
81
67
58
57
48
67
64
56
55
68
66
61
61
66
68
59
54
68
68
81
85
61
58
66
57
53
52
58
62
46
44
50
61
60
62
46
50
49
48
58
62
84
141
154
107
72
62
54
71
116
144
171
115
108
104
102
101
99
108
105
84
68
71
86
91
85
100
86
97
146
108
64
58
65
70
83
70
74
62
84
76
80
78
37
31
33
43
63
71
50
50
49
57
60
66
73
71
65
61
63
60
63
59
67
75
66
52
53
56
54
46
70
83
81
87
92
75
65
98
78
79
98
85
86
84
89
97
73
62
67
75
62
39
49
57
64
61
85
99
80
65
71
54
41
62
63
67
67
74
69
68
89
65
61
60
55
50
45
54
66
79
67
73
102
95
76
53
71
62
92
73
41
47
74
79
94
67
38
49
62
55
48
43
42
61
73
67
81
79
88
77
69
42
45
48
48
47
61
50
56
43
74
80
83
89
90
95
106
90
70
127
213
187
221
121
64
159
122
118
104
80
117
214
196
135
163
96
223
135
151
125
110
75
90
85
65
100
99
77
74
57
94
102
86
78
57
68
63
64
65
55
75
99
133
145
108
81
97
92
106
83
89
134
109
70
79
79
77
63
67
81
117
94
98
93
112
97
62
78
76
66
68
77
76
83
95
91
96
82
119
69
46
79
91
77
68
84
78
64
39
51
60
53
45
36
63
46
37
45
41
64
93
58
44
42
44
60
66
98
165
61
99
59
46
82
97
66
47
70
81
69
81
97
84
75
85
109
103
84
73
68
80
87
106
56
45
45
56
84
52
44
39
47
72
83
111
92
106
100
92
64
44
54
43
53
47
55
43
43
42
39
39
42
44
42
42
42
49
45
35
36
41
55
60
50
40
48
54
55
99
40
86
84
69
97
66
119
182
221
174
83
90
54
46
50
48
53
55
50
71
88
102
92
83
103
110
110
72
60
68
57
66
62
57
47
70
77
84
78
79
81
60
65
78
66
82
95
61
64
65
57
49
48
54
59
51
56
66
63
60
64
53
45
46
46
49
83
122
144
132
95
81
82
89
91
78
114
127
98
133
116
119
120
96
102
104
90
81
113
107
89
78
75
72
96
115
78
64
62
58
73
69
75
72
72
78
74
59
67
64
34
36
55
73
72
59
57
54
56
61
61
69
61
65
70
60
56
53
50
66
71
72
66
54
66
69
59
69
67
95
120
112
76
55
87
91
88
92
91
95
107
100
108
90
71
71
62
60
77
65
55
63
74
88
82
79
83
106
65
51
72
75
73
83
108
97
83
98
58
47
55
54
46
46
54
88
108
86
74
90
92
76
48
62
56
76
59
51
67
117
97
92
67
36
56
80
58
44
46
56
59
81
73
62
94
99
78
81
77
64
67
71
61
53
55
78
38
74
76
91
101
82
98
121
101
95
172
184
188
241
134
63
163
114
88
86
81
166
137
132
147
209
68
227
160
160
152
78
111
104
105
102
77
68
109
82
74
87
107
97
64
75
104
75
69
62
54
62
91
120
106
82
97
98
90
86
78
121
151
112
89
81
77
76
73
63
119
106
57
73
94
129
94
73
85
79
70
78
71
73
87
91
90
85
78
106
95
101
101
96
91
68
84
82
67
57
65
71
96
49
46
54
32
82
99
54
45
135
67
41
47
47
47
46
69
97
58
85
45
49
90
72
53
40
60
102
108
68
82
59
84
106
92
69
56
64
66
85
86
65
51
35
37
52
86
60
82
34
51
57
79
99
76
77
82
87
80
68
47
40
50
56
79
75
56
45
42
43
51
47
42
51
49
45
38
56
54
41
50
56
55
61
55
49
79
127
29
53
61
61
82
130
183
119
133
86
95
107
89
75
64
54
59
82
50
65
105
131
103
94
114
136
106
61
55
66
63
62
58
58
52
64
73
83
75
81
66
62
63
74
68
66
77
59
60
62
85
51
46
57
52
53
73
79
73
67
65
58
44
50
57
71
102
109
103
83
84
86
91
111
104
84
104
101
137
147
108
117
100
86
122
95
108
150
146
104
99
77
69
69
75
77
73
77
69
63
82
72
79
63
70
72
57
44
61
74
35
42
65
76
69
55
49
57
63
61
70
65
52
55
63
61
62
55
46
58
70
72
77
68
68
68
66
71
90
108
119
113
90
79
85
92
93
76
71
91
107
98
98
82
75
69
73
67
87
68
65
75
77
71
70
86
84
105
100
85
76
64
75
104
115
120
107
96
63
57
58
84
68
44
70
99
87
70
80
79
83
77
52
44
49
53
64
53
66
97
105
87
81
78
78
90
51
45
72
82
61
72
71
53
75
87
87
80
99
146
163
85
59
50
91
75
43
63
86
85
93
81
91
112
114
117
114
169
213
228
172
57
128
176
68
69
67
187
124
89
111
149
77
221
125
106
131
72
104
115
110
109
78
75
127
94
92
84
89
83
85
111
125
93
78
68
60
63
75
106
113
94
114
111
72
79
80
121
107
90
93
91
72
74
81
89
120
85
51
53
100
137
77
83
81
72
67
74
77
84
102
90
77
85
79
94
108
139
93
78
92
75
79
79
73
76
78
62
84
90
64
62
46
153
97
50
46
90
52
38
44
49
43
42
45
41
49
50
36
37
53
52
46
50
73
108
91
58
72
76
86
109
61
63
61
58
61
76
111
63
43
45
41
47
66
59
100
34
38
38
57
62
65
81
86
95
76
69
45
37
46
95
74
69
54
60
54
47
51
51
49
56
49
45
44
55
51
44
50
58
81
77
61
49
60
74
41
50
56
54
50
173
204
76
65
47
97
111
109
107
94
60
69
106
78
79
134
125
104
109
128
127
107
61
61
65
69
64
66
63
60
53
69
75
56
64
56
57
56
62
65
57
65
58
53
58
84
66
69
69
49
48
61
68
72
63
78
67
55
61
96
106
92
77
97
100
91
85
87
114
107
117
124
122
153
119
92
105
86
106
141
89
112
165
116
86
88
86
85
84
68
67
77
68
57
67
81
74
72
54
56
63
43
38
46
48
31
39
63
65
62
54
43
51
65
51
62
56
49
48
48
55
61
57
46
50
63
66
75
77
70
57
55
90
127
131
119
104
106
124
93
113
101
72
62
78
85
79
85
73
77
82
96
71
57
53
79
90
78
69
77
78
70
95
105
102
97
89
95
106
111
110
109
105
100
96
90
110
88
56
95
91
67
63
88
77
76
74
55
44
44
59
77
47
51
58
106
105
113
93
61
70
45
44
74
89
84
57
47
52
68
79
100
86
114
150
187
98
61
55
83
59
51
62
99
79
94
89
114
106
105
129
80
127
228
213
169
57
171
231
96
72
78
215
157
83
116
165
108
201
101
92
99
116
85
108
95
94
102
100
109
99
97
88
95
82
102
114
114
99
87
76
78
88
69
89
125
108
119
109
66
82
81
85
72
72
92
93
65
64
73
100
112
84
71
52
93
109
70
90
75
54
67
63
93
108
116
106
91
93
93
94
91
99
76
77
86
76
81
97
84
81
82
50
80
107
53
70
81
168
99
88
59
47
66
61
47
45
39
42
41
38
44
43
36
45
48
44
56
66
89
88
62
56
76
96
89
88
59
81
82
66
64
54
87
75
42
48
52
49
47
53
74
59
62
54
55
45
62
100
109
106
113
103
47
36
41
113
69
52
68
74
59
55
52
55
54
54
44
43
43
42
44
45
53
61
85
67
61
55
40
39
47
52
55
54
37
127
160
60
54
59
95
101
90
107
122
87
93
124
113
109
146
108
98
111
115
111
112
69
69
69
87
83
79
75
70
67
84
85
68
60
57
55
53
53
54
56
59
55
46
50
64
81
92
77
49
46
45
49
54
50
87
72
67
76
118
107
64
68
118
118
95
97
96
100
109
120
137
131
115
90
86
93
98
124
109
77
90
114
79
82
78
99
92
89
69
68
71
56
51
65
72
70
62
46
50
57
54
41
34
28
34
44
60
57
55
55
46
49
59
42
48
50
51
48
46
50
50
50
47
47
50
54
59
68
66
57
86
137
129
131
116
109
127
132
102
122
97
76
67
66
74
68
73
67
69
88
94
76
45
66
88
92
85
85
80
62
73
104
102
99
110
122
117
106
111
95
101
118
124
124
123
111
113
80
104
76
69
74
91
74
69
66
51
55
47
63
68
48
46
58
121
124
122
95
41
57
51
43
46
75
104
64
41
48
73
84
103
92
144
110
130
109
74
60
54
56
69
105
94
79
94
86
143
94
101
127
81
82
198
211
140
76
240
237
170
108
147
241
199
135
171
210
111
149
111
120
89
142
96
95
87
81
108
104
83
100
89
87
111
98
93
92
92
90
93
92
98
101
75
76
105
118
130
79
74
88
84
69
72
82
104
78
64
62
72
92
106
82
73
67
78
77
72
81
65
45
68
65
98
120
111
106
107
104
99
80
78
65
100
110
93
71
96
104
93
69
69
42
74
83
65
48
88
112
112
117
60
67
97
75
49
40
40
43
41
41
51
47
40
73
95
45
59
67
76
59
63
76
95
103
97
68
77
88
94
80
63
46
48
67
51
57
84
63
59
58
48
86
97
89
78
70
77
104
111
95
134
150
71
40
39
84
72
61
90
79
57
60
59
60
57
49
42
40
39
41
45
47
59
54
76
58
66
59
41
42
38
47
49
65
48
57
86
45
67
55
97
82
65
94
125
121
122
138
111
119
130
120
109
108
81
119
89
68
71
81
104
103
94
97
94
104
100
93
101
83
51
58
52
54
48
50
53
60
42
41
67
83
82
70
51
46
54
57
48
59
78
61
66
83
101
82
56
87
109
81
92
114
112
74
107
113
127
109
93
101
78
80
107
106
79
82
74
88
95
88
95
97
87
81
61
67
64
63
67
58
71
73
61
44
59
63
71
47
40
43
46
65
65
59
59
48
49
60
52
46
49
50
53
48
51
50
44
44
49
51
47
47
50
56
53
67
131
158
100
93
88
117
139
98
103
97
89
85
70
57
83
74
61
56
53
66
85
91
73
98
90
85
91
95
77
65
88
107
115
98
91
106
114
117
106
102
102
110
104
116
123
118
133
82
89
69
68
75
89
74
66
58
45
55
53
55
52
54
49
69
124
119
94
111
63
78
69
55
49
60
101
103
81
40
64
94
97
83
129
113
99
99
81
65
64
81
118
178
67
82
69
72
124
67
113
104
53
126
152
180
127
98
227
224
213
160
219
235
234
205
171
145
94
88
110
123
95
122
116
92
91
82
100
94
77
105
82
87
102
106
88
85
72
75
93
101
105
96
82
79
87
117
128
61
75
88
82
87
75
102
116
73
70
83
90
92
83
61
55
75
71
74
71
56
48
51
63
74
81
97
93
93
96
94
83
66
83
90
127
121
94
65
97
82
84
74
74
56
36
64
129
20
70
74
85
70
47
92
88
55
47
38
43
44
41
40
46
38
44
71
111
65
49
56
49
49
88
108
103
100
96
82
75
77
88
88
66
63
64
65
68
82
116
81
75
81
48
83
85
93
101
100
92
93
85
75
99
131
107
58
48
55
72
79
79
68
55
59
64
62
56
47
44
44
50
48
45
59
64
44
93
77
97
57
47
52
40
43
44
74
56
45
57
70
112
53
88
70
72
104
103
102
108
106
88
108
116
121
123
112
73
109
74
83
90
105
93
91
118
126
123
112
85
76
92
89
55
56
64
64
57
50
65
76
46
41
61
68
63
56
52
40
71
96
75
85
74
63
64
75
123
83
66
108
79
91
98
96
95
64
93
118
110
109
127
99
53
77
116
116
136
123
86
102
110
81
93
84
87
92
62
76
72
62
66
63
84
67
57
56
64
69
61
48
50
56
56
71
73
63
72
62
57
66
45
46
44
45
51
48
43
42
41
45
48
57
59
64
64
65
51
63
68
90
78
83
90
100
103
84
79
85
107
102
83
46
71
59
49
52
45
64
105
93
92
83
88
90
99
116
95
87
96
88
86
91
92
96
100
96
99
98
86
78
85
87
98
129
98
49
71
69
72
75
86
66
56
46
42
51
61
68
58
46
47
57
69
101
80
73
78
85
84
82
90
66
109
138
114
42
66
101
91
81
38
76
93
81
84
60
82
119
164
182
50
96
73
92
87
77
90
85
57
172
120
91
103
102
155
168
134
157
213
244
212
181
114
110
121
85
110
103
101
123
114
98
89
107
109
92
86
91
98
91
93
111
104
93
65
75
84
71
90
114
92
83
79
78
69
90
87
85
70
90
74
93
111
96
79
114
87
77
61
53
53
59
66
75
62
42
37
45
61
65
62
61
82
115
88
53
76
77
89
92
87
85
68
55
67
107
69
126
131
107
55
63
120
32
81
105
65
48
24
76
59
63
65
37
44
43
42
39
38
38
44
40
68
89
64
54
44
46
103
100
71
80
97
111
62
72
83
98
94
103
87
78
83
77
90
94
60
95
31
68
63
76
107
82
70
74
77
83
131
77
100
89
65
53
84
82
59
55
56
61
63
62
59
52
52
54
56
47
46
64
64
50
105
94
132
71
78
124
60
53
50
80
63
43
118
172
186
56
66
65
76
88
101
90
88
103
95
84
114
108
82
82
72
70
71
92
88
81
84
107
111
109
110
95
77
76
69
59
76
91
84
75
79
55
51
70
52
34
30
47
52
62
65
58
82
101
88
67
66
68
58
102
168
97
56
58
98
101
73
78
74
61
112
123
105
119
125
70
59
85
111
121
142
98
95
116
124
70
70
97
89
100
58
101
88
59
72
108
68
44
50
60
61
75
65
70
101
63
77
75
70
61
62
62
52
56
46
45
48
52
48
52
47
48
44
48
45
50
59
57
59
71
47
43
39
81
88
87
92
83
73
96
93
79
81
71
57
60
54
42
51
52
34
70
81
86
90
95
95
95
109
101
99
116
104
91
88
82
94
96
85
74
79
82
81
70
54
56
64
73
96
54
55
75
84
64
72
52
32
36
47
50
48
42
38
43
44
40
50
103
127
65
64
61
82
101
51
54
85
49
35
75
81
87
68
67
66
65
70
86
59
60
142
109
108
96
88
102
82
82
62
80
94
89
71
151
87
81
105
118
67
116
104
80
136
186
146
161
141
202
144
76
98
83
83
98
94
92
75
91
86
90
86
75
90
100
91
113
115
99
87
99
103
70
62
104
88
69
84
71
58
88
104
105
78
96
67
53
83
90
92
114
57
45
55
62
62
57
59
62
52
48
41
55
53
59
66
64
89
144
79
80
83
51
62
89
99
91
115
98
167
163
114
161
162
119
75
62
20
32
69
76
81
81
18
61
63
61
47
46
36
44
42
31
40
50
56
52
67
72
93
48
47
36
57
60
62
68
99
93
74
81
80
83
92
96
116
83
82
84
84
86
39
49
41
61
59
75
86
65
73
76
88
90
144
64
56
68
68
59
77
87
68
69
79
69
51
58
59
56
61
61
55
35
61
49
61
69
98
78
76
130
139
116
62
55
92
104
70
52
150
99
60
42
56
55
65
100
99
78
96
99
98
88
93
93
91
107
114
91
76
73
89
87
95
90
89
121
80
77
61
69
77
77
71
60
67
76
66
79
49
49
59
62
59
57
60
71
95
77
72
78
67
60
67
51
74
178
143
52
43
66
100
94
84
116
137
138
116
118
103
100
88
84
84
90
71
85
136
67
59
117
88
72
77
96
116
70
39
104
86
60
65
68
68
56
62
48
43
53
77
100
84
55
63
62
61
60
46
58
55
52
45
53
48
56
48
45
62
75
67
40
39
35
49
47
45
73
66
55
96
108
95
110
125
83
80
117
78
77
67
45
36
41
42
49
58
47
77
99
83
72
80
90
93
68
72
83
70
67
106
116
106
113
124
94
61
68
73
75
76
70
67
51
40
41
76
91
85
81
83
75
46
44
42
42
60
102
64
45
70
40
60
67
46
67
73
64
52
55
57
65
54
79
64
47
93
90
78
73
62
49
88
95
106
120
118
137
117
50
72
72
122
73
125
138
95
40
68
75
67
61
66
60
84
102
87
103
107
111
120
54
160
135
130
209
81
99
126
96
88
77
91
87
82
102
50
77
124
79
48
72
132
100
108
89
95
85
84
81
64
66
78
76
78
83
105
79
71
81
81
105
84
54
84
99
111
53
41
41
60
66
54
65
73
94
58
60
47
48
67
81
61
68
60
42
115
106
57
60
79
76
85
143
171
154
205
129
140
192
243
219
114
97
19
9
23
69
127
84
30
73
113
92
71
64
75
56
40
32
41
50
45
50
69
77
64
48
46
42
60
100
68
72
101
51
69
77
100
96
98
95
81
71
79
79
74
79
77
81
99
70
62
88
91
71
101
89
92
85
88
57
64
80
68
50
59
55
68
86
114
124
81
74
61
42
50
65
86
63
74
77
57
86
108
119
41
57
100
62
105
130
85
75
58
57
39
22
20
27
58
43
51
114
109
115
107
98
94
105
91
96
102
96
89
94
86
87
96
87
86
84
98
112
76
62
75
66
81
78
63
71
78
77
63
89
60
70
60
55
44
44
50
75
74
70
78
88
67
67
69
62
116
129
54
64
98
125
102
112
131
141
125
95
86
93
87
93
98
98
86
75
119
111
94
85
107
126
86
78
82
70
74
69
55
68
72
76
60
71
78
48
45
43
40
53
70
80
57
56
60
55
57
54
51
43
47
48
43
43
43
55
58
52
62
75
54
38
36
37
45
53
86
139
148
107
121
104
107
120
82
70
71
75
84
73
64
63
74
44
44
48
33
86
116
102
86
72
73
92
105
81
61
55
59
49
72
89
83
95
99
66
53
54
47
50
45
44
29
12
22
37
74
90
93
95
90
76
51
53
43
35
44
89
86
82
113
91
60
69
46
54
62
52
52
58
50
44
57
75
53
47
73
67
71
78
58
69
96
95
103
134
231
172
149
169
85
135
81
69
161
210
199
153
91
90
83
99
111
84
87
96
80
77
89
111
103
70
123
125
106
125
79
118
101
95
94
72
74
94
101
95
80
142
93
71
67
81
104
97
87
75
90
97
74
67
61
85
81
97
103
121
108
63
82
61
70
102
78
53
83
109
59
40
55
52
50
47
57
59
62
85
55
52
48
53
66
48
61
72
64
54
68
50
56
77
91
85
106
106
114
149
161
140
122
178
217
94
49
54
72
53
25
21
46
37
26
57
130
102
82
54
56
42
31
41
44
100
59
52
62
68
49
48
50
48
70
85
96
113
91
33
61
94
104
103
102
60
44
68
65
60
95
74
65
94
88
81
99
106
100
75
72
83
81
60
94
98
74
64
68
68
49
64
78
91
98
97
90
95
79
89
95
66
70
92
80
73
44
44
49
64
41
74
109
79
118
155
86
33
39
53
68
48
37
35
49
49
69
103
90
97
93
90
70
81
60
78
90
79
77
77
67
66
78
75
67
81
95
103
87
75
83
66
66
59
62
74
69
75
83
67
60
80
60
64
71
92
71
61
63
68
72
64
49
52
69
81
115
74
103
148
147
122
100
120
120
114
90
100
92
87
137
111
78
74
69
110
120
78
79
106
68
88
87
70
82
79
81
67
106
47
55
61
58
57
55
51
53
47
49
58
70
61
53
49
44
49
57
65
70
93
107
67
39
45
52
56
55
51
46
52
39
41
40
44
44
48
55
45
106
104
110
123
122
102
75
80
61
62
84
70
69
83
79
40
44
41
46
99
74
77
74
59
56
55
71
72
68
87
80
88
111
100
82
81
77
58
50
46
46
41
32
18
49
96
98
102
125
74
69
93
77
71
68
49
56
51
41
92
116
79
56
66
55
51
51
51
53
53
57
51
53
55
45
59
52
50
59
67
59
67
60
71
43
81
104
129
148
123
133
136
117
145
98
115
168
173
167
232
155
94
83
101
129
117
90
81
95
80
98
117
104
89
96
122
128
111
67
92
108
115
89
81
104
87
92
80
86
101
87
102
91
113
81
61
63
54
68
80
69
66
64
77
82
135
98
96
91
100
76
62
56
82
51
49
57
56
47
47
56
44
41
44
51
58
67
58
51
43
47
51
47
51
51
65
68
62
50
40
39
84
116
95
84
66
63
93
120
81
64
91
59
93
153
174
150
143
99
41
28
30
25
47
65
60
45
42
47
39
53
55
55
61
57
60
70
78
53
56
50
62
88
77
106
85
83
50
53
82
90
108
111
65
46
71
68
54
74
71
64
66
68
83
96
104
92
80
74
78
70
81
87
95
81
81
66
57
83
97
95
82
95
102
104
104
95
101
83
66
106
112
94
69
39
43
44
43
81
80
106
145
131
126
42
30
39
57
93
71
36
41
51
54
79
98
94
79
71
75
66
71
61
70
73
66
74
59
55
70
69
63
71
81
75
78
79
86
75
70
80
104
80
66
65
79
107
75
70
72
63
65
89
111
93
54
59
79
63
52
64
64
60
97
113
89
108
147
148
115
110
135
106
101
122
169
171
132
154
83
59
78
63
103
84
62
83
107
66
97
79
71
67
100
111
129
137
51
50
56
57
68
67
56
57
65
64
63
66
40
39
40
49
57
72
100
120
104
109
97
79
63
68
75
64
60
57
27
33
42
44
40
42
44
51
57
114
113
127
113
85
100
81
78
60
61
84
69
64
64
64
48
41
37
43
50
48
71
71
49
67
56
45
52
78
106
103
100
115
97
95
90
75
58
54
42
36
28
30
63
130
135
130
123
137
101
79
88
65
62
63
50
52
52
58
86
87
64
45
49
63
56
51
46
45
46
60
68
59
54
45
80
99
78
72
77
68
71
64
75
55
75
104
104
115
117
100
99
108
122
102
126
179
190
164
201
95
67
61
87
111
113
99
97
83
55
86
101
116
106
106
118
133
106
84
88
97
103
100
94
103
96
97
82
79
69
88
102
87
89
64
87
81
62
87
78
63
67
69
83
80
106
101
95
118
99
68
57
52
62
64
60
62
48
43
63
54
43
45
43
42
52
53
45
43
55
53
43
40
52
55
57
70
66
57
93
98
74
79
91
95
60
40
55
110
92
84
108
103
186
158
110
159
132
97
66
30
18
31
42
56
60
92
63
61
57
72
73
67
81
86
88
108
92
68
74
73
94
103
93
98
79
83
44
41
46
52
80
99
45
44
56
60
56
51
59
64
60
76
90
96
97
96
65
84
95
78
74
88
82
87
88
73
71
83
94
76
85
85
105
117
112
99
102
79
94
125
120
96
85
69
62
50
65
95
54
59
101
56
136
63
30
38
48
72
68
56
43
54
52
78
82
75
54
60
63
57
71
67
63
63
62
63
53
56
70
68
68
62
57
58
71
77
91
83
69
71
112
81
72
67
80
100
70
58
60
73
67
78
90
86
69
41
68
79
67
63
69
65
103
120
117
96
127
136
108
114
134
97
84
115
142
108
145
128
86
54
58
46
69
69
68
88
88
79
84
63
58
89
132
141
142
113
83
78
78
84
63
57
50
63
64
58
60
59
45
42
43
52
64
80
87
111
79
74
90
100
88
76
72
67
66
81
41
38
41
41
42
38
48
83
83
100
119
128
83
66
86
90
70
65
66
67
58
57
53
45
46
45
37
36
40
50
74
79
56
72
83
65
64
75
87
98
101
109
107
107
90
65
50
40
29
20
26
41
89
142
127
117
117
126
120
84
83
48
54
60
56
46
53
79
67
64
64
49
44
59
49
47
51
53
49
51
59
75
66
61
97
127
92
78
86
87
81
77
83
70
64
93
109
113
95
99
95
88
108
100
112
159
180
141
166
77
77
62
85
88
96
93
107
82
52
68
75
82
104
107
94
108
104
96
97
89
96
96
103
94
94
92
83
80
74
95
96
84
92
107
106
81
84
94
74
78
83
68
67
66
106
109
77
85
69
61
58
55
60
73
63
55
44
70
76
51
47
50
38
37
45
42
49
55
73
52
44
38
41
60
47
57
60
54
82
86
48
48
103
92
48
71
101
104
119
124
116
139
145
96
60
90
76
68
50
56
67
31
34
57
63
79
65
72
74
80
99
113
99
83
84
103
95
87
86
77
68
76
110
91
75
80
58
42
36
37
60
69
41
43
50
52
55
59
62
71
64
80
101
86
101
106
90
86
99
93
67
67
86
98
110
109
93
96
93
72
81
84
104
112
108
92
101
94
105
117
113
88
107
99
90
89
91
64
46
34
37
43
170
74
38
41
42
45
45
53
43
55
59
72
72
65
50
56
54
59
69
57
56
60
63
53
51
57
59
64
70
51
49
51
72
86
93
93
88
80
83
73
85
68
74
87
60
63
56
66
73
64
75
78
72
53
58
90
81
64
71
68
98
121
114
102
111
118
113
102
93
80
89
92
92
77
119
101
112
79
56
68
66
65
79
89
82
80
71
60
81
137
139
144
105
103
133
88
84
94
49
44
42
62
59
57
60
56
63
50
45
63
88
88
84
114
82
51
66
87
85
75
62
64
70
79
69
53
42
45
56
57
95
106
70
70
100
95
66
75
79
87
69
71
69
57
54
52
50
41
40
40
37
40
63
67
75
80
62
54
73
87
95
93
96
103
116
116
117
106
92
61
35
24
20
19
29
41
74
113
120
115
119
124
133
91
72
49
58
64
59
50
52
75
49
55
75
72
49
47
52
49
54
55
52
48
65
95
94
96
102
117
90
80
89
83
84
103
96
67
53
67
94
99
82
92
88
88
105
102
101
126
137
111
120
93
96
81
80
78
74
82
97
82
59
59
73
68
100
106
95
93
103
99
92
89
94
85
104
90
82
85
80
73
77
89
88
95
105
126
89
73
85
83
78
92
89
70
54
57
104
95
62
66
80
69
66
64
65
70
62
48
44
80
71
48
48
47
37
41
43
41
55
76
66
47
48
44
37
52
45
49
55
53
51
51
58
43
103
83
75
104
132
102
114
116
110
102
80
70
63
51
42
42
37
70
90
24
30
48
48
52
57
67
68
93
131
134
93
74
77
93
83
88
88
70
60
66
100
77
76
71
70
55
37
37
47
47
42
47
52
56
61
67
80
80
64
77
86
75
96
93
87
73
87
77
61
46
108
113
114
110
99
104
92
69
70
96
99
100
97
94
100
112
106
112
109
89
119
120
112
105
73
40
41
39
78
78
152
60
52
43
41
51
60
44
47
62
68
67
68
61
53
50
51
66
65
56
64
61
54
48
49
50
51
55
61
56
67
63
73
89
96
92
102
96
71
74
84
68
70
71
60
90
75
69
77
68
73
79
81
93
63
80
86
80
66
61
89
114
97
100
96
95
100
86
72
74
99
102
117
135
88
90
117
115
103
114
87
58
80
91
86
79
72
69
128
139
122
125
85
105
157
90
68
68
50
61
59
66
60
62
70
65
76
60
55
77
103
94
96
125
92
57
52
76
87
101
93
91
95
64
87
72
47
55
67
82
116
89
69
75
87
66
65
79
73
74
74
72
62
55
51
46
43
41
37
36
38
49
71
77
74
80
73
48
57
89
99
103
109
112
123
121
114
99
99
70
27
20
22
20
24
36
72
109
125
116
108
116
121
82
57
56
63
64
61
61
55
54
51
54
68
83
57
46
65
53
49
48
50
59
88
104
120
110
102
88
75
73
79
67
92
113
100
71
50
59
60
77
87
80
75
86
105
109
98
113
111
107
90
103
101
102
90
80
56
82
89
92
64
65
91
94
99
94
101
103
110
97
86
94
101
88
96
90
73
75
74
66
76
87
84
98
95
93
67
71
72
73
78
86
79
74
58
57
81
72
59
73
92
79
73
68
64
72
68
50
51
62
61
51
51
44
43
45
46
43
53
72
47
44
47
51
37
43
48
50
51
63
65
65
101
59
91
98
112
123
129
104
97
95
113
83
79
92
76
59
52
47
68
74
69
59
50
52
51
79
67
62
63
114
139
102
91
79
81
100
78
84
76
65
69
70
76
57
81
73
63
67
43
43
40
44
42
60
58
62
68
80
88
69
58
64
59
84
94
70
60
64
71
56
55
49
103
100
92
81
94
101
88
60
70
106
93
100
102
114
107
117
114
107
113
103
122
122
122
81
48
46
45
58
126
97
96
46
58
37
37
63
69
43
49
71
67
61
58
47
44
43
50
58
63
76
80
58
39
45
56
44
48
50
50
64
79
85
79
90
98
87
89
83
85
79
78
68
71
53
53
85
92
83
75
74
65
69
93
100
71
64
79
78
51
63
81
101
99
80
99
80
65
79
92
86
89
130
150
144
79
91
106
126
144
131
89
55
81
97
80
85
72
83
156
108
106
105
90
88
121
101
64
44
66
87
101
93
80
73
79
80
82
75
71
78
89
83
83
103
78
79
61
81
111
128
136
141
144
75
79
77
50
54
55
83
78
66
101
103
97
68
71
69
56
62
71
66
48
48
39
38
36
36
52
60
50
51
64
77
73
82
86
74
78
88
82
81
87
102
111
111
105
95
93
80
35
21
46
30
17
51
105
112
104
77
71
92
67
49
47
54
62
59
66
63
61
58
65
58
51
63
55
52
61
51
44
49
53
66
88
90
115
91
103
72
63
55
61
63
103
86
90
88
58
78
51
61
84
90
78
79
108
110
96
118
110
115
99
103
98
111
120
96
61
95
104
109
85
75
96
108
92
89
96
119
112
100
97
98
110
105
89
85
72
65
71
70
77
93
86
87
86
70
67
72
73
67
66
75
73
73
61
60
70
63
57
61
63
76
76
64
60
74
70
53
56
49
58
60
54
47
49
44
46
43
50
50
43
45
51
60
39
47
49
48
50
66
88
83
102
70
98
124
112
133
127
99
94
101
112
109
95
110
80
63
70
72
96
81
65
113
92
69
72
116
79
68
77
107
109
71
91
85
87
99
82
78
54
53
57
68
56
52
82
92
58
75
62
52
45
49
55
65
60
55
59
88
69
44
56
47
54
94
86
57
60
70
66
67
65
64
67
65
82
71
78
84
71
52
66
81
74
86
96
111
98
102
114
92
105
108
115
104
107
49
47
53
59
63
72
82
56
37
48
29
51
56
42
64
53
61
61
54
48
49
43
45
53
55
69
90
78
51
43
47
62
54
44
54
42
60
73
84
83
100
92
85
79
70
87
80
88
69
72
61
39
45
69
59
66
59
58
48
55
55
71
60
54
49
56
89
75
78
109
76
115
76
61
72
82
85
84
139
97
84
85
103
107
104
120
126
79
68
96
97
77
83
83
113
162
122
100
95
73
86
75
95
85
56
84
91
126
130
136
103
84
88
85
82
68
77
79
61
70
112
97
99
95
74
111
104
110
139
156
95
43
53
49
45
42
66
68
81
98
94
94
72
80
68
56
57
58
57
42
39
36
37
38
48
94
105
71
47
66
77
67
71
80
92
86
90
98
77
81
101
110
102
90
84
75
79
48
24
101
80
32
85
126
90
55
32
63
90
45
41
48
58
65
57
65
49
58
91
63
57
59
56
47
53
47
51
47
58
56
56
65
63
67
83
106
84
77
67
55
60
85
57
83
100
72
80
57
52
83
102
96
101
109
95
98
117
104
111
101
87
89
97
121
116
83
110
125
104
129
91
83
102
100
128
120
119
91
108
101
91
101
110
89
74
82
75
74
66
58
76
73
79
107
79
75
76
80
65
68
76
74
70
63
63
74
57
59
55
59
72
81
65
64
60
53
58
61
45
50
62
51
46
48
47
40
43
57
52
49
48
65
77
54
61
56
53
61
61
63
59
53
52
123
123
103
115
95
87
93
95
95
104
106
105
72
82
71
66
65
72
79
92
121
65
66
96
61
78
84
55
81
81
72
91
96
88
70
47
43
35
60
88
40
68
89
96
61
77
68
55
49
48
68
50
43
38
43
48
39
48
68
44
60
64
45
47
69
76
75
80
75
65
65
60
86
68
42
42
42
47
43
39
44
40
48
61
60
71
85
79
78
79
84
79
67
38
37
46
52
41
24
51
50
44
37
32
86
57
55
114
79
47
53
55
43
44
43
72
95
115
96
75
65
44
52
46
42
58
57
54
61
69
65
75
82
78
84
77
67
67
79
85
85
77
74
77
63
47
72
65
44
52
47
42
52
58
69
64
57
55
92
106
96
86
75
62
67
53
49
48
72
81
104
105
60
81
71
100
94
90
121
113
93
85
102
95
78
75
99
135
104
80
110
99
80
99
115
116
113
84
93
104
113
151
157
107
115
110
87
82
79
87
81
64
60
147
150
121
139
79
143
142
82
78
87
62
43
44
60
56
63
58
50
57
65
77
74
72
65
56
60
63
70
65
42
35
42
46
63
79
93
104
94
63
46
48
61
71
91
77
77
95
105
98
81
96
98
82
69
58
49
44
29
20
125
101
75
94
120
108
102
82
112
135
128
43
43
59
56
55
66
50
48
53
59
66
56
43
42
62
50
50
51
54
38
46
54
44
51
56
80
81
88
101
47
60
61
51
72
108
90
62
71
75
108
95
111
107
104
100
111
113
124
119
104
100
96
95
108
112
96
119
119
114
170
161
108
118
153
114
103
85
87
83
85
88
91
98
74
85
84
71
64
55
56
60
48
64
93
90
90
66
66
78
94
81
71
68
82
60
60
67
67
59
70
79
96
77
53
51
53
62
57
48
52
50
49
46
52
49
53
54
56
56
59
53
68
52
50
69
68
70
72
72
66
64
92
73
130
99
76
86
69
101
92
83
91
87
87
81
101
140
134
87
67
77
79
89
106
66
79
55
65
77
78
57
106
63
79
96
85
97
61
50
49
37
45
52
42
59
94
72
39
43
45
57
62
43
72
82
38
44
38
51
53
75
56
47
48
41
59
42
68
91
71
49
31
53
57
53
40
54
55
57
83
94
82
75
77
77
87
80
75
46
46
66
56
34
49
60
72
83
92
62
62
62
64
42
94
114
76
46
50
49
79
102
117
46
37
41
42
55
83
119
122
101
76
68
58
55
76
56
59
76
58
57
72
67
81
70
64
66
64
70
60
44
61
79
67
79
85
69
87
58
74
83
62
48
42
44
60
74
66
76
83
101
106
93
88
69
62
59
46
61
59
57
59
57
70
58
90
112
51
84
119
89
100
75
82
97
98
107
91
73
56
111
109
77
89
97
109
103
95
85
88
95
110
117
92
97
97
120
156
140
133
96
83
77
81
59
26
109
158
185
168
175
145
96
92
87
91
88
54
47
61
64
69
63
64
57
72
66
75
81
65
51
50
56
56
37
30
40
44
50
83
98
94
72
79
69
67
122
100
44
29
34
81
98
81
70
62
57
38
26
37
38
31
16
23
25
121
111
96
85
128
115
123
122
116
146
157
42
45
57
45
63
63
46
50
47
59
55
49
57
54
59
53
48
48
55
76
54
41
45
76
47
69
94
102
56
45
55
71
86
73
91
85
67
86
77
62
72
110
83
86
108
118
98
107
121
105
109
92
106
86
105
106
127
97
85
105
139
110
102
128
114
101
116
80
80
104
109
112
108
103
93
77
103
90
60
73
80
93
129
109
85
80
59
74
76
83
65
65
52
67
61
50
59
78
70
68
72
90
65
40
47
48
43
54
52
54
55
53
54
55
103
80
61
57
78
57
55
77
64
47
35
56
65
52
58
67
92
111
139
123
77
75
73
84
117
72
85
79
83
83
128
136
64
130
107
95
102
104
126
121
77
70
60
62
66
63
67
61
40
76
79
75
88
51
55
43
30
32
47
50
69
77
65
49
54
53
57
55
56
51
75
49
36
59
82
70
123
66
53
48
61
54
54
35
41
62
44
38
84
70
58
58
86
71
56
69
71
79
80
77
86
96
102
106
114
107
123
127
79
79
131
122
120
95
70
71
84
45
40
78
111
90
56
63
62
78
96
102
44
45
46
58
59
76
105
93
74
72
61
54
54
62
78
61
67
78
78
76
72
68
61
65
60
62
60
55
57
63
53
54
75
87
46
45
72
67
74
53
87
100
68
48
97
73
90
101
86
94
92
73
53
60
53
50
53
71
57
48
48
61
69
102
85
110
162
127
98
102
70
71
86
76
77
91
98
115
110
96
76
66
86
89
99
84
71
80
107
121
145
81
64
67
78
134
84
103
111
85
74
64
82
139
100
103
119
95
134
129
101
75
71
76
107
78
42
57
72
60
52
56
63
49
57
59
77
77
58
64
62
52
47
39
47
46
73
98
91
95
90
99
89
77
83
83
95
79
66
82
50
51
45
29
29
34
45
34
6
8
22
12
3
51
154
115
65
97
105
108
106
89
109
117
52
62
59
55
46
55
43
53
53
57
53
48
54
58
64
55
52
48
53
49
56
57
46
80
58
88
107
102
76
113
59
56
95
119
106
72
65
64
79
67
64
85
83
61
98
112
94
99
91
105
99
112
123
100
129
122
84
156
136
127
127
122
110
108
117
101
88
57
109
124
96
96
94
134
100
96
112
114
97
74
101
98
95
71
88
73
72
70
62
72
74
77
79
47
61
65
62
75
82
67
62
70
55
53
52
52
57
67
69
68
56
63
73
77
109
40
33
46
55
62
41
34
43
40
66
92
110
133
136
138
138
98
109
107
69
92
115
109
149
108
83
88
101
85
101
106
61
66
73
113
127
101
102
104
92
93
81
56
68
59
55
54
73
76
91
97
63
61
49
32
28
29
31
33
56
54
37
38
50
65
70
77
73
53
56
40
44
76
91
74
83
62
48
65
69
51
48
55
63
82
81
58
61
76
62
47
50
43
53
45
55
56
75
77
73
76
94
107
91
91
88
61
50
30
32
50
77
74
97
98
114
89
33
39
57
54
51
34
50
58
63
47
41
53
48
54
60
97
99
85
78
89
59
67
76
72
76
58
65
74
79
78
65
58
67
77
69
58
46
55
71
67
52
68
58
77
70
65
76
64
59
55
76
75
71
69
60
67
91
96
86
78
82
66
50
60
67
51
54
76
76
53
60
65
60
81
98
130
113
108
95
90
80
86
88
82
76
90
98
107
97
124
106
74
93
73
98
111
91
76
98
113
81
75
92
91
77
98
89
88
82
67
85
101
118
144
93
80
93
99
116
110
71
63
70
71
77
61
52
50
56
52
44
49
55
43
48
73
98
98
80
95
102
64
49
48
55
64
79
79
72
72
92
96
102
106
99
127
135
113
85
79
71
43
24
39
46
32
23
20
103
163
173
146
94
13
79
110
68
83
104
101
99
83
50
72
55
49
44
54
49
49
55
57
48
54
51
48
46
55
52
50
52
48
42
49
66
59
50
72
68
78
86
92
83
129
92
65
77
99
102
92
62
51
81
68
74
62
45
45
68
95
87
96
98
102
91
99
102
109
117
138
78
128
167
107
129
142
120
101
106
117
86
91
123
108
83
90
112
87
64
88
89
123
115
74
93
80
92
114
78
79
73
83
69
79
83
79
72
71
72
78
77
73
74
66
57
47
49
51
51
40
48
53
42
50
48
53
59
80
74
78
87
85
98
137
139
149
159
172
175
172
173
167
178
120
83
83
102
86
78
83
97
101
163
77
59
72
80
66
68
68
79
84
91
103
100
83
83
103
125
137
136
66
60
72
71
78
100
89
111
87
39
36
36
28
28
26
27
31
27
30
38
53
75
82
76
72
56
60
59
55
75
61
71
76
80
73
51
59
61
51
55
59
60
79
81
58
84
71
66
65
47
56
53
48
57
52
62
71
72
70
76
84
84
85
84
68
36
35
47
44
78
86
82
90
110
110
96
73
65
63
57
48
59
74
72
47
52
57
46
41
55
108
67
52
58
76
64
72
81
81
67
62
60
55
70
60
56
55
53
60
61
65
72
73
68
52
51
96
84
71
56
76
68
51
47
51
60
92
87
87
75
55
71
79
78
77
68
69
54
50
79
86
73
73
70
55
48
58
62
105
130
106
93
99
93
101
97
88
93
81
62
79
82
86
117
123
80
76
82
58
73
85
87
70
69
82
68
101
122
80
79
94
99
84
84
82
97
109
133
111
98
122
135
101
106
110
67
60
83
69
65
51
51
50
52
46
44
52
49
42
58
88
97
106
90
86
97
66
52
56
61
70
69
64
64
66
80
79
103
103
126
123
101
63
50
59
58
35
38
55
54
36
23
140
216
219
217
220
157
61
59
68
56
62
91
90
71
34
37
56
45
46
51
55
62
68
73
58
54
52
48
48
52
55
66
51
51
44
55
58
59
57
64
60
56
67
70
74
71
111
89
89
91
102
84
82
72
78
81
54
72
89
66
45
49
88
99
76
91
102
107
114
106
102
123
142
117
76
135
101
128
126
114
111
141
115
115
106
115
118
85
97
103
87
99
118
106
102
98
92
99
85
102
105
78
78
83
115
85
84
82
70
56
80
58
68
67
63
57
61
46
53
60
69
68
68
75
93
99
88
92
94
84
100
169
177
130
72
64
151
139
114
126
124
111
102
87
82
90
83
69
93
93
84
81
87
88
85
140
103
64
59
61
70
74
72
99
99
82
89
81
83
78
85
97
105
112
73
102
110
72
76
106
84
72
54
42
62
47
37
30
28
35
38
35
52
49
45
72
74
65
56
54
73
61
52
66
74
78
83
76
60
55
60
63
57
46
57
74
77
61
59
79
54
59
68
66
49
52
65
70
71
61
61
61
64
76
79
83
93
89
89
66
65
93
82
78
62
53
58
95
92
75
92
78
57
50
65
58
61
61
55
51
60
58
48
53
70
50
46
49
57
59
64
74
78
73
68
55
49
60
64
59
60
60
56
63
74
85
79
74
82
81
90
84
61
50
60
71
73
71
67
66
95
87
75
77
45
55
63
53
70
55
61
64
62
82
85
61
55
60
44
42
60
93
113
107
108
104
92
98
107
80
85
86
79
68
79
76
74
125
115
60
75
64
58
60
58
67
64
58
74
83
115
119
83
84
84
103
84
90
111
116
108
117
130
111
113
148
97
90
102
70
63
90
68
54
49
50
48
52
43
44
53
47
49
74
89
106
98
78
67
70
65
51
50
55
62
71
65
53
79
82
67
79
77
88
69
54
39
29
63
51
35
45
42
39
29
104
220
225
228
222
161
103
74
61
55
52
47
59
72
61
48
71
58
39
45
59
60
66
66
66
58
57
60
54
50
48
62
68
43
47
50
79
73
68
53
66
69
57
68
61
65
60
103
105
111
86
85
77
68
72
104
94
70
78
106
90
44
50
83
99
79
75
88
76
98
108
103
110
132
141
95
123
120
128
116
108
86
125
104
114
85
100
114
94
99
96
112
150
148
111
83
110
116
106
107
93
75
76
84
90
125
93
76
82
73
65
78
73
78
92
97
95
96
85
92
93
91
80
80
79
84
77
69
64
59
47
52
129
130
83
33
30
78
73
67
63
57
50
53
82
82
74
94
98
110
89
94
90
88
74
71
121
147
96
56
46
72
98
86
97
84
62
73
74
83
89
84
84
88
82
63
74
93
89
87
109
65
40
41
51
57
51
45
30
33
36
38
46
59
52
47
78
61
56
60
74
78
76
67
71
73
77
86
73
63
76
58
63
52
54
71
75
70
63
80
61
49
69
79
84
46
51
74
67
79
82
73
64
67
74
61
82
94
92
99
72
62
78
78
71
56
56
68
72
68
51
64
58
52
50
59
49
53
47
54
52
66
58
51
43
35
46
49
49
58
59
58
70
74
74
56
51
48
70
85
69
68
73
61
69
74
83
81
88
108
98
66
63
67
48
44
67
82
80
78
66
75
67
60
70
55
66
72
54
65
60
52
60
71
68
70
58
51
54
35
48
61
96
102
102
135
103
96
96
98
92
123
120
99
99
80
91
105
142
90
53
63
52
57
58
49
53
54
51
73
109
117
98
88
83
71
89
77
86
102
105
105
114
124
82
88
116
89
84
95
65
56
75
70
54
51
50
50
50
45
42
47
48
69
97
80
91
79
62
69
53
52
50
52
51
61
71
63
43
83
69
66
77
72
62
38
37
40
42
73
52
42
49
42
31
53
192
224
214
224
147
79
58
61
61
60
61
61
55
69
71
74
92
59
36
39
56
56
58
59
52
53
53
64
60
56
46
55
59
40
49
57
68
70
77
62
71
101
88
77
57
61
56
109
123
116
79
70
68
60
66
108
100
82
75
92
95
53
63
73
85
88
82
91
62
81
98
97
94
117
130
121
120
117
114
117
115
82
117
110
100
79
109
107
97
96
94
135
147
119
89
73
121
111
92
96
86
77
96
107
105
121
103
99
100
95
93
91
93
88
91
87
80
79
72
69
65
57
46
43
43
41
33
35
32
26
24
35
56
62
51
53
61
46
52
94
56
47
50
93
138
109
90
110
122
117
90
102
98
87
68
70
103
124
99
66
56
63
105
90
85
81
60
72
74
94
103
82
87
89
74
63
79
86
93
83
91
49
44
44
50
41
45
37
27
31
35
33
48
50
47
56
70
58
69
68
70
65
71
74
79
72
72
83
69
65
84
71
68
68
70
77
65
66
74
97
69
65
79
90
87
51
69
86
61
59
77
84
64
79
95
68
73
73
84
84
63
59
58
55
54
51
62
86
68
66
61
51
56
55
50
46
51
57
43
50
56
65
50
44
31
34
50
43
49
65
67
60
65
68
66
45
52
52
75
83
67
69
79
63
57
66
84
80
87
98
80
70
62
77
59
47
64
73
67
78
65
68
63
55
74
82
83
81
70
61
70
63
61
64
57
60
61
48
56
38
51
57
85
84
103
126
84
105
89
92
106
132
147
117
115
95
133
152
146
92
61
49
48
54
53
47
50
44
45
85
111
105
82
79
83
72
69
66
69
72
79
94
103
87
63
75
82
85
77
90
63
50
54
61
54
47
45
50
47
48
40
41
49
96
97
64
62
61
69
71
45
42
47
54
63
61
62
56
42
64
52
59
81
69
57
43
43
43
65
70
59
54
51
58
33
121
225
208
235
171
64
54
55
50
54
57
63
71
66
68
67
69
71
49
34
35
47
47
48
54
47
45
54
62
55
56
47
43
52
42
52
61
52
55
73
82
91
102
91
77
52
52
54
104
100
95
89
99
65
57
63
94
103
74
73
75
90
60
73
74
64
77
100
91
76
82
87
89
106
119
111
111
105
99
104
111
105
105
118
103
95
96
112
90
90
83
83
127
108
94
103
108
120
109
103
98
100
104
115
112
104
98
90
91
82
76
75
69
63
57
45
39
33
33
32
29
27
24
21
25
24
30
33
39
43
39
46
63
51
56
60
92
100
66
66
116
66
57
62
132
146
93
94
110
130
117
93
96
90
87
70
68
78
84
84
76
74
62
89
91
103
103
77
83
81
118
129
90
90
81
71
66
116
97
89
79
74
60
69
53
48
35
35
31
30
31
34
36
43
40
43
56
53
63
80
63
50
57
59
67
89
85
75
81
65
59
77
85
84
93
78
66
59
69
81
97
86
83
82
86
75
62
86
92
63
54
67
79
69
86
105
85
65
58
67
59
55
69
67
52
46
60
60
77
77
77
75
63
89
72
45
40
52
52
49
54
53
56
50
45
35
46
59
45
51
60
62
65
59
59
61
50
59
67
68
61
56
67
81
69
49
65
84
72
74
76
61
86
76
74
78
62
69
66
59
82
75
77
82
55
74
89
80
71
66
54
63
77
79
58
58
45
43
32
61
47
46
58
89
79
88
74
75
105
93
102
96
100
130
102
98
117
173
152
117
127
95
72
52
58
50
49
52
46
51
96
79
80
82
71
82
73
58
59
52
63
75
84
85
100
89
66
70
94
74
68
62
55
51
44
47
41
39
43
42
44
43
39
49
93
63
48
48
49
80
57
39
46
38
46
78
57
54
52
48
52
59
53
64
57
48
48
46
49
70
62
63
61
45
50
49
194
216
214
226
83
53
54
44
43
43
47
54
50
52
49
38
44
34
31
30
34
42
46
44
47
48
46
58
59
48
53
51
43
51
43
49
62
61
50
68
90
92
72
62
63
49
45
56
86
62
69
98
127
74
55
62
73
101
72
87
91
81
60
80
85
61
70
107
71
84
88
88
97
117
124
102
90
96
103
105
93
81
110
97
89
101
113
100
80
92
83
82
100
92
107
131
134
106
104
104
100
87
88
82
68
61
51
46
37
36
34
32
28
27
31
30
40
41
42
42
41
42
43
42
54
44
48
52
59
59
53
63
79
74
66
66
86
92
74
69
85
61
53
65
123
111
72
101
105
117
110
99
89
79
85
67
62
72
86
80
79
79
73
76
93
137
127
93
89
81
118
130
98
92
82
67
63
110
91
89
87
77
97
83
60
51
33
32
40
38
33
35
41
43
40
44
48
49
59
82
59
47
69
62
63
101
95
78
83
68
55
67
80
91
93
80
61
63
73
85
95
85
85
78
69
63
69
77
79
71
75
79
69
80
81
79
79
66
61
55
51
48
63
76
64
57
83
63
57
72
73
70
67
95
83
50
49
49
43
52
56
50
50
48
48
50
53
59
62
57
57
49
68
60
58
60
54
67
82
76
53
63
78
80
80
72
66
71
65
78
70
64
72
70
67
74
71
61
48
54
86
73
70
83
61
59
55
71
74
67
53
46
61
80
65
55
35
30
34
57
45
38
69
91
105
95
51
81
94
113
120
119
115
122
90
80
105
155
104
99
127
131
130
67
65
51
55
54
56
61
66
59
67
83
72
66
58
59
57
60
68
85
87
107
152
82
62
67
96
102
40
45
53
59
45
49
46
42
36
37
42
54
44
52
51
41
46
42
41
55
46
38
40
34
47
66
59
51
48
50
65
67
63
60
70
55
48
44
56
62
64
46
52
46
16
106
230
209
224
137
43
52
38
36
43
36
38
46
28
27
23
14
17
14
17
23
30
35
45
42
45
50
53
56
53
57
61
62
49
54
52
52
65
62
63
80
80
68
71
68
57
64
57
72
71
68
66
88
89
72
47
60
66
75
81
99
123
77
78
93
85
91
97
102
70
86
93
93
107
89
94
99
93
110
115
105
87
97
96
93
111
112
113
102
97
103
103
100
85
85
72
68
58
62
45
30
32
26
20
27
28
30
32
42
40
47
58
57
62
72
80
85
87
78
77
65
54
53
54
52
58
51
51
60
64
53
55
63
86
83
73
74
73
69
86
85
82
82
54
78
118
107
90
95
90
84
99
102
103
91
86
68
71
95
85
70
79
80
69
79
84
115
121
95
86
59
69
58
74
99
106
65
81
103
85
76
78
87
117
73
56
51
41
44
45
39
32
36
38
55
52
44
46
45
47
86
68
56
66
62
66
94
90
77
83
78
53
57
67
72
74
80
72
68
78
83
98
82
74
67
59
58
57
64
69
76
75
78
66
67
75
63
65
65
54
57
56
54
49
69
71
68
77
67
56
52
57
64
63
48
66
65
69
59
51
43
44
48
56
47
45
57
54
53
61
66
61
60
63
58
52
49
63
79
67
61
54
99
79
62
64
61
47
63
69
85
86
72
80
70
58
62
62
47
48
56
60
67
57
61
62
46
46
73
87
105
55
47
51
55
62
51
49
42
35
63
36
49
89
102
114
61
52
77
79
115
133
131
94
107
119
94
94
104
104
98
108
100
129
91
65
61
59
52
48
56
56
73
55
64
66
64
57
70
69
97
83
80
80
87
101
38
56
56
61
101
41
47
45
51
56
47
44
48
34
36
49
55
48
48
46
52
52
49
45
30
37
36
32
35
43
36
52
54
53
53
42
42
55
82
86
49
47
45
57
65
76
51
42
57
12
186
223
214
183
35
48
24
30
28
27
32
29
33
25
21
12
13
14
19
25
21
19
18
26
48
58
45
50
69
62
65
67
52
57
50
59
65
86
66
82
96
89
97
77
64
65
83
85
98
54
82
65
67
66
49
47
63
95
62
59
90
106
101
93
99
95
103
96
92
83
64
96
87
93
93
78
118
136
116
114
111
108
107
106
96
84
75
57
51
45
43
35
32
27
23
20
27
33
44
46
64
61
61
66
73
88
88
101
121
71
61
65
64
89
121
99
95
80
79
67
63
58
56
54
62
52
60
64
67
64
54
65
57
79
85
78
78
69
65
142
112
118
119
87
80
91
98
115
83
74
100
131
101
109
106
89
87
85
84
72
59
60
68
51
69
72
55
68
102
57
49
41
40
80
117
93
47
120
141
85
83
98
118
86
82
66
51
57
60
48
45
42
37
43
51
52
45
47
42
52
59
53
52
43
49
65
96
108
76
62
76
63
63
67
65
62
64
65
63
83
88
77
86
55
61
57
41
56
63
67
65
57
59
63
64
64
57
49
55
49
51
46
68
67
73
68
65
66
67
57
52
63
76
69
59
61
61
73
60
55
44
41
49
43
39
50
43
38
54
50
49
46
45
52
63
64
60
68
72
79
84
81
90
88
77
56
50
54
67
65
67
67
80
84
64
53
38
59
66
73
72
45
62
61
68
61
74
52
73
99
82
73
62
57
68
60
58
55
64
91
109
129
140
122
116
117
80
80
65
94
130
130
91
99
131
113
83
118
103
131
110
102
99
82
98
118
122
68
49
54
56
47
51
60
71
79
74
65
111
155
121
56
41
55
73
51
62
72
62
55
38
40
48
47
50
44
36
42
54
42
35
35
39
44
53
54
58
48
44
51
40
51
41
35
35
38
42
40
47
55
56
42
34
51
56
47
50
49
41
49
86
80
54
47
22
45
235
202
225
99
39
22
21
21
23
24
20
22
22
29
31
26
20
21
24
28
26
28
32
38
55
62
66
58
59
60
78
60
42
23
33
41
66
88
87
72
68
63
67
58
65
63
69
91
80
69
91
65
77
61
59
48
55
75
68
81
51
46
69
57
70
119
105
105
114
117
123
131
110
115
116
100
87
73
60
55
42
38
23
23
23
9
11
15
19
32
40
49
58
66
59
75
86
104
123
140
131
95
104
93
83
110
85
106
79
56
58
48
51
62
120
86
56
68
77
70
67
57
65
64
72
61
63
63
62
56
55
56
71
88
79
75
56
116
169
123
114
113
131
105
100
99
99
103
93
80
97
137
91
88
93
83
96
83
72
76
67
64
69
78
71
107
123
72
52
39
56
61
43
86
79
66
71
97
120
106
90
69
81
56
74
78
66
72
97
62
43
40
48
40
43
52
53
48
51
48
60
58
40
60
51
65
82
89
50
57
75
67
57
57
71
75
58
56
49
58
63
66
61
43
45
44
43
61
58
63
51
53
56
57
68
58
46
46
53
56
62
56
65
62
59
65
61
66
64
53
70
85
62
59
53
52
60
77
54
47
47
47
46
49
38
38
32
42
60
50
70
68
49
39
69
74
61
62
91
79
86
91
85
81
53
54
51
56
61
61
83
77
67
64
68
71
43
47
54
74
63
42
46
54
53
59
67
59
69
86
66
99
65
56
55
61
64
38
74
117
113
138
132
109
100
111
117
124
125
126
95
83
89
112
125
77
89
86
73
92
73
106
96
70
89
157
95
56
55
58
48
51
53
64
63
64
72
134
140
156
101
76
115
105
84
137
126
87
55
40
48
43
44
49
47
46
38
36
37
33
36
45
49
55
65
54
53
46
54
42
45
36
32
32
33
32
37
32
32
40
32
31
27
53
75
58
62
65
40
57
94
82
57
42
28
180
231
212
178
32
26
21
24
21
23
19
25
21
20
24
26
32
30
26
32
38
42
42
47
57
54
43
35
21
15
30
42
59
120
137
129
104
72
50
50
56
77
68
54
62
71
82
79
63
72
93
66
61
74
48
73
89
67
80
93
96
95
108
122
129
98
118
111
105
89
68
59
43
42
22
17
20
18
14
22
25
33
43
48
55
53
81
89
96
136
100
85
88
128
171
99
85
113
99
128
158
133
101
99
83
94
85
94
102
65
70
74
74
64
68
96
125
65
53
61
66
69
71
75
91
91
73
65
66
59
49
59
77
84
103
88
87
72
173
138
120
89
126
158
106
109
98
121
150
109
88
102
144
80
57
67
116
109
82
75
73
59
63
78
98
84
113
145
82
53
47
55
55
44
52
61
63
75
64
65
59
76
84
71
87
72
85
91
66
75
70
34
42
35
40
44
47
32
41
55
51
52
47
43
50
55
56
36
46
45
61
72
65
74
71
85
73
69
115
75
43
43
47
50
48
45
48
46
57
62
58
47
62
67
57
62
60
45
47
51
54
56
56
50
45
53
61
54
61
67
68
69
69
56
53
56
55
57
91
63
50
45
44
44
41
35
38
38
43
52
46
47
51
62
58
63
70
71
96
86
85
84
90
77
67
61
51
40
53
55
54
54
61
54
68
49
59
41
43
58
60
46
45
45
51
47
57
65
53
64
64
49
76
69
72
56
55
63
93
128
135
89
90
149
116
124
114
129
121
124
141
115
82
110
114
105
60
69
73
87
72
72
95
78
78
80
106
83
77
65
57
46
51
57
52
61
48
70
160
108
85
72
106
143
108
120
116
76
47
39
35
42
40
49
45
43
41
34
43
46
36
26
46
53
65
64
61
60
61
53
43
42
32
30
30
28
44
59
48
42
36
21
35
54
47
61
69
56
42
48
90
97
83
60
47
86
231
204
221
113
35
36
29
25
21
23
17
20
20
20
19
20
23
35
37
42
45
49
47
45
41
35
25
18
19
31
40
32
27
96
168
165
192
181
155
92
49
73
54
41
54
68
45
40
41
50
61
56
84
105
93
108
112
102
101
102
88
81
132
152
151
56
45
39
29
22
24
31
33
30
44
57
58
65
81
100
92
91
100
97
102
82
98
85
74
123
97
87
111
134
145
90
77
97
94
110
110
103
94
81
65
66
78
99
98
64
89
96
80
72
56
80
98
85
73
72
69
64
74
58
98
83
63
62
69
58
49
51
67
90
89
107
74
52
80
66
85
70
123
116
97
93
78
82
108
110
84
80
76
63
61
59
83
96
80
86
66
55
66
78
96
88
93
115
95
57
40
53
58
39
58
56
54
42
41
67
89
74
65
90
79
84
90
87
64
55
52
38
32
28
48
40
43
64
55
60
49
54
47
39
45
45
44
35
30
34
34
41
44
45
39
39
40
35
28
39
40
46
37
33
33
37
35
45
62
55
56
43
56
48
40
47
48
50
46
46
54
53
52
47
45
50
56
50
50
52
58
65
59
47
51
52
54
68
71
63
58
59
53
45
36
36
36
43
46
48
43
42
42
54
59
58
69
71
85
79
78
79
75
86
76
60
46
50
54
46
47
40
57
64
59
46
46
43
41
58
61
50
43
43
51
53
51
57
46
44
47
43
60
64
68
58
66
76
114
130
101
87
64
118
99
114
134
158
132
133
124
111
74
90
99
99
74
90
104
101
91
82
68
71
78
83
76
82
99
68
57
51
49
55
59
84
60
74
110
77
62
50
82
113
109
108
68
56
42
40
43
39
42
48
46
44
41
37
47
45
39
26
41
53
64
66
60
67
55
47
41
40
38
30
29
38
55
55
47
41
32
24
45
81
72
53
65
57
65
87
97
103
83
73
66
153
220
195
193
64
26
27
19
17
15
16
18
17
18
18
16
16
17
25
34
42
49
49
47
45
30
17
17
20
26
29
24
20
25
54
162
108
138
152
161
162
124
84
88
81
72
90
86
86
94
94
151
149
86
73
66
56
50
46
41
42
38
41
65
77
80
44
36
48
70
93
86
92
97
116
106
99
83
101
98
106
95
81
91
105
98
64
81
83
68
120
128
78
114
134
110
70
88
91
95
94
105
83
76
75
71
75
92
117
84
71
122
108
70
57
39
61
83
87
79
60
57
53
58
61
53
61
64
68
64
54
46
53
66
79
91
106
65
69
58
97
76
91
108
92
60
91
120
80
77
98
66
61
63
68
77
67
62
74
85
90
81
72
73
63
44
58
63
67
57
47
52
53
50
46
54
56
47
52
74
95
92
59
53
82
114
96
73
63
72
55
45
41
42
36
45
49
54
73
61
62
44
52
47
46
42
44
45
47
44
50
66
48
47
50
54
45
42
63
69
93
92
56
48
52
48
42
47
66
54
55
57
57
66
75
55
45
44
45
45
47
50
45
49
47
48
51
55
52
51
54
48
55
50
53
62
62
55
63
60
51
47
54
51
47
38
37
38
46
47
46
46
51
46
51
56
53
63
65
66
81
70
66
66
85
68
51
43
49
47
42
39
41
59
64
48
41
47
47
39
53
57
57
51
48
56
56
47
52
59
54
44
46
66
77
81
82
94
89
110
126
87
86
86
96
89
125
152
147
139
144
98
103
88
83
91
99
93
87
116
118
100
77
60
67
67
61
67
81
86
56
57
57
36
58
58
70
70
110
96
91
73
50
85
91
96
74
74
99
56
53
54
44
42
41
43
42
38
39
48
48
44
27
35
59
63
72
62
61
50
43
40
37
35
28
27
51
53
50
45
39
29
29
41
81
87
44
55
55
70
87
96
100
78
68
80
199
192
198
167
50
35
26
21
18
15
12
11
12
13
11
14
12
16
16
21
29
33
32
33
29
18
12
21
24
27
22
20
21
23
37
147
87
106
121
131
146
155
118
92
89
78
73
69
59
58
48
115
118
48
33
32
33
37
32
44
49
39
34
44
48
50
57
68
72
120
118
99
101
107
124
111
105
91
100
90
94
91
72
75
90
93
87
105
126
108
105
119
93
109
120
94
73
84
89
90
98
110
88
84
89
103
92
100
103
67
80
108
90
58
56
100
91
87
85
87
86
57
43
60
75
32
58
62
79
69
60
61
59
74
79
95
87
61
81
62
136
86
85
98
94
90
115
134
85
109
124
63
58
64
76
81
59
59
77
93
84
81
68
60
49
39
50
76
72
50
48
67
55
45
45
59
60
53
103
126
120
72
58
54
98
114
116
74
66
73
61
52
45
59
63
48
54
63
66
64
60
49
46
42
49
43
42
44
44
50
48
64
64
67
60
69
61
55
62
75
82
71
51
52
66
60
51
52
58
57
54
55
54
61
76
59
51
50
46
46
50
52
47
55
63
49
51
57
52
54
60
55
57
56
57
62
65
76
60
60
53
56
56
56
47
37
31
39
50
55
51
43
54
52
56
53
51
56
52
60
83
67
60
57
65
57
47
41
41
41
40
39
39
49
50
44
48
55
57
49
51
55
58
53
51
59
51
50
68
65
55
46
50
66
73
80
95
108
72
79
114
94
84
107
116
88
114
152
123
115
114
100
96
90
82
96
93
86
79
109
113
87
72
75
63
60
49
62
71
81
61
60
57
33
62
55
54
70
110
85
119
88
56
92
113
80
56
73
132
80
53
54
43
42
37
41
40
35
39
48
50
46
32
35
56
65
80
67
58
45
41
46
43
31
28
26
55
52
46
42
36
27
36
38
85
80
65
63
44
56
88
84
78
66
65
105
203
171
200
153
39
35
30
33
29
27
22
21
23
19
18
18
17
18
17
17
21
25
25
24
20
19
17
22
20
20
16
19
23
20
33
129
93
108
106
115
112
138
128
75
44
44
36
32
29
29
20
53
51
32
31
26
51
63
73
90
81
67
59
51
50
50
58
72
75
112
110
105
89
87
92
109
104
111
103
90
94
85
78
70
75
78
115
127
129
110
94
114
111
121
111
106
85
76
86
91
106
104
101
109
100
96
98
97
84
72
72
76
71
74
104
130
102
79
93
94
108
74
51
73
79
37
62
56
68
68
74
79
57
89
90
81
69
57
68
79
114
75
59
74
99
108
131
120
77
125
105
60
60
64
69
75
54
61
88
114
58
57
56
48
47
48
51
86
83
59
56
60
50
47
47
56
55
57
101
118
92
76
77
55
109
95
101
59
58
76
73
62
53
65
68
52
62
61
65
61
60
60
48
43
45
48
47
42
41
46
47
55
63
66
59
71
66
62
56
58
61
52
54
56
62
63
57
54
50
59
57
53
52
57
64
59
58
56
52
46
48
55
54
61
68
55
48
56
60
58
59
61
53
56
53
62
72
77
66
61
60
64
63
60
43
36
34
44
50
61
60
50
70
61
54
50
53
57
50
66
75
64
64
50
46
46
43
36
35
40
36
37
35
42
41
44
52
63
71
55
58
62
60
45
46
54
47
55
73
47
48
50
47
49
53
55
83
97
49
48
107
90
76
119
118
87
113
122
107
103
113
110
95
80
81
103
89
76
82
97
85
69
73
98
78
64
57
63
64
85
74
73
54
44
65
55
51
55
70
73
123
80
56
76
107
73
66
57
99
77
52
52
38
44
35
37
42
38
39
51
56
48
36
38
61
82
82
64
54
44
44
42
43
32
28
26
48
52
43
35
30
29
36
41
86
68
89
58
38
46
80
61
57
58
70
129
184
185
195
142
25
23
24
28
26
27
25
28
27
28
31
25
25
21
21
21
20
23
26
24
20
22
18
19
17
17
16
18
19
15
36
105
63
103
98
103
101
120
107
83
37
31
30
35
45
48
42
45
45
43
43
39
55
69
88
96
92
98
88
64
45
49
56
61
66
84
116
113
84
84
92
112
110
126
103
89
92
77
76
75
77
64
121
115
101
93
94
126
121
120
97
96
104
100
110
100
113
99
99
116
97
87
93
93
76
83
68
59
59
85
113
82
72
78
103
88
94
88
65
71
70
44
56
52
50
58
99
82
56
88
78
62
55
49
53
72
65
51
45
54
78
85
109
97
74
88
63
58
76
82
57
63
60
54
73
103
42
38
49
49
58
46
68
70
68
58
58
55
46
48
51
50
46
51
58
65
50
90
99
56
84
74
62
42
40
69
82
71
58
66
52
58
76
63
64
57
61
62
54
50
42
52
55
44
48
52
53
58
57
61
55
64
65
62
59
55
57
63
62
55
53
58
54
52
46
46
52
51
53
59
60
60
58
54
52
42
44
50
51
62
56
56
54
57
65
60
55
61
53
52
51
59
66
57
61
56
60
59
66
60
37
42
51
57
47
55
61
63
84
66
46
51
55
57
53
71
64
54
66
50
43
36
37
37
41
43
35
40
40
41
40
42
43
60
77
51
65
69
60
43
40
46
48
50
51
33
51
52
37
31
46
35
66
77
42
38
101
67
65
109
78
91
135
88
113
122
159
107
106
93
90
101
92
86
98
90
71
77
83
102
101
66
63
65
70
82
76
92
56
50
67
57
52
43
42
72
99
63
56
56
69
83
74
52
52
53
56
51
43
45
35
30
40
41
40
63
65
52
37
47
81
96
79
55
47
47
51
41
36
35
28
27
45
49
38
27
25
33
39
44
73
63
68
38
54
53
57
53
53
53
79
154
184
205
183
137
23
16
12
11
10
10
10
15
13
23
27
27
27
22
19
21
20
20
21
21
21
20
15
17
17
18
19
20
16
13
50
84
25
83
95
86
105
102
67
90
75
58
51
60
66
58
54
58
69
53
43
48
39
58
66
63
78
103
101
86
53
49
56
62
58
66
112
100
83
102
108
97
110
107
91
80
81
78
77
91
81
63
111
94
87
98
98
125
119
98
89
80
122
151
149
99
138
107
79
93
82
93
89
79
59
70
70
56
55
70
65
40
64
98
101
80
68
85
78
71
64
55
54
61
52
71
116
72
66
69
49
54
53
48
52
45
45
40
44
58
50
62
81
81
71
63
61
62
92
106
57
56
58
46
52
62
50
42
50
54
68
46
96
58
52
56
51
65
50
46
52
55
50
48
45
35
41
85
96
56
51
54
41
42
37
49
89
75
50
64
45
61
78
66
56
51
57
54
56
49
44
53
52
45
54
64
58
56
56
61
52
61
68
67
60
57
52
65
59
53
51
51
44
43
41
39
42
50
49
57
55
53
50
50
49
41
49
48
49
62
53
54
65
59
59
53
54
65
63
56
53
49
44
44
49
55
51
51
59
57
32
42
59
62
52
42
52
56
54
59
47
54
60
46
44
65
58
51
60
59
51
41
41
49
56
55
46
65
59
45
47
41
41
49
67
53
62
71
62
61
38
41
46
47
43
50
51
47
37
24
46
46
66
65
29
40
72
49
65
58
53
104
122
91
133
110
142
106
109
117
103
92
96
95
118
86
101
120
104
89
98
64
56
57
79
81
84
108
69
47
69
60
53
52
41
58
66
66
61
59
73
100
55
49
57
49
51
45
56
42
37
31
33
35
43
82
66
51
39
66
85
80
81
49
46
47
51
59
43
33
26
26
48
43
26
27
27
37
56
50
68
56
35
50
79
66
55
72
63
59
103
191
207
184
172
139
30
21
16
15
16
16
15
16
17
19
21
29
24
23
19
16
19
20
16
14
19
23
20
19
15
16
16
18
22
22
62
74
49
62
81
87
103
66
34
57
70
67
62
66
64
48
53
60
59
62
52
46
43
75
67
51
53
68
96
94
91
58
48
55
56
48
76
85
87
115
101
74
92
80
93
77
73
83
99
114
73
75
86
92
84
100
105
110
105
92
116
109
96
168
140
83
179
110
65
69
63
71
93
64
48
48
54
52
61
58
61
77
105
106
86
87
61
75
97
100
84
84
65
75
67
104
94
62
80
67
49
50
62
60
50
51
50
42
53
66
51
52
77
71
55
104
78
57
70
89
68
65
47
54
62
54
55
49
55
61
62
49
89
80
68
60
40
64
53
46
50
61
60
59
56
40
45
69
65
51
48
43
44
39
41
36
89
61
33
52
54
55
63
60
49
43
48
51
54
45
45
57
47
47
55
60
61
51
50
47
51
73
70
74
67
58
54
56
51
61
50
50
38
40
47
57
50
53
52
53
46
41
45
52
57
56
61
60
62
62
66
63
57
55
55
45
54
69
62
60
50
46
39
39
54
61
44
42
42
49
28
36
56
54
62
42
51
46
47
49
64
54
53
45
50
54
53
60
60
67
64
54
40
46
54
64
71
88
79
77
82
50
58
52
58
61
53
75
82
67
45
54
47
66
75
56
54
45
48
25
32
68
87
49
24
55
55
45
60
51
48
104
100
94
95
47
66
97
81
97
81
94
100
97
104
91
145
146
111
107
101
85
59
56
76
91
111
126
93
61
63
58
50
50
39
40
45
55
54
57
61
76
49
53
59
54
48
51
52
41
49
40
32
35
48
71
64
45
51
79
61
69
72
40
39
48
42
46
44
31
27
24
26
31
25
26
31
42
55
54
60
56
54
66
74
71
47
63
89
104
135
185
197
177
168
129
38
44
45
51
51
58
57
46
54
47
43
40
25
15
18
15
16
11
14
12
16
20
22
23
24
21
14
23
31
36
34
54
77
47
51
87
54
53
61
64
64
76
71
66
69
58
56
34
34
82
59
50
59
87
79
51
50
62
81
64
90
73
67
53
67
69
70
79
70
93
108
66
77
99
95
75
80
84
94
115
87
106
62
87
100
114
119
108
108
104
127
85
44
113
89
85
164
69
76
93
84
70
93
98
112
70
52
56
52
61
85
115
119
87
66
87
76
61
85
112
131
122
75
56
64
73
58
63
93
71
62
54
51
52
50
62
54
60
78
69
55
40
53
44
84
117
80
43
45
40
68
78
63
65
62
50
54
58
49
67
55
43
49
105
96
61
38
60
58
50
44
64
53
52
53
34
50
43
44
42
52
47
55
45
32
23
40
31
26
42
49
61
75
71
39
43
45
47
56
59
40
70
70
76
66
48
63
59
54
47
55
70
57
53
61
53
50
44
52
58
43
46
44
48
60
73
57
47
46
43
40
46
47
54
65
71
75
70
74
66
65
60
52
57
52
48
58
55
60
59
48
56
53
41
54
62
44
36
42
42
34
83
47
35
64
62
50
43
46
47
44
42
46
45
42
43
56
65
60
69
71
71
46
76
88
56
87
80
83
81
82
62
53
49
38
70
62
84
88
64
74
79
72
79
78
74
91
57
52
33
28
55
53
33
29
44
57
48
40
71
70
95
107
92
116
122
83
86
99
101
81
84
88
75
90
146
117
84
104
129
138
106
90
84
85
150
156
126
105
56
58
52
44
45
52
50
53
58
53
51
56
56
54
46
51
51
57
53
38
46
50
47
40
37
45
46
50
45
66
68
53
51
38
44
53
44
42
37
41
38
26
22
15
22
28
19
31
40
40
54
56
40
18
29
38
31
23
20
30
54
154
188
183
176
144
114
101
92
74
65
62
48
38
27
31
22
13
13
17
18
8
4
4
14
13
10
12
15
16
17
19
29
26
71
74
55
53
56
63
81
58
50
48
50
48
72
64
61
56
62
62
70
45
14
24
62
62
49
74
83
59
49
48
66
45
50
83
87
70
64
56
74
57
65
60
62
84
79
107
136
113
105
84
90
96
71
85
44
71
92
113
115
103
101
114
116
107
74
127
110
92
94
100
54
86
148
155
116
78
103
134
87
53
62
61
64
126
117
85
69
68
111
121
74
89
87
142
206
133
90
93
121
111
85
61
63
53
48
59
58
55
46
69
79
97
76
53
58
76
64
104
120
51
50
58
49
65
83
75
74
79
58
51
49
53
54
52
50
54
49
41
61
46
49
51
44
44
50
41
48
43
43
55
56
55
51
41
45
54
43
35
27
31
27
24
29
34
50
48
46
43
39
48
44
56
51
58
69
69
71
57
51
64
62
62
57
50
52
44
46
57
49
54
54
60
59
32
22
50
49
59
64
57
52
45
43
42
46
52
49
49
54
48
56
68
59
67
60
58
57
74
87
57
41
47
38
48
45
53
37
56
76
45
40
46
45
39
159
91
43
44
54
44
45
43
45
45
41
43
43
44
55
52
52
58
61
62
58
55
62
63
85
70
64
70
80
73
89
78
62
45
55
78
92
89
86
88
74
64
67
68
65
79
79
46
31
21
34
49
35
29
67
63
51
49
52
60
82
112
129
111
134
112
106
98
96
94
97
84
67
111
104
61
92
120
166
129
89
82
92
133
130
98
104
96
96
78
48
54
70
67
61
63
55
46
61
60
60
55
49
47
51
53
49
49
47
55
51
52
42
44
53
57
41
75
59
65
59
52
50
57
45
41
32
41
33
25
27
17
23
25
24
41
46
48
47
42
49
63
89
125
161
189
211
233
236
245
225
82
42
43
41
35
22
21
14
11
13
20
23
20
22
34
55
33
19
18
65
45
12
14
11
10
10
19
29
40
49
47
56
57
49
65
80
98
124
89
69
54
60
67
72
60
55
54
47
50
42
18
17
28
65
58
56
73
66
51
39
40
74
68
49
69
117
87
86
64
62
59
46
50
60
76
92
109
106
101
105
100
88
55
82
126
51
87
96
97
107
94
93
102
109
110
90
122
132
91
124
111
79
127
151
89
70
88
75
69
87
142
107
71
78
121
91
71
69
61
134
112
61
71
69
80
89
118
144
125
118
110
104
74
57
55
73
77
53
51
56
65
60
55
51
90
108
72
102
114
81
60
61
55
56
75
85
49
61
69
63
51
63
65
62
47
47
59
59
43
48
39
39
40
56
62
39
41
91
57
43
60
55
47
49
47
43
49
43
37
21
30
27
23
31
46
40
56
46
48
40
48
47
43
43
51
72
82
111
118
69
56
66
60
62
66
57
45
44
48
44
54
55
42
31
24
26
25
26
32
27
27
32
39
45
38
35
35
41
45
44
50
53
64
75
73
58
56
59
79
61
49
38
46
55
41
33
48
39
42
45
45
50
64
57
49
98
75
56
56
49
44
39
40
44
36
37
41
49
52
53
57
50
48
60
63
65
61
62
66
78
76
80
97
89
54
81
77
52
51
53
82
90
85
76
61
74
62
69
74
67
60
57
45
24
22
36
39
43
43
47
41
47
51
48
51
84
125
114
93
96
88
97
85
77
81
82
94
82
113
127
116
91
61
109
130
90
90
89
111
94
122
130
95
100
83
61
53
56
59
59
36
51
83
65
53
54
46
61
52
44
46
43
45
47
52
48
47
37
39
50
51
45
57
41
57
50
45
45
50
40
42
47
45
35
26
25
18
24
25
35
59
54
52
39
91
194
212
217
217
224
212
202
180
136
121
106
45
43
32
24
24
17
12
24
38
44
36
37
35
37
50
69
31
20
16
100
85
7
15
18
29
39
44
42
52
49
44
51
59
60
84
105
94
77
80
77
65
65
66
61
54
36
35
31
34
27
13
12
30
61
65
71
92
76
54
30
43
68
73
64
59
84
82
70
71
61
57
65
71
53
87
92
88
90
99
114
113
81
96
83
90
91
99
105
91
66
93
128
127
73
78
72
91
100
100
112
86
65
87
93
63
78
70
87
76
73
83
125
128
82
104
103
72
86
114
106
130
57
68
60
63
46
97
145
114
74
59
92
110
78
86
140
108
63
60
61
57
57
57
54
66
63
60
81
80
48
55
66
67
63
53
54
47
46
82
85
49
57
64
59
41
65
114
70
45
36
31
42
33
74
75
43
72
76
46
63
56
58
45
54
47
54
49
45
42
38
35
33
31
42
50
45
52
46
38
50
55
48
45
50
50
48
62
95
90
65
60
60
57
60
65
61
50
41
43
51
45
39
30
38
37
52
46
43
42
40
36
39
38
42
32
36
38
38
36
34
47
59
67
81
84
63
39
55
72
37
38
48
47
37
44
37
45
47
44
43
38
44
54
58
101
114
63
42
48
50
48
40
40
42
41
45
41
45
56
51
56
58
61
59
53
52
58
61
62
62
80
85
88
88
72
46
49
45
58
76
68
63
56
51
42
59
54
71
68
55
46
55
43
20
26
35
40
47
37
33
36
48
59
59
43
56
84
77
106
118
98
101
106
71
60
81
81
94
109
136
134
81
70
93
110
103
94
90
89
90
97
103
77
90
74
69
53
59
77
56
78
105
92
62
52
60
71
92
58
43
46
48
58
48
49
56
53
33
39
41
43
41
38
37
43
43
43
39
49
49
40
53
45
35
29
21
16
19
25
45
64
57
48
44
111
150
154
156
137
129
115
96
60
125
145
145
172
159
23
21
20
13
15
47
73
64
56
63
48
46
55
61
20
15
14
94
83
2
16
21
33
46
43
40
46
55
51
42
51
67
78
83
84
70
80
73
62
70
63
70
55
38
32
27
23
16
12
13
33
64
62
75
89
76
40
33
69
61
70
61
57
69
79
58
88
65
51
60
78
65
72
89
68
91
101
106
94
78
86
92
85
88
89
101
130
74
97
140
86
70
89
56
60
85
105
80
62
68
83
85
77
85
87
90
87
79
66
103
113
66
75
90
79
116
111
99
70
53
57
72
71
51
57
80
77
54
53
97
133
79
64
81
74
66
71
76
51
59
60
52
69
86
59
62
89
91
54
61
57
51
52
48
48
61
55
65
49
76
62
42
89
89
99
67
39
70
71
34
42
72
70
57
66
52
56
81
50
51
49
49
47
54
54
46
46
45
45
43
48
53
53
49
47
46
42
48
46
41
54
59
54
56
54
56
59
77
63
57
54
56
63
66
64
53
45
36
27
29
35
40
39
58
52
51
51
45
43
49
43
41
38
41
36
45
60
59
64
71
61
65
62
58
52
61
61
48
42
46
47
45
47
48
44
51
55
59
46
51
47
57
98
111
57
30
43
36
37
39
45
45
45
46
43
44
65
55
63
64
60
60
54
49
57
59
54
64
75
81
77
78
66
49
54
57
73
69
53
49
44
49
46
45
51
64
57
45
38
56
37
26
28
43
55
54
37
27
34
47
63
63
53
45
53
72
116
95
85
104
114
105
88
84
76
66
104
125
100
89
92
83
87
106
93
96
107
103
105
95
72
74
69
68
50
53
71
76
90
87
70
65
65
71
76
77
50
51
51
46
67
61
57
61
55
41
32
37
39
40
37
43
41
43
40
39
45
51
43
50
42
34
26
22
21
27
33
53
47
45
43
37
81
97
75
70
67
58
61
45
59
197
171
194
215
110
13
19
16
11
30
81
99
69
71
87
51
52
68
47
8
9
17
100
68
2
17
18
27
39
36
32
41
46
47
51
70
64
62
78
68
52
62
77
69
75
62
68
55
42
33
20
17
11
11
12
44
72
59
65
61
46
23
43
95
71
78
82
80
70
70
70
81
72
65
48
68
62
65
95
75
74
94
110
99
79
95
89
78
102
88
84
107
75
85
95
74
94
74
56
63
61
83
67
92
95
101
86
87
105
127
86
76
75
88
80
75
58
48
54
104
111
77
69
50
49
52
67
66
48
52
59
58
58
56
93
101
67
49
67
68
68
82
77
53
63
69
72
81
78
53
57
84
85
36
57
72
62
59
61
55
70
78
85
89
114
110
86
128
76
55
50
38
93
146
52
65
73
66
53
47
55
64
86
62
45
50
47
47
54
54
50
46
41
49
51
56
57
52
55
50
45
41
42
49
42
49
56
57
67
55
45
45
62
52
54
58
55
64
66
56
37
29
29
31
35
38
40
44
50
47
52
53
44
48
48
49
41
44
47
43
48
70
65
74
83
67
63
64
57
51
50
50
53
49
44
45
52
47
47
46
51
53
54
52
58
53
56
73
82
59
44
42
33
37
42
50
52
45
40
44
54
69
52
62
62
56
56
50
58
67
51
46
57
69
74
77
71
57
66
70
65
78
55
48
53
61
55
53
52
57
56
59
41
45
56
35
28
36
54
60
46
26
21
30
49
62
63
58
48
53
74
100
79
73
83
99
95
102
89
78
64
98
90
71
78
83
60
65
82
77
113
118
97
87
77
72
69
71
67
54
57
60
77
74
66
61
64
92
78
69
68
50
53
48
41
62
65
60
60
57
48
36
39
40
46
37
45
40
36
40
49
42
46
61
59
47
35
28
24
20
29
48
59
37
41
44
29
39
47
49
54
59
76
67
41
127
212
185
210
179
28
18
17
11
22
69
109
97
75
92
92
55
66
72
31
14
12
29
84
37
8
14
14
21
36
46
35
39
33
38
52
76
63
52
60
53
44
49
67
71
73
60
55
43
49
38
16
12
10
10
13
49
66
55
49
34
25
20
62
99
81
81
96
89
67
64
61
74
86
87
61
65
62
79
97
90
74
95
106
102
89
107
89
86
118
98
81
92
85
81
78
75
99
68
66
68
77
91
70
96
84
107
104
103
121
126
86
66
72
127
74
65
60
39
48
90
74
55
48
49
45
51
57
53
48
53
65
65
74
71
93
75
62
59
61
62
73
88
76
80
91
71
83
86
70
61
60
67
58
52
94
109
93
58
58
72
108
116
105
134
130
126
102
94
108
60
46
51
62
115
67
60
59
63
45
50
60
62
73
66
49
49
44
48
53
55
49
49
46
44
47
57
61
58
52
49
46
41
51
57
45
47
51
50
62
51
45
43
45
46
49
54
53
65
54
38
36
32
29
41
35
29
31
41
36
40
50
52
50
47
46
47
42
45
49
57
49
64
59
69
76
62
64
66
54
50
48
46
50
47
43
47
48
45
52
54
54
54
52
55
62
53
54
60
59
56
52
40
47
51
49
48
55
49
46
59
70
71
50
56
59
56
55
47
53
59
46
46
50
59
65
67
65
54
66
71
68
68
64
54
53
66
55
53
68
70
60
60
48
53
51
36
26
35
58
48
35
27
23
25
48
55
59
52
50
54
59
73
68
71
77
92
69
89
90
82
85
91
67
61
63
61
54
62
60
62
111
92
86
66
62
77
71
67
63
57
59
61
70
68
72
61
62
94
66
64
63
51
50
49
50
55
57
55
53
56
50
46
39
42
52
37
40
38
33
42
50
41
49
68
64
56
34
30
23
16
21
58
55
37
42
55
28
30
31
54
65
73
102
73
58
167
193
203
205
106
10
19
15
13
56
113
116
85
89
115
80
69
87
77
24
20
15
47
66
14
11
11
12
18
26
49
45
54
49
42
47
62
58
55
41
44
45
44
51
57
62
52
39
31
50
43
19
10
11
10
16
43
46
40
32
22
20
28
77
89
82
81
87
76
77
82
63
80
95
94
87
80
73
90
97
96
87
103
100
93
93
101
102
97
100
94
99
98
96
91
78
68
83
102
80
77
106
95
75
71
70
100
89
122
115
102
87
69
81
143
69
70
65
48
53
62
55
54
43
49
48
52
51
49
49
52
75
86
84
94
102
65
61
65
45
50
70
87
73
84
93
62
66
70
71
73
62
60
46
77
122
126
115
58
69
104
127
126
116
144
113
111
85
68
129
74
49
53
36
54
76
58
41
53
50
63
60
62
65
58
53
46
43
52
55
55
49
53
59
53
40
54
64
64
46
47
48
46
66
65
51
66
62
49
46
46
46
43
40
44
46
46
47
61
47
41
54
44
31
33
28
24
25
28
26
35
49
59
54
47
48
43
42
44
43
55
52
61
60
65
56
51
55
52
55
59
56
51
48
43
44
49
39
39
57
68
68
70
57
57
59
51
57
52
48
44
39
42
55
57
51
44
50
53
67
82
81
75
52
51
56
55
60
52
42
38
42
48
55
47
57
50
56
52
58
62
64
63
74
55
47
50
51
60
76
78
77
58
51
48
46
50
23
27
51
40
38
51
43
26
47
51
52
44
49
47
44
50
49
80
98
87
68
75
84
87
96
85
75
62
65
53
63
73
60
55
78
67
84
75
74
77
69
59
56
53
55
61
66
68
72
58
68
70
49
57
51
48
47
54
57
48
49
48
49
52
49
48
39
43
52
44
34
37
38
45
44
51
64
57
55
54
33
27
21
20
23
66
58
44
44
57
33
53
51
53
55
76
86
61
97
181
202
210
167
36
19
12
13
31
98
132
108
85
105
117
75
76
69
61
23
15
18
64
61
13
9
10
12
15
13
37
51
68
67
50
48
56
48
53
41
40
42
37
36
34
43
40
28
27
42
42
24
11
12
10
20
33
30
25
23
20
19
37
75
79
79
80
73
67
92
107
91
87
90
92
102
97
84
85
95
96
91
95
91
86
88
98
101
99
79
79
118
101
87
87
67
64
75
124
95
99
103
84
92
60
79
91
49
111
95
81
76
67
81
108
65
69
67
56
52
58
58
56
45
52
59
55
49
52
49
55
83
99
90
100
103
59
55
54
41
55
67
79
67
58
60
51
50
57
67
70
64
57
45
66
111
121
110
83
110
122
114
123
129
121
72
86
70
81
91
56
47
46
46
46
73
67
39
52
70
68
66
70
63
50
49
50
71
64
59
55
55
56
65
66
40
47
55
60
47
45
45
53
69
69
66
80
69
55
39
47
46
41
41
39
41
40
43
53
46
48
50
35
32
21
23
26
26
19
26
37
51
65
52
53
53
46
46
47
39
47
58
61
67
69
51
49
47
41
58
70
68
60
52
46
45
46
39
38
54
67
71
74
60
57
49
48
56
45
36
30
34
44
47
50
44
43
45
52
78
87
84
74
51
50
47
54
55
56
48
39
35
43
54
41
49
44
43
53
61
60
57
67
54
40
48
48
49
66
68
71
85
65
41
43
56
75
20
30
39
42
43
68
68
43
57
56
54
45
47
53
49
40
53
92
97
64
65
67
78
85
94
76
82
67
67
51
54
78
66
52
65
81
86
88
86
64
63
58
58
55
62
55
52
55
60
67
71
59
50
52
54
50
42
44
45
36
45
43
48
52
50
50
47
48
52
53
34
39
44
50
47
72
74
55
57
37
33
26
22
24
42
77
76
59
55
42
44
70
54
43
48
74
68
60
143
206
209
182
90
11
19
13
14
70
123
124
94
93
116
98
86
58
27
22
21
13
27
76
46
11
10
7
11
12
13
34
52
53
52
58
54
59
44
36
37
35
38
32
19
22
26
34
31
32
35
35
26
14
14
12
22
25
23
22
21
20
22
52
71
70
77
81
75
70
81
104
104
90
85
99
101
97
95
81
86
92
87
72
72
82
90
112
79
114
98
84
110
99
76
67
60
73
81
96
100
107
86
96
110
62
76
79
57
74
81
66
65
56
64
61
73
72
62
54
62
58
52
57
57
51
59
55
56
55
58
58
82
95
92
80
79
64
55
50
50
70
80
76
64
51
50
50
58
77
69
58
68
48
42
39
96
115
101
118
134
109
124
131
136
101
32
53
57
69
61
48
53
53
50
41
44
53
45
71
101
87
84
76
62
48
48
78
124
77
62
60
57
58
62
62
46
43
45
55
45
43
49
66
66
62
75
68
54
52
46
46
39
40
44
38
36
39
42
45
41
32
27
24
26
25
28
30
33
27
31
44
55
56
52
54
55
52
55
54
53
57
62
57
63
62
62
50
48
46
55
79
81
65
63
58
53
54
54
49
55
53
50
50
58
55
41
41
42
43
31
27
33
35
42
43
33
37
48
57
73
81
81
62
52
51
47
53
51
51
46
46
48
47
34
35
37
34
34
55
60
60
60
56
26
35
51
50
45
34
44
61
65
76
52
54
62
51
21
25
32
30
39
75
65
69
69
56
55
53
50
60
53
54
59
75
58
46
59
70
94
80
84
63
74
67
55
36
38
79
63
73
114
105
108
94
79
67
53
45
63
57
54
68
56
64
66
79
59
54
50
52
57
50
39
40
45
48
43
41
41
49
55
58
57
56
54
47
46
47
63
55
50
68
61
60
69
40
26
29
25
22
45
75
77
62
46
34
63
61
49
45
69
68
60
73
164
207
191
137
35
15
15
13
31
110
132
110
79
104
120
86
96
49
94
54
20
14
26
79
32
10
8
15
12
11
14
27
46
38
55
106
60
48
45
33
26
29
36
40
38
38
38
36
40
54
45
31
22
16
17
20
20
16
18
12
16
22
34
84
83
68
81
97
88
77
79
89
95
104
97
96
97
101
104
90
93
76
78
80
74
82
101
112
104
156
99
107
69
72
88
84
43
71
81
80
80
89
81
78
71
68
64
69
84
66
66
84
87
63
72
78
70
74
56
61
71
43
66
70
77
53
45
46
64
70
71
72
84
94
74
57
51
71
73
61
59
74
90
93
45
52
62
67
60
94
90
55
71
63
44
47
85
76
111
102
108
118
128
122
141
107
53
71
62
57
59
64
65
59
60
53
36
42
45
62
128
122
108
72
102
63
60
111
130
78
60
61
57
57
67
68
48
42
52
58
53
53
74
86
77
62
68
63
61
44
42
35
33
36
46
53
51
60
43
46
46
38
46
44
28
29
56
61
54
37
45
43
43
44
49
50
43
48
56
59
68
62
61
53
48
45
52
45
45
48
60
81
80
66
74
76
73
94
86
54
71
77
58
52
56
53
42
42
44
40
28
33
28
26
34
34
32
37
43
58
76
67
54
53
50
52
49
47
55
55
46
46
45
30
32
42
40
38
29
46
48
48
51
37
39
43
39
41
48
54
52
56
43
67
74
52
42
58
19
25
32
26
26
50
69
102
99
64
60
61
65
74
61
36
48
51
44
48
74
85
94
97
98
60
64
67
45
34
26
46
66
119
128
119
99
76
60
63
37
42
64
56
44
80
67
75
64
76
59
57
52
52
58
47
44
45
43
52
38
48
47
57
61
61
63
60
49
48
67
56
49
35
58
62
47
50
42
65
84
53
25
24
43
72
84
58
33
42
64
43
38
33
48
30
37
88
198
206
171
76
14
15
18
13
55
120
135
88
92
125
111
98
62
85
114
74
15
15
25
70
27
13
16
20
22
25
27
33
33
32
50
73
67
39
31
28
21
17
22
22
23
28
18
24
57
93
51
24
27
21
15
16
18
29
44
39
26
15
60
88
72
93
110
81
102
108
107
74
81
112
99
95
113
110
95
130
142
114
92
87
89
86
106
124
115
136
97
105
93
72
101
99
58
59
86
92
103
148
109
66
43
91
82
52
63
71
63
81
79
64
75
76
71
64
60
73
55
58
73
55
58
55
54
66
48
62
74
84
101
88
65
58
71
81
70
52
44
85
93
72
42
43
73
80
88
102
118
67
56
76
90
18
98
54
77
103
96
78
79
65
101
115
112
97
67
48
53
77
74
63
93
98
53
53
43
34
58
126
131
98
77
80
75
81
98
51
84
70
63
65
75
55
54
48
59
62
78
76
69
84
83
58
85
61
44
44
37
30
42
50
48
43
48
58
51
48
52
56
42
54
34
38
51
73
66
74
52
47
43
41
59
47
43
44
57
59
71
74
67
44
42
40
35
46
60
42
38
51
76
76
74
68
61
83
115
75
59
62
69
71
59
35
36
43
54
32
21
25
31
48
39
29
28
42
63
66
76
63
55
43
59
41
44
43
54
61
38
70
51
28
37
45
47
40
43
42
49
48
52
59
53
49
31
46
59
55
50
62
34
42
61
71
55
43
32
29
34
34
55
58
63
70
74
64
71
64
70
74
75
68
66
85
68
101
73
70
87
103
106
82
70
68
38
38
33
71
87
107
104
104
84
81
66
57
53
64
67
59
51
56
54
66
71
86
69
56
57
54
49
48
40
48
43
24
45
53
60
61
61
60
83
62
48
76
61
40
33
41
44
72
47
49
84
104
126
89
68
33
34
78
75
49
37
53
45
53
66
58
35
35
42
84
124
206
153
32
14
17
19
19
93
133
123
79
102
125
98
98
27
106
98
72
14
15
20
28
17
14
9
16
20
25
19
28
26
31
34
27
28
27
26
22
17
18
11
11
8
9
12
34
66
88
49
32
33
17
13
18
30
37
37
32
36
30
76
94
101
113
86
68
93
86
107
92
55
91
99
97
116
97
109
89
112
129
80
72
86
99
88
102
131
105
107
102
124
91
76
83
81
114
114
87
145
116
88
67
53
100
100
68
76
75
66
67
68
73
92
72
51
46
54
67
72
63
59
45
56
88
53
65
59
40
56
81
108
71
65
60
103
56
68
70
46
50
64
52
43
41
66
64
130
139
131
83
61
58
68
32
114
90
85
131
82
56
61
61
66
80
131
109
77
52
44
74
85
80
114
91
45
43
56
89
88
135
114
82
72
80
64
60
99
73
85
90
80
54
68
53
41
28
38
69
58
51
51
74
48
70
71
52
48
43
47
45
46
58
57
48
40
43
55
44
72
70
57
52
68
50
42
46
66
102
51
41
44
39
30
48
44
48
58
59
74
63
53
38
43
38
43
41
54
44
36
37
40
40
37
53
61
83
108
93
78
77
60
55
60
53
49
46
42
36
20
29
44
59
37
44
39
44
54
55
53
53
53
40
42
31
40
35
37
71
76
89
61
35
37
39
46
43
42
34
37
41
53
62
70
73
49
38
51
48
49
61
56
39
56
63
65
45
33
33
32
39
48
51
38
53
63
62
67
62
66
64
62
65
41
52
58
72
41
61
90
95
90
84
73
57
74
100
70
73
85
86
94
91
81
65
90
71
82
68
79
75
65
48
54
69
72
63
68
67
57
39
38
41
36
44
42
50
51
56
63
63
58
60
74
74
80
101
62
69
70
59
46
76
58
68
80
80
80
88
61
61
48
67
64
41
41
52
45
59
75
64
44
34
52
89
40
93
98
12
16
20
16
43
123
132
97
91
116
121
92
71
30
107
85
46
12
17
13
10
13
8
17
17
14
21
22
30
28
27
23
23
26
20
18
17
16
15
12
10
10
11
32
41
57
78
58
36
26
16
26
28
28
22
25
28
16
34
77
106
108
84
85
102
100
110
149
105
96
107
98
76
71
89
97
91
100
92
79
99
98
117
81
108
125
82
60
82
97
95
79
92
90
85
81
107
114
92
90
80
96
109
109
77
104
101
125
88
73
75
110
89
63
66
69
75
76
83
61
46
62
63
53
52
54
77
85
107
111
59
62
45
93
60
68
60
50
45
48
51
46
66
80
83
127
110
92
120
89
91
98
87
125
125
120
155
115
78
79
72
65
69
91
72
87
126
61
43
85
98
78
42
55
45
48
71
107
99
75
74
107
79
87
90
96
103
97
111
83
34
35
38
29
20
32
74
58
58
54
56
90
88
34
29
42
49
48
47
49
54
66
47
54
75
61
48
73
52
62
57
38
54
61
49
55
83
59
44
46
47
43
44
45
39
43
43
54
58
52
37
31
34
44
43
41
34
32
36
46
49
55
58
75
86
128
108
76
71
49
58
66
71
68
60
43
40
21
43
52
64
46
52
45
37
89
79
49
47
44
43
30
33
42
40
53
77
82
76
71
41
41
42
52
47
41
42
39
44
58
51
62
68
62
52
58
42
44
49
52
52
46
44
52
44
25
34
47
56
37
29
31
46
64
48
42
49
64
58
45
39
37
52
52
44
62
82
75
65
77
91
72
65
94
93
94
84
51
82
83
84
79
66
79
75
63
79
93
77
54
53
50
68
59
58
63
77
74
63
36
44
44
45
57
56
44
62
66
62
54
52
63
88
99
81
93
104
88
78
55
64
65
66
46
63
59
48
38
44
46
55
49
41
50
58
44
53
58
62
51
44
51
51
31
27
27
19
12
21
9
79
133
115
89
97
122
112
87
60
66
96
71
25
14
20
25
16
12
19
22
17
20
25
25
27
26
27
24
20
18
16
17
15
19
14
12
10
11
25
36
49
49
67
54
30
21
22
29
23
22
24
24
34
122
61
64
88
83
83
111
98
89
108
123
76
93
83
80
89
82
112
103
113
120
75
83
93
63
92
102
97
106
83
80
93
93
92
99
119
110
69
78
106
109
87
85
89
101
86
77
83
123
105
100
75
74
84
116
66
70
70
86
83
87
79
48
43
37
40
47
52
53
67
76
138
102
61
69
39
43
51
53
45
49
49
52
65
51
54
95
105
117
108
88
106
93
124
131
134
131
101
116
143
111
82
85
60
64
60
60
63
66
98
97
66
71
97
64
51
79
50
39
56
88
84
87
105
109
104
106
128
111
107
95
87
64
34
35
25
23
18
33
47
71
69
64
59
70
48
39
44
54
51
49
55
61
61
65
49
54
70
52
66
71
67
76
58
42
46
61
52
51
54
63
62
56
51
38
45
40
37
42
43
48
48
39
33
32
32
40
44
42
41
38
41
52
68
68
62
68
71
86
87
78
82
62
63
67
69
73
62
62
32
27
60
60
58
52
55
57
58
112
115
71
52
38
40
37
38
51
49
50
71
85
70
58
39
35
47
50
45
44
44
42
42
49
53
52
55
61
65
57
48
43
43
46
61
57
41
47
36
27
40
46
56
60
54
62
51
60
81
103
67
48
57
44
33
43
51
51
57
66
60
72
77
87
75
74
62
91
69
87
83
72
85
81
87
73
68
70
83
67
80
80
65
52
72
60
65
56
56
62
75
86
80
65
61
53
56
80
45
51
69
70
60
51
49
60
82
77
77
83
83
72
66
48
80
77
63
53
80
37
45
60
56
38
50
60
45
49
47
45
51
61
70
83
80
59
28
21
15
30
78
41
18
16
105
125
94
82
109
120
91
84
79
84
84
60
20
10
20
44
32
22
21
18
12
17
21
22
19
19
18
18
14
13
15
16
16
13
13
12
15
23
35
40
44
47
55
39
23
20
25
23
22
24
24
27
25
153
177
74
75
76
97
106
69
104
124
102
83
103
76
92
108
120
123
97
134
144
73
115
120
89
135
97
90
86
90
124
123
94
89
112
109
103
93
99
107
132
98
89
116
105
79
88
87
108
97
63
81
113
125
118
70
62
60
69
83
77
48
45
45
37
44
48
57
58
53
58
86
76
80
67
38
41
49
59
43
46
51
51
61
74
73
82
103
83
73
87
72
97
138
152
125
145
106
121
89
70
81
72
50
58
71
64
60
47
48
63
59
61
105
99
90
78
45
43
62
70
78
87
83
89
109
120
111
96
99
109
66
45
34
30
22
24
23
34
51
62
66
71
55
36
39
47
53
53
51
60
67
62
67
101
46
73
72
79
77
61
86
87
45
55
48
52
59
56
44
59
58
51
51
41
46
45
39
42
45
46
46
38
35
36
40
42
37
44
40
44
44
53
69
64
62
61
65
72
79
78
67
62
59
62
65
72
69
81
34
29
57
53
51
58
50
73
94
120
107
68
62
52
36
40
30
39
41
43
69
65
53
40
27
29
41
45
42
50
43
44
43
45
65
35
42
53
60
57
51
53
44
41
56
53
36
47
30
30
26
30
40
57
76
69
100
114
131
121
112
65
52
64
55
57
52
61
69
54
52
73
82
72
55
67
67
92
76
74
81
87
77
70
74
70
71
80
73
67
71
62
59
62
74
68
74
68
60
75
78
79
84
82
63
44
56
82
53
58
68
71
67
55
57
60
66
71
77
66
61
56
50
85
86
64
50
60
76
28
45
69
56
36
51
63
43
41
39
49
51
62
70
80
87
55
19
18
9
54
105
84
54
49
120
111
82
84
112
107
80
88
94
90
84
53
22
13
19
45
53
35
21
15
11
16
17
17
15
19
15
15
14
17
18
14
13
9
9
13
21
32
40
35
37
45
44
32
23
22
27
26
21
20
23
23
50
176
228
152
87
66
75
83
67
103
110
88
90
106
73
91
110
148
123
75
100
123
73
111
156
120
121
90
93
92
107
135
144
109
102
109
118
105
114
106
115
133
105
81
104
133
79
98
96
98
96
74
82
102
123
101
79
65
56
61
74
75
53
48
44
42
47
50
57
55
50
58
52
66
73
49
39
41
45
56
46
42
46
47
53
80
96
69
90
81
69
92
69
124
155
145
128
136
109
105
81
94
78
49
47
59
63
65
57
42
35
50
62
102
128
111
104
88
53
60
75
73
81
90
77
91
113
105
86
82
91
100
62
38
35
28
25
26
24
48
75
69
71
68
41
22
28
55
52
47
52
72
63
58
59
122
51
77
63
99
71
51
65
67
43
54
56
55
57
51
45
50
50
45
46
47
45
49
45
47
48
42
44
39
37
36
42
45
40
44
42
48
47
49
65
60
57
65
58
76
92
74
52
54
59
65
64
73
80
75
39
25
45
52
61
66
52
95
112
115
60
50
74
81
51
46
70
70
43
35
56
40
44
39
32
36
41
47
42
53
42
47
48
52
69
36
42
46
52
52
49
64
52
40
46
48
40
48
32
37
70
71
64
88
129
59
141
146
126
96
120
87
51
67
72
77
60
54
57
40
46
56
66
86
70
76
84
96
89
80
76
78
77
61
63
75
70
65
57
68
58
52
59
65
65
67
80
69
60
73
78
65
68
70
50
40
49
62
61
71
76
71
68
58
72
57
60
77
85
63
59
59
58
91
75
58
38
46
59
31
36
46
34
37
48
52
44
41
43
51
56
62
67
64
68
50
16
16
3
62
91
96
89
82
111
99
81
97
110
90
80
95
91
69
72
53
23
23
28
33
63
56
35
15
10
18
16
16
13
19
16
18
17
18
16
12
10
8
9
15
28
36
39
34
34
38
34
33
22
26
34
34
20
15
25
20
57
200
220
215
110
59
53
66
82
104
91
81
81
99
73
81
114
137
108
78
74
100
107
100
126
90
100
93
90
103
108
103
137
126
115
86
137
112
95
99
115
124
98
79
84
123
76
99
109
91
91
89
84
77
82
76
69
69
57
62
65
77
59
52
41
44
39
44
53
58
55
55
46
60
52
44
64
48
34
37
36
33
35
41
52
84
97
66
74
101
97
100
96
141
141
134
128
101
90
92
106
120
70
56
50
59
54
72
57
48
52
52
71
126
114
112
105
96
85
78
83
69
80
92
85
103
104
101
96
89
89
85
67
39
37
32
28
25
23
52
77
76
72
50
31
32
42
63
53
51
49
84
64
58
59
93
57
65
72
79
64
51
49
58
70
58
54
54
51
44
45
46
43
39
39
40
40
47
44
46
48
41
43
36
36
37
41
45
49
52
44
53
65
58
57
60
55
62
55
74
91
68
61
53
61
73
63
66
69
56
47
35
47
62
70
64
59
97
107
98
39
45
77
103
67
68
129
120
56
29
46
36
47
44
47
41
46
44
38
48
38
44
47
54
59
50
52
42
49
44
45
53
57
53
48
57
73
70
67
53
132
154
148
175
192
81
119
117
101
101
106
93
70
77
70
84
63
44
58
51
42
42
55
113
94
100
93
90
88
95
69
65
82
62
59
69
65
50
69
77
53
52
54
55
60
69
77
62
51
59
77
63
59
48
51
53
50
44
52
74
80
68
60
62
79
52
62
70
80
60
59
67
73
51
78
74
36
29
44
46
29
24
20
34
39
44
50
47
45
50
58
66
67
71
52
70
48
24
5
48
77
84
90
95
87
94
82
109
104
79
85
100
81
42
51
50
20
31
36
24
54
63
48
26
14
20
14
15
12
15
18
22
19
16
14
12
11
9
13
23
36
36
35
37
31
29
30
44
28
26
35
35
25
21
30
25
29
140
213
224
128
64
66
57
70
95
79
68
80
91
75
74
110
104
112
105
86
97
130
106
69
72
138
93
91
102
119
90
122
124
114
74
124
106
77
99
108
130
92
99
89
87
91
95
93
80
78
81
85
80
61
60
55
63
54
56
64
79
48
58
39
45
33
39
54
63
54
43
44
54
46
48
77
64
41
35
32
29
31
36
46
71
75
62
60
84
113
105
118
127
103
141
119
88
70
104
114
91
89
89
53
51
57
76
55
55
64
49
60
97
72
94
101
83
99
84
89
72
85
89
88
102
86
107
108
99
83
78
73
42
37
32
28
24
23
43
65
62
55
29
24
62
78
76
90
62
46
86
72
58
73
61
57
64
84
49
57
57
62
67
93
68
46
45
49
43
43
44
37
37
34
34
42
48
44
46
46
42
44
39
35
39
48
45
53
67
61
67
84
75
53
57
57
57
62
68
70
68
78
56
57
76
59
52
50
46
62
57
59
63
52
51
62
77
94
79
64
46
64
95
68
89
117
107
68
47
59
54
44
43
44
35
36
31
35
41
33
35
39
48
45
46
53
38
43
35
42
48
69
79
59
65
121
94
111
66
97
175
193
202
180
121
84
104
124
124
126
108
105
115
66
76
65
69
86
80
65
55
57
88
79
103
89
83
87
93
65
57
73
59
48
48
64
81
99
83
66
58
48
44
60
81
83
67
43
61
78
68
69
36
70
64
62
57
55
63
68
61
52
63
63
51
65
52
48
59
54
58
63
44
87
70
38
21
33
73
25
24
21
27
32
49
54
47
45
49
54
60
59
75
61
108
106
50
14
24
72
80
86
91
78
93
82
110
90
74
94
100
78
56
59
40
14
28
34
26
39
43
49
44
33
25
16
21
18
17
22
27
22
18
19
15
11
14
20
34
40
35
32
32
29
26
37
61
40
17
21
28
35
38
35
29
23
19
179
226
154
72
84
50
44
54
62
55
90
82
67
62
82
107
146
108
96
86
89
102
75
119
154
78
101
94
139
119
110
103
110
100
103
98
108
107
107
121
95
110
96
88
108
80
59
82
72
71
75
80
70
57
57
59
50
50
63
76
55
57
37
44
34
46
59
51
43
42
54
58
50
41
44
64
68
64
59
43
42
38
33
33
48
51
45
35
87
83
92
86
80
123
111
103
61
98
88
55
113
91
47
43
54
53
45
49
52
68
44
65
63
38
67
67
77
76
83
95
97
84
87
88
87
89
86
77
55
67
67
40
34
32
29
24
22
55
75
40
32
27
26
91
93
99
142
83
73
78
73
62
99
63
60
68
62
52
52
63
63
60
73
65
46
43
49
41
42
39
34
38
37
44
58
55
55
55
50
45
45
50
40
37
61
46
54
68
87
76
73
74
62
51
56
63
66
62
54
68
77
56
57
80
56
47
53
42
60
49
50
50
37
49
76
88
70
64
62
48
56
60
94
94
81
95
97
96
55
71
49
48
35
35
25
28
38
33
33
33
41
47
43
39
41
31
29
24
63
114
132
110
54
72
139
54
73
58
59
126
101
97
113
103
115
126
122
117
125
124
120
96
70
87
92
91
85
74
81
72
64
75
63
95
108
94
89
73
52
58
76
58
37
53
71
92
90
90
83
62
44
54
63
83
97
72
45
59
50
53
50
37
67
62
77
96
91
92
84
59
47
46
47
63
71
48
53
84
62
41
43
57
57
35
35
19
55
84
27
29
22
21
34
60
60
42
63
54
80
60
52
73
104
110
96
47
32
30
57
62
88
81
82
85
88
105
76
82
97
92
83
90
88
38
17
29
43
46
42
40
58
48
44
35
37
51
37
22
26
28
24
22
20
14
9
15
34
39
36
36
30
24
33
32
41
56
39
19
16
21
45
59
41
26
25
7
92
184
202
83
76
53
58
54
78
89
81
70
64
63
71
143
122
77
114
83
84
93
93
104
74
56
84
83
78
104
70
85
113
118
131
96
143
111
113
64
78
84
80
83
56
74
85
85
67
57
81
69
64
68
63
60
52
43
44
42
64
43
39
47
47
54
52
44
44
51
57
48
41
42
37
62
59
77
73
53
44
44
51
52
51
45
30
30
22
23
22
25
35
37
43
58
42
33
34
35
27
34
33
32
46
43
34
31
31
86
54
55
70
33
32
79
76
66
50
74
78
76
69
72
96
87
85
43
35
79
52
36
34
37
29
27
19
81
91
24
22
48
69
80
112
122
110
117
133
99
84
90
148
52
77
61
60
71
70
76
52
53
43
50
45
44
42
42
48
46
30
35
41
47
61
56
54
55
59
56
48
50
47
38
54
49
51
51
66
50
45
60
66
56
55
60
51
51
51
52
53
51
68
89
55
48
52
44
47
45
42
34
24
38
87
83
75
48
44
68
61
38
65
121
84
105
93
95
52
52
33
39
30
36
33
25
33
31
36
39
28
27
34
37
29
30
31
94
111
126
172
124
58
90
110
53
50
46
153
132
48
39
49
81
78
93
118
108
114
115
134
115
81
116
152
89
79
77
83
92
92
59
50
89
107
75
75
76
49
59
74
72
48
53
66
81
97
91
88
63
83
87
63
80
77
68
54
38
38
36
43
38
50
66
77
88
70
130
117
70
103
72
53
74
79
65
76
118
125
88
38
53
46
33
30
11
101
102
21
38
26
37
46
70
55
45
96
82
157
139
127
215
109
83
74
25
39
28
26
37
67
78
67
72
99
93
73
98
105
79
81
73
67
27
22
44
71
62
42
43
58
70
47
34
54
85
56
20
28
25
22
23
18
15
13
30
36
36
38
37
33
29
26
35
45
58
127
36
23
24
40
47
34
28
23
29
24
41
187
106
57
66
57
79
76
71
89
89
96
70
64
73
61
85
127
75
91
88
80
55
39
99
116
129
111
85
68
110
109
84
94
90
107
114
119
75
88
84
76
98
60
58
63
76
56
49
85
73
66
65
66
50
38
46
61
64
53
42
43
55
64
55
51
56
51
51
46
47
48
41
36
30
42
38
24
28
39
56
104
106
84
124
97
81
59
92
88
61
30
57
27
14
22
15
21
24
29
28
25
15
13
27
51
59
22
56
79
35
34
56
61
96
77
104
98
95
121
121
106
108
138
138
154
142
152
165
136
60
31
31
30
29
21
50
63
21
26
76
125
61
149
117
95
97
96
121
101
118
127
89
109
97
88
84
66
67
61
51
47
46
49
49
45
46
38
69
56
40
32
47
41
84
53
55
49
51
60
56
52
50
54
57
62
68
60
46
54
63
52
51
55
60
54
56
50
55
54
45
41
79
60
47
51
53
43
30
25
31
70
60
36
61
59
83
114
76
57
51
79
68
72
70
104
82
31
29
32
29
33
30
23
23
29
30
50
70
62
27
39
32
13
31
57
122
122
94
83
185
183
100
57
56
109
200
137
73
58
51
63
49
57
62
96
98
114
113
130
117
64
80
118
105
81
78
89
88
88
90
76
122
111
84
90
71
66
71
62
57
51
64
82
83
79
78
70
113
158
94
49
79
61
67
73
41
39
40
50
59
64
58
75
80
59
60
63
104
148
91
73
65
54
73
109
27
96
108
70
52
47
31
31
12
118
132
29
37
30
43
41
60
53
112
115
99
131
131
151
110
46
58
17
45
117
120
76
40
36
44
59
56
47
70
81
98
82
76
78
71
55
14
22
45
45
61
60
57
61
64
59
43
54
66
81
22
25
33
22
24
21
16
26
37
41
37
38
35
30
23
33
38
33
58
103
38
29
43
39
27
30
23
24
23
44
23
113
136
38
73
53
70
76
76
89
89
90
78
50
46
69
103
134
97
120
94
59
57
71
67
82
102
86
94
98
95
97
90
116
87
49
76
83
109
62
65
71
58
69
54
54
66
58
62
90
91
103
98
58
36
45
62
70
64
63
47
46
54
45
76
72
53
47
39
42
41
29
24
38
58
81
64
35
51
84
87
87
75
92
85
64
57
92
105
76
69
52
73
55
44
41
26
35
39
42
31
49
117
129
21
26
45
34
44
55
73
84
102
74
109
103
185
201
205
187
164
177
133
150
164
135
135
145
118
123
59
36
33
26
31
25
18
25
19
94
151
149
95
146
136
148
126
139
136
78
29
13
7
8
20
14
19
43
57
59
52
46
51
57
44
42
46
42
46
46
45
46
44
58
62
103
61
29
45
68
58
57
47
55
71
69
65
65
81
86
61
43
53
56
60
57
60
57
64
72
69
39
65
62
52
56
64
46
20
25
58
98
79
76
71
87
86
69
75
106
111
95
68
61
62
77
50
35
67
68
32
25
29
18
23
46
66
82
62
60
44
59
47
57
168
151
39
111
168
104
204
123
135
109
108
177
162
77
71
90
55
47
45
54
63
80
119
135
126
131
128
82
76
82
78
72
140
100
77
93
113
113
96
74
74
83
66
64
61
52
48
57
64
89
68
59
83
152
169
122
61
70
76
44
44
44
64
54
55
68
53
66
77
72
128
72
86
61
85
96
67
92
63
65
111
84
91
80
74
72
38
44
35
34
13
117
98
32
33
30
28
56
61
128
155
105
145
130
153
74
29
51
86
133
191
193
170
133
65
38
37
35
31
10
22
82
100
73
76
70
74
32
23
39
46
38
45
67
57
49
55
59
40
51
63
55
28
18
21
24
24
19
21
32
36
37
38
37
33
28
31
34
36
35
34
54
44
31
42
33
21
23
23
27
23
36
27
106
181
35
57
68
70
74
69
88
97
82
86
84
65
81
132
143
85
108
91
77
90
65
31
49
69
79
90
61
54
133
152
127
41
50
77
91
101
55
61
74
60
55
53
57
49
47
36
50
60
59
63
53
61
59
60
62
75
75
56
56
55
61
68
94
63
54
55
54
76
78
109
142
122
87
97
143
168
144
153
154
154
209
73
44
67
89
88
51
57
47
40
37
55
35
30
47
42
44
93
121
178
104
14
13
20
22
32
36
34
27
16
23
23
18
30
30
34
45
93
124
134
177
179
141
134
128
127
142
48
35
28
32
25
25
28
14
87
143
133
129
113
129
147
143
93
44
20
18
47
80
67
71
48
65
76
44
53
54
58
40
52
45
62
66
51
46
57
65
62
59
60
50
86
151
60
32
41
43
50
43
48
50
63
59
68
90
99
79
50
52
49
55
57
52
76
85
61
72
86
79
55
65
64
68
84
59
32
39
49
74
102
98
85
112
102
48
63
112
106
61
60
74
70
68
62
83
84
61
41
29
22
20
27
51
65
45
40
44
28
36
86
173
191
143
87
111
156
158
205
78
125
166
107
91
105
93
101
126
79
53
47
47
56
58
129
147
142
138
140
118
121
113
95
68
123
111
98
96
120
102
72
67
75
92
81
72
62
48
60
69
93
97
96
82
103
143
161
90
60
68
67
36
47
51
81
91
67
50
60
74
55
65
132
127
84
80
93
68
75
72
69
80
88
70
87
81
86
61
36
35
35
32
19
80
94
28
33
24
33
64
74
125
152
115
134
165
157
32
28
169
197
203
201
184
168
145
132
77
35
30
23
17
10
31
56
79
73
68
64
25
54
50
60
48
48
53
58
49
56
55
42
51
54
42
28
19
17
24
30
24
29
37
38
37
41
36
33
31
37
34
35
31
36
44
40
31
41
44
25
19
25
28
23
34
28
73
207
64
50
72
65
69
68
83
85
82
80
71
71
78
94
78
89
90
95
87
77
58
116
110
88
88
103
123
101
106
122
101
84
109
90
126
95
51
70
66
59
50
49
56
46
51
65
50
44
57
59
69
66
68
62
58
60
57
58
64
59
63
59
78
70
65
63
42
75
100
132
186
121
127
76
125
188
132
149
132
90
90
76
68
65
70
59
50
50
48
40
68
34
44
65
38
54
100
92
114
137
34
71
39
28
28
18
29
30
31
64
25
24
46
33
30
40
12
19
27
39
98
139
164
178
152
151
154
47
36
32
30
25
27
18
38
143
133
132
133
144
152
115
59
23
20
79
116
138
126
114
136
153
139
81
73
49
64
73
59
55
80
78
83
88
66
56
67
73
78
65
56
75
75
47
42
35
45
51
47
48
52
48
41
40
101
98
62
44
70
66
63
61
59
60
78
67
69
81
74
49
65
67
66
74
60
53
38
59
86
100
112
100
101
82
49
56
94
118
78
42
71
63
68
119
94
106
72
54
34
41
22
31
34
34
33
37
33
68
89
67
167
152
85
110
158
107
154
190
136
169
145
85
63
77
83
114
134
111
114
76
68
67
75
142
145
146
106
139
149
112
107
97
78
98
114
118
102
106
85
57
71
85
84
80
82
67
58
70
66
108
99
94
81
85
99
117
86
65
49
49
81
93
44
59
76
69
54
135
112
53
107
147
110
93
97
80
70
70
94
84
69
72
66
72
68
69
91
42
34
28
31
13
96
111
24
31
21
29
48
63
75
107
86
149
194
86
42
147
144
212
193
179
180
160
133
151
94
30
30
23
16
13
13
19
45
63
61
39
30
59
50
63
51
54
50
51
48
50
56
40
50
57
42
26
19
20
27
40
24
37
39
39
38
39
34
30
34
41
35
37
29
38
45
39
37
36
45
32
26
27
28
24
31
31
33
157
154
47
66
61
69
70
69
71
70
73
66
70
73
71
68
90
73
82
83
73
48
164
120
99
93
106
148
127
116
86
111
109
144
98
95
109
72
70
64
64
50
44
48
43
47
67
59
55
63
59
73
61
60
62
53
56
66
64
61
53
61
68
65
69
63
56
63
153
120
177
157
99
140
118
95
78
145
164
82
60
58
61
66
59
47
49
40
40
53
33
69
66
51
93
87
29
96
64
45
50
33
57
35
39
131
104
116
140
123
155
113
125
89
41
39
109
118
93
69
20
26
44
67
101
147
176
135
38
35
34
29
27
20
37
146
143
146
150
139
108
80
38
30
62
94
130
136
140
129
142
113
125
104
53
57
48
75
85
76
54
78
80
80
84
78
65
66
75
73
72
65
74
54
44
57
46
42
44
52
50
48
52
49
44
65
68
57
46
70
71
59
59
48
48
53
62
64
75
73
60
55
56
62
63
63
68
58
74
93
91
93
79
86
71
66
51
64
90
101
101
100
85
79
104
97
98
87
72
66
71
33
34
29
19
20
33
51
127
101
50
147
171
142
122
102
68
146
187
171
148
101
75
83
66
80
131
129
128
136
118
109
93
68
95
116
114
100
124
126
92
94
96
108
95
97
102
108
106
84
57
77
97
95
69
74
63
65
91
93
87
91
77
59
59
63
77
74
57
55
55
119
86
33
50
53
49
70
140
108
95
120
123
89
115
82
68
87
76
102
68
71
76
54
67
52
66
122
63
33
31
35
17
112
118
23
28
23
25
34
47
96
64
74
197
126
33
84
189
68
187
193
175
183
148
131
139
82
112
51
19
18
16
7
11
16
34
40
18
21
34
46
69
64
50
48
50
51
51
58
42
53
54
40
23
20
25
31
43
30
40
38
37
39
36
32
27
36
44
29
39
28
35
48
39
47
29
38
31
30
30
28
26
29
32
23
78
218
75
54
62
69
67
64
84
79
68
67
65
63
61
73
63
52
66
71
75
49
177
131
122
131
140
163
150
103
86
113
75
153
105
103
146
101
71
71
65
48
43
42
43
41
52
54
66
59
65
65
74
62
58
58
54
66
63
65
95
59
81
64
60
64
57
98
133
115
179
153
63
149
133
61
40
115
189
91
49
68
64
61
53
48
45
39
34
35
31
155
103
44
94
108
18
49
39
44
39
45
57
70
105
124
94
132
184
154
171
160
165
68
39
29
112
178
165
156
118
90
44
14
25
66
97
69
32
33
35
29
28
19
48
193
126
108
98
72
37
29
39
72
105
128
130
117
111
107
108
65
60
51
40
42
49
59
56
61
46
60
72
72
71
70
74
76
84
86
68
62
74
60
45
59
53
43
52
52
47
61
61
58
56
51
55
58
45
50
54
51
49
41
49
51
57
54
57
65
51
51
51
63
66
64
60
72
80
82
73
70
81
89
74
72
56
60
66
97
117
109
104
91
77
95
79
90
85
84
84
71
49
35
20
36
98
123
109
74
61
108
182
187
158
89
104
153
164
133
111
97
93
94
52
87
134
123
133
127
135
132
108
69
89
107
102
113
106
88
111
94
91
105
108
95
85
99
98
100
77
86
98
96
60
71
100
107
130
127
109
108
64
48
48
48
60
93
70
60
70
100
48
41
63
72
58
81
86
116
135
122
99
90
107
67
69
102
99
63
54
83
62
73
59
61
96
144
105
31
39
37
24
96
108
25
28
24
20
44
79
139
59
112
140
43
42
86
106
30
126
202
178
174
151
124
124
119
166
45
15
17
15
10
12
9
13
18
10
12
24
58
70
69
50
49
58
51
50
54
43
51
43
32
22
25
30
31
45
37
39
38
36
39
36
34
26
39
42
30
38
29
32
50
32
53
30
32
27
27
31
30
29
30
32
29
32
185
161
96
83
65
70
75
94
84
68
71
65
54
54
64
55
44
50
61
75
54
177
138
144
163
171
170
128
86
135
103
53
153
132
150
178
111
77
91
84
45
43
43
46
40
43
43
76
96
75
53
93
70
51
63
66
57
60
83
129
65
83
62
50
66
71
108
69
74
126
163
55
148
133
85
45
68
168
95
50
67
66
63
79
50
45
40
32
45
36
208
118
57
85
102
23
26
24
66
60
51
80
130
149
58
31
105
175
137
163
135
111
57
102
94
134
168
172
175
171
170
131
79
39
13
31
30
36
33
33
33
28
23
36
114
69
38
29
22
48
83
111
114
112
138
103
74
81
132
77
43
42
34
35
40
52
59
58
49
43
55
65
73
82
66
68
73
86
93
62
62
72
57
43
52
46
51
61
50
53
67
64
59
60
56
52
56
45
35
41
41
43
43
51
61
59
49
47
53
53
56
66
74
68
61
51
71
82
74
61
67
103
99
89
71
64
74
70
83
72
90
90
75
91
91
78
82
82
89
84
95
56
40
63
117
180
182
102
113
78
98
172
172
189
168
166
144
114
96
112
120
111
78
53
94
104
109
131
124
130
132
118
106
125
116
118
114
93
84
128
98
89
94
112
96
82
90
88
102
89
92
85
77
65
102
147
150
146
129
148
121
67
69
50
54
80
117
96
69
74
63
37
57
88
126
103
71
54
131
131
129
89
85
78
80
82
96
95
29
54
97
69
126
66
106
128
150
142
35
39
32
27
62
101
26
28
23
18
63
124
113
77
128
46
33
61
47
32
28
47
150
168
162
171
127
149
162
102
20
15
14
15
17
10
12
11
11
11
18
33
62
60
64
53
50
61
50
47
58
41
43
34
27
23
29
33
27
48
36
38
40
35
38
38
37
28
38
35
36
37
30
32
51
26
53
39
24
28
22
30
32
32
30
30
32
25
87
200
128
93
60
68
83
85
75
70
69
65
57
61
56
67
53
44
57
69
44
173
139
153
166
155
159
93
113
147
87
66
156
160
176
185
81
82
117
119
49
46
51
50
44
39
47
116
130
79
62
80
65
45
68
86
64
101
117
110
82
71
69
65
73
68
98
60
56
81
129
106
134
123
121
53
53
100
67
70
89
70
61
101
40
38
38
31
59
39
130
102
72
66
66
39
92
67
75
50
53
92
150
114
43
59
120
170
137
185
107
56
114
179
182
177
155
160
155
151
174
179
157
124
64
30
37
41
36
33
35
26
26
27
25
24
42
59
76
117
154
156
130
117
149
63
35
52
130
73
42
45
39
45
86
52
63
80
54
48
61
67
77
86
73
63
61
78
79
63
68
63
59
56
37
41
56
56
49
58
55
58
61
56
51
49
51
48
41
46
35
40
40
45
57
55
54
53
52
76
64
80
76
65
61
63
72
72
68
65
64
88
99
98
72
63
70
71
80
72
88
67
53
90
86
73
65
75
105
86
69
48
80
153
195
180
176
181
198
119
166
190
187
187
187
149
97
74
96
112
121
92
65
88
91
69
85
125
127
128
126
120
126
115
114
119
98
90
106
100
99
103
107
109
82
79
105
101
80
85
95
85
79
87
146
142
142
120
114
124
90
94
115
65
72
118
104
109
95
68
60
47
54
99
137
116
49
55
87
93
115
78
68
67
100
102
72
59
48
65
104
122
159
108
145
134
137
155
46
34
29
27
37
86
27
29
24
23
59
105
48
87
91
66
60
44
23
41
32
16
46
135
168
180
163
183
107
13
17
15
16
14
16
13
14
12
10
15
27
36
48
55
65
53
45
52
56
54
74
43
35
29
29
27
31
33
28
48
36
37
40
35
37
38
35
31
34
28
36
37
31
32
48
31
46
50
17
31
24
30
33
33
29
29
31
31
22
122
92
65
60
54
73
73
69
73
63
60
67
78
60
64
56
51
56
62
26
173
149
158
166
122
150
122
160
113
67
81
161
163
170
177
49
106
131
152
57
48
58
51
42
55
60
139
101
95
97
51
69
74
79
77
111
180
151
92
84
53
77
93
78
51
106
75
101
101
86
163
117
86
85
83
52
48
61
81
109
80
46
72
43
43
41
30
34
44
44
71
56
54
23
60
168
128
101
44
46
79
105
58
61
156
162
161
158
196
108
80
166
146
173
171
156
164
162
150
160
154
163
184
160
43
34
38
36
34
32
25
29
32
26
72
127
153
156
133
149
143
142
128
142
50
55
69
66
52
44
44
60
88
136
49
44
57
53
54
69
72
73
59
75
69
62
72
65
61
64
54
88
74
32
62
51
48
50
48
51
49
59
43
44
52
50
48
51
56
47
35
38
38
43
46
57
63
67
85
68
67
56
70
69
69
65
43
41
56
49
61
85
63
58
68
63
75
83
91
82
67
88
59
60
39
46
92
93
73
56
94
178
195
172
170
176
180
184
195
190
184
181
171
124
73
49
60
59
114
116
85
88
111
58
60
71
127
133
133
109
80
85
106
129
105
82
99
120
86
115
110
81
126
96
87
130
117
92
103
104
116
125
121
155
144
137
112
132
106
80
123
148
89
79
111
113
125
81
59
70
44
37
61
60
62
42
34
32
64
102
106
79
84
114
120
83
73
87
102
71
123
144
145
131
129
138
159
72
33
34
27
27
39
38
28
26
25
40
53
49
93
105
90
54
23
16
25
29
28
6
79
180
174
174
109
18
18
12
18
19
14
16
13
15
13
21
19
28
54
61
65
66
59
53
48
52
59
74
44
28
25
32
31
35
30
35
37
57
41
39
37
38
36
33
34
30
31
39
38
33
35
33
35
31
59
26
24
31
29
31
30
36
35
32
35
29
60
108
47
83
49
55
58
58
82
66
59
65
74
64
57
49
48
59
64
23
179
151
159
171
133
158
166
164
170
74
118
167
157
168
172
101
175
133
191
82
55
63
47
32
104
65
60
82
136
111
81
125
154
84
51
179
189
144
114
62
52
59
77
79
99
132
56
140
162
107
119
86
71
51
65
43
47
68
49
54
76
35
37
75
92
46
37
58
75
81
84
52
98
72
49
99
80
103
74
39
40
48
60
87
182
163
135
155
130
87
146
139
48
116
181
157
163
160
154
166
159
155
150
199
106
15
34
28
25
31
29
29
22
60
149
157
145
135
115
138
139
140
121
144
124
109
148
118
40
53
80
97
117
68
50
47
42
47
61
74
65
67
54
63
58
58
60
55
53
58
72
123
62
68
95
54
58
51
52
56
48
42
29
49
45
50
52
49
63
68
43
49
38
38
47
47
75
78
68
60
45
50
74
63
59
63
53
55
47
52
61
60
69
93
80
68
72
95
93
58
85
94
70
38
29
51
92
45
38
126
203
180
167
174
177
173
173
169
174
184
189
158
101
83
97
87
54
53
200
187
194
117
80
69
67
92
123
126
151
84
80
68
110
107
76
80
99
147
130
136
106
101
104
91
114
128
132
116
118
97
103
145
150
151
149
120
128
153
147
132
103
146
67
54
75
120
73
52
66
96
55
36
72
61
33
29
30
39
77
122
145
133
175
165
147
166
100
80
78
53
127
144
139
129
139
148
151
120
37
36
29
26
33
43
30
25
23
49
86
72
106
119
64
27
19
12
10
12
18
10
16
166
205
127
25
18
16
15
19
16
15
20
15
16
22
95
21
30
63
91
87
72
42
52
47
41
43
59
43
30
27
38
31
33
31
42
23
70
60
40
43
35
35
35
31
26
33
38
42
32
33
28
35
26
44
40
21
29
29
30
33
36
33
35
33
42
45
138
76
135
46
66
74
76
65
61
64
63
67
65
59
52
45
52
56
15
176
161
158
170
145
165
156
154
179
126
170
174
154
164
158
175
176
160
194
161
134
117
45
40
70
70
110
73
65
108
167
181
160
121
170
168
137
105
54
141
143
59
73
161
226
83
38
93
156
20
40
52
47
57
37
57
73
43
46
160
173
87
45
125
99
28
96
165
103
85
158
80
97
94
25
136
130
38
49
43
23
91
129
179
179
85
20
33
17
55
124
141
35
82
185
153
162
155
156
171
158
159
160
167
163
19
33
34
24
24
29
23
23
171
139
133
140
134
129
140
138
141
127
153
146
106
108
147
107
51
88
34
53
123
56
48
43
54
56
47
51
56
59
46
49
56
58
55
61
101
100
85
146
106
71
122
103
72
49
37
45
34
34
37
39
44
52
47
50
51
48
52
39
39
39
46
64
45
46
45
47
53
54
63
61
44
56
59
50
63
91
65
69
121
112
92
69
84
67
50
62
60
54
41
33
28
13
75
116
143
171
159
168
172
177
186
190
199
202
182
134
83
93
126
131
120
114
144
187
172
156
67
128
139
54
102
79
33
147
74
130
119
110
120
85
67
75
228
233
232
213
225
182
165
234
240
175
56
85
111
123
157
138
136
128
102
103
48
69
136
110
80
50
37
59
75
61
51
72
58
40
51
42
83
35
98
114
61
147
130
147
159
125
50
116
87
56
88
99
127
141
143
149
128
136
142
139
146
40
32
36
32
32
49
33
24
28
39
78
91
112
103
46
30
26
14
11
12
18
20
5
53
181
49
12
17
16
16
17
17
17
19
20
14
25
78
9
21
36
104
90
106
52
54
47
40
50
39
38
28
31
32
38
31
34
40
37
46
86
49
34
37
35
27
33
27
30
38
37
30
29
27
32
26
21
60
28
23
29
26
29
37
36
39
40
42
30
121
109
130
130
144
86
39
47
65
58
49
58
60
48
55
48
51
53
18
174
155
159
161
141
170
170
159
159
173
159
162
155
169
159
155
171
159
69
206
195
177
49
37
27
93
79
46
43
89
181
166
134
182
171
148
80
67
112
202
104
54
63
139
205
110
42
72
54
87
60
52
43
50
39
52
51
54
71
112
108
68
33
26
137
64
62
76
16
35
68
49
37
61
66
126
144
49
21
128
124
77
170
124
129
134
120
182
128
36
69
168
112
176
168
151
159
163
152
163
157
151
161
153
161
35
32
34
33
34
29
20
50
198
123
141
141
132
118
143
139
140
108
105
72
51
80
73
69
104
52
53
80
70
71
70
79
84
43
65
65
63
32
42
51
61
59
56
71
163
99
53
160
85
135
150
127
88
31
44
44
72
59
44
47
43
45
43
48
47
48
44
58
53
49
49
35
41
40
38
39
41
42
71
74
62
58
54
58
64
82
72
44
62
68
77
89
84
74
66
49
71
49
31
23
31
116
201
197
186
194
199
191
194
192
171
158
147
134
118
86
105
127
126
123
117
190
207
133
140
87
85
133
156
113
81
93
109
77
59
66
131
99
130
108
93
121
138
133
141
139
144
132
130
146
159
114
95
131
127
131
156
150
132
98
87
108
132
96
107
125
89
94
121
110
145
70
47
80
66
45
36
82
154
140
166
165
165
148
141
147
144
133
90
99
60
130
143
141
139
138
133
146
135
139
149
135
145
65
32
34
35
31
35
33
29
22
39
101
110
111
48
39
24
11
10
15
19
24
24
22
10
32
28
20
15
14
15
15
17
16
14
19
15
16
16
24
10
10
20
21
37
69
45
45
55
46
36
31
27
35
31
32
33
41
43
42
33
52
78
47
31
34
32
30
27
25
34
34
32
33
31
29
25
18
45
54
18
32
29
29
39
39
34
36
47
56
80
93
83
140
205
207
109
39
56
63
64
54
58
66
84
72
66
101
41
169
149
153
163
151
167
164
160
162
159
161
162
153
169
157
160
168
160
94
101
91
94
88
112
164
74
45
37
106
43
165
160
128
181
156
187
187
165
148
38
26
59
82
62
61
73
49
64
79
128
72
56
47
50
49
37
46
78
160
59
60
129
145
61
60
47
38
32
36
48
93
68
52
76
97
81
136
47
96
174
128
125
211
92
74
136
119
139
139
150
151
174
158
167
157
152
153
157
142
159
153
152
157
140
165
36
25
28
28
34
34
21
80
192
128
139
138
139
108
141
139
141
111
30
53
63
54
41
61
97
49
41
118
36
37
92
111
66
53
73
89
124
69
39
59
73
63
55
58
83
74
88
75
27
90
150
113
116
144
62
82
139
53
39
44
46
47
46
45
36
45
49
51
57
52
55
59
58
41
40
43
39
37
72
76
75
62
46
82
76
42
40
56
52
54
64
89
92
83
60
48
71
42
32
22
84
192
183
170
165
160
152
133
119
102
92
87
79
79
88
169
127
115
129
118
163
201
148
170
181
171
175
186
180
186
178
186
192
154
113
101
155
180
143
116
161
160
166
151
155
171
158
163
164
164
116
92
92
90
81
80
84
89
91
87
84
100
117
85
83
96
81
110
89
81
87
50
66
70
62
45
38
76
122
118
112
121
133
122
139
143
142
148
133
137
142
156
151
146
150
148
147
159
144
148
155
151
160
104
33
34
34
32
35
33
27
23
35
106
112
101
49
63
31
15
12
19
23
27
31
23
17
21
21
18
16
16
15
16
18
16
14
19
16
13
16
17
14
14
15
19
17
45
53
52
54
50
38
31
35
38
32
31
34
43
41
38
36
38
58
68
49
32
28
27
22
25
29
33
30
29
28
24
24
25
29
64
23
29
32
30
35
35
39
62
66
49
29
32
56
85
117
149
178
54
40
60
64
52
59
74
84
79
97
105
72
170
155
155
168
154
169
160
161
165
165
160
164
156
169
155
157
168
175
200
140
128
76
135
176
147
66
48
40
157
153
164
150
140
177
116
98
138
154
59
56
93
50
61
69
41
69
100
67
59
73
70
64
44
42
44
57
68
63
149
103
60
104
93
100
30
41
43
47
45
48
73
99
84
87
40
133
155
103
93
56
75
134
130
61
71
80
93
61
123
168
124
144
155
159
159
150
154
151
143
163
155
153
161
154
187
56
32
38
37
34
31
19
106
187
127
139
137
132
120
138
140
140
123
101
99
53
33
43
141
120
63
74
148
94
64
58
59
60
65
78
65
111
113
74
66
69
70
64
66
62
52
89
88
22
56
137
124
109
155
124
125
124
57
38
43
49
43
46
45
48
54
53
40
48
47
50
45
57
46
44
48
44
41
72
83
71
63
74
68
65
69
64
75
74
56
68
82
72
69
57
78
80
60
88
24
63
122
104
92
86
83
80
77
67
66
68
75
83
88
118
209
133
121
125
143
192
170
165
185
188
192
192
188
188
188
190
189
202
144
141
157
163
191
166
120
191
181
198
154
122
150
197
190
186
157
126
91
90
102
110
116
120
106
89
107
115
96
106
101
107
108
116
66
56
105
93
78
54
59
73
71
63
101
74
91
100
89
83
82
89
91
93
87
88
87
93
94
88
91
92
99
100
96
91
94
103
98
100
79
35
36
33
29
31
33
24
25
26
112
115
66
49
50
30
13
7
24
30
37
38
27
22
20
16
20
21
18
15
16
16
16
19
18
16
14
17
11
11
14
14
16
15
26
57
63
48
48
32
33
34
35
30
33
37
38
38
37
40
41
41
47
58
45
26
26
22
22
25
29
29
26
28
25
23
29
22
51
38
20
33
35
34
50
57
49
32
20
30
25
70
61
73
115
159
85
56
49
45
48
52
59
66
62
86
103
73
170
154
159
171
147
166
157
156
165
165
159
163
152
165
154
156
179
150
142
102
93
98
157
174
59
45
53
42
100
185
169
156
155
140
58
56
101
99
33
87
133
38
44
51
42
89
97
67
53
44
54
58
52
51
45
64
74
59
96
89
45
54
55
62
29
40
48
40
35
33
68
81
125
121
26
147
126
61
37
52
132
140
126
86
131
151
155
98
136
154
140
132
155
157
163
155
160
158
148
164
159
157
165
152
181
60
34
41
37
28
27
22
136
176
129
138
137
130
116
140
141
137
124
143
134
101
94
112
154
126
116
134
146
138
123
104
80
65
78
65
52
62
83
93
87
72
68
70
68
79
74
67
97
65
44
99
127
120
154
139
142
130
83
35
40
52
73
75
47
64
68
53
41
40
54
63
48
52
49
47
47
48
47
64
79
70
59
75
74
70
86
76
67
83
54
58
64
51
64
72
100
92
70
109
38
42
59
55
63
64
72
80
82
86
96
106
110
121
117
143
208
130
128
126
168
190
164
183
187
187
188
188
187
190
184
187
186
194
174
184
176
178
188
171
113
185
187
182
117
141
160
151
138
146
130
126
98
80
88
120
120
133
89
78
106
95
77
81
85
93
98
130
68
80
141
119
105
82
84
81
90
56
97
52
72
105
123
112
113
118
117
120
111
112
112
111
115
103
108
103
97
82
97
90
97
96
87
99
94
47
38
36
30
30
30
23
28
22
111
101
42
53
44
79
64
33
31
39
47
40
34
31
22
18
17
19
20
17
20
17
17
21
14
13
14
15
11
9
14
13
12
14
15
42
60
50
39
33
38
32
34
30
35
40
39
36
37
40
41
39
41
42
51
39
23
19
19
26
28
28
26
23
23
22
28
27
31
44
19
23
28
48
56
41
27
17
25
36
37
62
76
60
70
108
100
94
55
51
54
53
52
53
57
76
99
75
178
150
156
166
143
163
155
155
161
159
159
163
140
163
157
166
130
95
61
54
75
116
139
166
61
73
60
47
119
185
114
78
80
86
41
51
82
71
55
75
139
53
47
58
49
58
54
50
48
42
92
50
73
121
61
62
61
57
61
60
60
45
42
50
86
37
50
83
42
34
70
64
124
74
26
117
127
40
28
122
177
110
154
123
158
174
170
149
161
146
152
155
155
158
160
150
161
163
142
158
156
150
154
147
169
63
34
39
31
24
25
26
153
161
134
134
136
130
116
140
139
134
120
138
138
129
134
142
139
126
137
144
138
142
135
117
71
75
84
57
64
100
82
75
74
64
80
81
73
88
78
63
77
64
49
90
97
68
95
124
126
133
97
38
47
57
71
66
60
58
57
49
44
40
42
50
48
45
49
48
46
50
47
59
81
70
59
67
82
81
85
73
60
80
64
64
74
72
57
73
86
100
76
89
60
40
61
83
91
100
108
112
112
122
125
133
133
136
131
147
205
130
130
123
173
187
178
182
186
187
186
188
188
189
188
191
190
190
194
189
175
184
185
160
104
177
188
183
120
168
170
101
98
123
121
111
111
75
61
74
70
82
61
66
82
57
63
67
66
63
67
82
61
72
94
85
77
84
86
71
77
44
58
46
53
77
109
107
107
114
114
121
120
120
121
126
130
118
127
125
94
57
107
117
124
123
112
126
100
54
40
38
35
31
30
26
25
21
78
80
37
46
39
100
102
85
46
45
50
41
38
36
27
23
18
16
17
17
20
17
16
16
9
11
14
12
12
9
11
11
12
12
14
32
60
47
32
38
39
33
33
31
36
42
39
36
36
39
37
39
43
34
40
45
35
19
17
23
28
27
27
20
21
24
24
29
23
34
24
21
33
50
36
25
27
29
39
38
42
44
78
77
64
98
87
102
83
76
60
49
42
46
52
84
93
76
182
154
157
164
147
164
153
156
160
161
163
163
128
170
154
126
89
77
55
54
119
139
146
162
102
138
81
68
115
121
51
41
61
59
38
68
82
71
62
48
111
70
45
124
82
25
35
41
38
59
120
42
61
117
66
46
41
64
46
53
82
53
46
56
128
34
54
151
58
47
61
78
149
78
47
123
157
72
76
170
145
79
147
147
151
156
155
155
167
148
139
165
152
155
159
146
159
165
144
154
151
143
151
147
173
73
33
40
32
29
28
33
162
157
137
140
142
138
121
142
145
141
123
133
134
124
139
143
143
124
134
142
142
141
134
97
51
72
64
58
99
132
81
59
57
65
88
85
75
88
73
65
81
46
88
98
107
37
78
132
125
128
85
48
55
55
57
53
64
55
50
45
43
41
39
38
45
39
42
44
47
49
44
67
96
75
71
68
68
73
75
72
66
74
79
80
86
92
44
53
69
101
86
76
58
49
86
117
123
128
135
151
161
145
130
133
133
135
133
148
206
135
132
121
172
192
186
185
186
186
187
187
188
192
193
190
184
179
177
174
181
186
185
168
110
183
194
190
125
144
166
132
104
159
122
94
130
81
75
62
62
62
76
69
72
63
75
77
75
69
60
51
51
53
47
53
54
68
69
56
54
48
36
45
42
44
50
54
58
59
59
64
65
67
65
70
72
73
79
85
58
34
75
89
99
120
106
100
70
48
40
42
38
33
31
29
26
20
36
51
38
34
41
86
99
111
62
48
48
42
37
35
30
26
24
18
12
15
15
15
14
12
10
11
12
9
13
10
9
11
11
10
16
34
60
37
34
41
37
34
32
36
39
42
38
36
33
39
37
38
40
38
28
34
46
34
20
16
27
25
25
23
20
24
21
23
24
24
32
28
39
30
22
29
35
38
41
39
40
36
58
98
94
112
83
82
96
104
74
50
41
44
48
81
90
69
176
162
161
166
151
164
154
155
161
164
164
160
122
177
151
72
95
93
105
109
162
152
164
154
114
142
83
114
77
48
76
89
94
59
32
102
93
61
69
62
76
63
42
160
91
31
45
40
35
56
126
60
35
64
56
61
53
76
38
48
73
59
55
43
128
64
71
170
55
50
53
118
178
145
105
156
167
129
146
149
84
61
125
169
145
155
156
147
164
155
140
151
148
159
164
150
164
167
152
162
158
154
167
163
189
78
32
43
39
35
30
40
169
153
131
130
134
127
115
132
134
132
116
138
134
108
126
129
138
113
124
133
132
141
111
66
55
60
49
63
95
91
77
82
57
73
77
84
68
87
87
72
97
73
129
87
139
86
130
154
144
108
57
54
53
50
56
70
61
64
54
44
41
48
48
42
44
43
37
40
44
45
41
77
106
79
75
64
56
66
71
73
68
64
77
80
70
77
47
42
77
100
75
72
32
70
104
105
124
124
140
172
188
151
130
135
135
142
136
150
203
136
132
125
176
192
183
188
191
188
189
189
193
194
188
185
182
174
184
191
191
193
192
194
126
194
205
148
108
121
152
191
129
175
109
104
174
93
110
110
109
101
110
78
83
95
100
88
94
97
88
86
85
91
83
81
86
92
74
54
60
64
48
43
47
52
54
53
66
59
60
54
51
49
46
42
44
50
45
51
48
64
56
44
59
86
77
60
57
46
40
47
38
36
31
29
31
21
23
22
49
72
91
101
99
108
74
48
50
43
36
36
30
26
25
21
14
15
15
18
20
18
19
13
11
11
14
14
12
15
12
12
14
33
44
35
40
41
35
33
36
43
40
41
40
34
30
40
39
40
38
36
29
24
32
47
33
17
22
24
20
25
19
19
18
16
21
27
38
31
24
19
32
32
34
38
41
38
40
36
43
84
94
108
126
112
82
116
97
70
67
56
65
66
81
52
168
167
159
166
148
164
157
156
163
160
158
161
126
180
156
93
108
95
143
159
150
135
146
141
130
91
65
153
90
45
138
115
71
83
62
103
89
44
93
91
66
61
54
106
52
46
45
48
66
26
128
82
45
104
87
117
97
72
41
35
61
78
54
24
129
134
84
115
53
56
82
162
166
169
155
168
159
177
163
92
55
56
142
185
153
166
163
159
173
161
162
137
145
170
167
154
169
168
156
166
162
156
160
159
164
65
35
44
39
35
29
44
172
136
124
108
112
101
110
116
110
107
99
139
134
104
114
111
113
103
117
110
113
113
61
53
71
57
62
77
57
48
110
116
54
73
64
82
62
81
98
73
83
110
117
69
138
138
161
150
144
91
44
48
43
52
59
87
68
66
49
52
48
59
48
45
45
56
42
40
40
42
40
60
96
47
44
51
69
88
96
88
62
53
77
79
70
71
68
60
87
101
39
51
39
88
127
123
121
116
132
129
121
129
126
134
144
143
127
144
195
131
124
116
172
180
177
177
183
186
185
188
190
177
170
177
185
192
196
193
191
188
189
188
120
196
205
112
178
147
91
181
197
121
95
169
228
112
108
113
107
93
113
80
72
85
104
84
95
96
108
107
98
109
91
88
99
98
71
62
89
103
65
39
65
78
103
94
107
105
108
100
102
97
96
101
101
101
99
88
81
98
85
81
83
77
91
94
75
80
54
43
39
35
34
31
27
27
28
24
73
168
159
125
110
118
85
47
57
45
35
34
27
24
23
22
18
19
22
26
30
23
24
21
20
19
13
16
14
11
13
11
15
29
32
38
40
40
35
37
42
42
42
41
41
37
30
40
40
37
36
36
33
26
18
27
43
35
16
22
16
18
17
16
18
17
20
32
35
31
20
34
37
36
35
43
40
39
42
37
37
62
70
96
182
217
104
96
111
102
95
90
108
93
73
44
168
167
161
166
150
164
160
159
170
159
147
167
139
178
156
158
122
103
131
128
120
128
133
124
168
115
91
127
76
52
84
80
56
127
113
43
70
62
79
55
65
84
64
53
44
42
39
74
111
26
72
34
68
164
161
120
104
55
44
49
107
99
41
32
140
176
63
48
94
86
142
170
170
159
131
170
158
164
80
66
55
75
159
152
145
157
154
155
160
146
144
117
135
146
140
134
138
142
148
141
129
119
108
98
88
44
45
42
39
36
29
45
172
130
129
135
135
123
130
135
132
128
116
143
136
122
130
136
128
120
133
131
140
68
62
106
100
65
69
103
92
59
130
107
55
71
76
81
61
61
73
41
71
81
62
79
138
115
139
129
129
122
74
53
44
52
56
81
68
61
46
66
65
60
46
43
45
57
47
37
43
47
44
54
90
36
45
62
67
87
95
88
71
65
97
74
54
43
72
71
90
100
83
101
96
111
125
143
153
129
138
142
148
147
132
164
164
171
121
147
188
121
120
114
166
174
167
167
161
165
168
164
163
174
182
182
181
182
182
182
185
190
189
189
114
188
182
162
210
129
97
154
216
160
115
205
179
124
108
110
105
91
97
69
54
49
65
88
56
78
122
114
77
64
81
87
70
70
73
68
102
122
107
77
115
107
105
106
114
107
115
104
107
109
108
111
111
117
82
55
81
100
109
87
71
93
97
102
102
134
101
28
46
39
33
33
29
30
32
32
68
128
121
124
106
74
68
58
56
44
33
31
28
24
22
20
14
24
28
21
23
20
15
23
26
31
23
14
15
13
10
17
24
25
38
37
39
42
37
41
44
38
44
43
42
40
33
38
36
31
40
33
30
31
26
10
19
48
39
15
16
14
14
16
16
18
26
27
27
40
33
35
41
39
43
39
42
46
46
44
29
81
76
93
143
214
231
115
142
151
149
154
157
163
151
146
158
147
144
148
163
142
149
149
149
142
123
137
117
117
124
161
157
160
132
119
118
131
127
117
132
142
144
56
39
58
48
63
76
74
38
77
84
71
62
46
41
43
53
51
51
43
39
39
47
36
29
53
82
78
85
49
77
52
18
76
132
77
42
95
132
103
55
56
71
67
111
100
106
97
75
86
79
72
64
60
55
55
48
50
56
53
58
64
77
79
84
100
84
62
54
42
35
25
57
135
109
111
126
129
153
62
41
44
44
33
29
49
177
152
134
150
153
148
113
151
152
148
128
139
136
121
140
145
155
136
133
149
163
76
61
112
119
47
72
91
116
62
52
106
123
76
84
110
59
45
34
49
91
104
69
61
113
102
128
126
129
129
137
88
46
46
62
59
62
64
50
68
74
77
43
35
45
41
41
39
42
49
51
106
118
104
84
70
50
93
82
95
126
120
112
106
121
126
129
132
137
121
125
152
101
137
136
147
165
133
152
160
151
165
145
182
195
189
139
163
212
135
130
121
175
196
189
210
229
210
208
204
218
196
191
200
207
209
203
201
207
209
192
183
121
206
203
216
202
194
127
168
205
206
185
198
134
133
128
107
82
100
97
73
76
48
82
91
90
111
118
105
97
89
80
73
45
88
74
80
144
124
108
149
132
116
111
120
115
131
126
131
133
120
108
111
105
123
86
55
59
69
59
71
66
56
48
83
93
79
70
42
49
40
37
35
30
30
37
36
50
86
115
127
125
93
55
70
51
40
34
29
30
26
25
20
21
21
23
20
23
15
16
20
21
14
19
45
22
15
22
21
29
36
44
39
42
41
41
42
41
37
40
42
44
44
40
44
38
32
39
31
29
25
23
20
11
14
52
45
18
10
14
14
13
17
24
26
20
35
35
32
40
41
41
36
44
40
33
36
22
84
122
144
172
164
225
197
67
56
64
72
73
67
61
56
90
93
89
87
93
116
121
140
143
152
147
91
122
144
146
163
143
126
115
96
79
89
103
99
133
129
100
111
97
62
81
147
90
51
62
64
63
54
55
44
35
50
49
45
42
51
48
57
54
34
49
59
76
90
79
68
78
71
29
80
102
74
61
101
86
84
78
77
47
53
45
37
43
47
29
53
41
51
64
62
66
52
63
67
63
63
63
67
64
57
67
59
63
70
73
73
64
63
23
90
153
135
143
131
137
47
35
42
47
30
32
57
171
155
135
137
136
131
122
136
137
136
120
137
140
122
134
139
145
120
124
137
133
121
47
32
93
50
55
84
123
89
79
136
114
87
84
102
76
87
79
72
117
113
124
71
77
117
122
121
117
125
118
106
50
48
60
61
60
61
57
35
42
53
72
58
46
43
45
40
52
57
53
140
136
100
91
84
92
118
106
135
146
145
135
120
139
147
147
139
115
99
133
74
93
139
138
133
130
133
131
144
147
149
143
173
179
164
125
158
203
127
130
122
179
184
187
153
130
137
138
135
133
179
184
163
152
156
154
167
151
161
183
167
111
161
169
166
174
197
192
184
175
181
194
178
173
98
100
100
101
116
75
86
87
85
88
123
114
109
98
84
74
73
75
61
45
52
70
73
73
63
64
58
57
60
53
52
49
45
44
48
48
44
43
43
41
47
70
67
71
67
56
64
63
57
57
53
42
50
50
45
39
45
36
33
39
31
39
44
43
58
97
112
109
94
62
57
51
41
31
21
23
21
20
22
21
17
15
19
16
17
17
26
30
16
137
109
74
33
15
26
37
46
46
47
43
40
42
39
38
39
42
44
41
42
39
39
34
34
38
33
29
26
21
18
9
13
17
50
51
32
16
16
16
19
24
17
20
26
35
20
18
40
40
40
37
41
34
38
39
41
178
146
174
195
180
221
104
36
47
51
55
43
67
103
98
133
124
89
59
84
71
76
84
85
79
78
69
138
160
113
107
106
86
120
102
94
89
60
93
108
113
122
127
74
95
126
93
79
58
47
53
59
50
43
45
59
47
42
45
60
59
51
61
49
43
55
54
54
53
67
70
82
61
71
63
63
70
65
69
69
67
61
68
56
65
66
61
51
51
63
64
72
63
63
65
60
69
55
64
65
69
71
71
66
64
74
72
70
72
64
56
60
51
39
103
148
140
143
137
43
44
44
41
31
26
53
168
153
138
143
140
137
117
140
141
139
124
134
138
126
136
139
139
126
126
135
134
154
124
63
78
94
85
117
123
126
143
134
137
132
75
49
75
69
117
84
70
36
92
136
116
117
146
145
144
126
123
112
47
60
64
67
74
65
53
46
45
92
113
77
76
55
43
44
49
58
53
133
113
103
118
111
116
108
110
129
131
126
123
130
133
129
130
125
104
123
103
79
108
131
137
148
134
130
130
125
124
123
137
158
163
154
124
158
198
124
124
122
161
175
180
129
92
115
117
110
108
165
166
134
112
127
130
125
110
125
165
148
94
83
97
92
104
149
154
120
83
72
102
125
143
104
109
133
88
82
74
98
100
84
69
70
70
63
75
69
68
55
51
61
63
54
62
58
55
60
55
64
59
57
58
55
55
52
51
54
51
55
58
62
58
60
66
63
60
62
64
67
69
58
55
57
53
61
53
48
42
44
34
32
40
36
37
42
41
48
60
105
104
85
63
57
44
34
44
65
53
45
31
21
18
17
12
15
11
17
18
35
16
44
178
25
22
56
35
43
43
46
40
40
44
42
39
36
38
40
45
40
36
40
38
36
37
35
34
32
28
28
22
13
13
11
11
19
51
58
48
16
17
23
19
14
21
34
16
48
54
32
39
39
39
47
45
33
39
27
151
150
172
171
182
194
181
63
81
72
71
112
144
127
129
138
134
129
86
63
77
73
72
73
68
79
89
164
146
110
100
116
109
89
66
90
84
53
47
73
112
84
83
63
83
88
75
70
68
57
54
63
51
44
51
54
56
57
64
51
51
56
58
68
54
71
61
62
53
61
61
70
78
74
75
75
77
74
81
71
62
66
69
53
60
61
61
55
48
63
64
73
64
66
67
56
59
63
67
71
71
65
66
67
68
73
74
69
69
60
57
58
56
43
50
99
120
114
82
39
40
39
45
38
28
58
167
148
138
138
139
134
113
145
138
139
118
137
137
123
133
139
137
125
127
135
140
141
141
92
62
107
129
114
120
125
141
155
148
146
116
114
142
147
131
86
53
87
101
136
148
94
153
147
148
125
117
77
51
56
43
70
74
64
56
52
62
66
42
43
62
55
45
53
56
61
56
128
115
123
132
141
125
104
115
129
129
124
123
126
128
129
121
117
117
110
81
95
106
130
133
139
134
126
124
114
114
117
98
115
138
146
144
148
155
142
140
147
148
152
154
141
133
145
145
146
140
143
146
140
131
132
133
116
116
112
114
104
89
81
84
88
83
96
103
98
92
54
49
77
125
135
144
139
93
109
120
115
90
65
66
55
65
63
62
59
66
60
64
64
65
64
65
64
61
49
50
61
63
60
58
55
56
55
54
60
57
59
65
65
60
69
63
54
55
57
59
70
65
62
53
57
50
51
47
44
41
39
41
36
39
42
41
41
40
56
39
86
88
81
61
54
46
61
83
82
68
68
65
41
23
17
14
13
14
13
38
35
12
71
165
2
33
105
50
44
45
45
43
39
42
41
40
37
39
41
43
41
42
42
37
33
33
33
32
27
29
26
23
16
13
13
14
20
78
77
56
48
21
18
21
15
18
13
44
86
64
33
39
45
45
55
59
44
40
29
128
167
148
144
185
179
208
115
64
71
109
135
120
94
114
92
99
117
133
96
67
64
69
68
65
69
91
148
116
110
91
87
101
103
66
75
91
78
66
73
100
113
77
74
64
68
62
57
67
66
75
76
56
47
52
68
64
70
75
51
43
49
63
70
64
72
68
62
50
61
64
71
75
77
74
77
74
71
77
68
58
67
64
59
66
62
65
57
50
63
66
74
67
67
70
61
62
60
69
73
73
66
65
64
63
64
66
77
65
60
61
57
63
51
43
55
71
77
65
35
39
33
40
39
29
63
173
146
136
140
140
136
117
142
140
138
121
136
136
124
133
137
140
123
127
140
138
143
124
68
68
83
135
109
117
125
133
147
143
142
132
143
149
145
125
81
56
106
76
86
127
96
158
142
143
130
114
121
90
92
99
103
69
60
67
65
58
70
95
80
63
66
62
56
57
70
85
127
117
124
134
134
117
104
116
125
126
123
122
123
126
124
114
120
114
94
87
91
103
132
132
132
132
125
126
119
121
109
88
110
110
140
150
147
147
145
147
147
151
152
145
138
142
148
143
147
140
143
145
140
141
135
131
115
123
131
105
85
82
87
81
76
68
79
85
84
105
57
37
48
69
94
96
98
91
102
108
90
67
62
66
54
57
71
62
58
60
61
66
67
60
55
59
65
68
54
56
57
56
57
58
57
59
53
56
59
58
61
62
61
62
67
62
50
59
58
52
65
72
63
63
59
59
57
45
42
45
39
41
39
36
41
41
40
36
56
31
58
73
74
64
55
65
84
94
76
72
79
77
55
27
18
18
13
13
22
51
29
16
126
101
64
134
164
47
42
46
45
44
45
42
39
43
38
40
40
39
40
44
41
36
35
31
32
31
27
29
27
22
14
16
13
13
32
86
83
54
70
45
24
14
52
43
92
134
150
37
41
45
46
53
51
43
42
44
29
121
168
131
140
184
176
192
175
33
93
142
134
120
107
125
104
104
99
141
129
66
58
68
72
67
74
118
132
102
87
76
79
87
88
68
88
91
90
88
75
100
129
74
70
59
59
61
61
62
60
70
69
54
59
57
68
67
70
70
50
46
53
59
55
55
63
69
66
56
58
57
65
69
77
69
72
72
67
74
64
59
70
66
52
66
64
66
57
48
66
72
76
69
64
68
64
63
61
73
71
71
64
69
62
63
67
62
71
64
63
61
55
67
55
46
46
51
58
52
43
40
32
38
37
29
66
168
145
135
139
141
137
115
141
139
135
124
124
125
126
134
138
141
123
129
140
144
151
81
72
79
70
122
110
116
124
131
131
133
129
121
129
127
125
119
80
60
92
76
74
97
83
115
125
124
127
103
94
94
93
101
83
67
60
73
79
71
84
103
87
67
74
73
46
51
64
84
122
118
122
132
122
109
106
116
122
124
120
121
124
122
119
114
118
100
84
99
75
101
132
133
133
129
126
127
126
131
91
102
114
96
145
145
149
154
146
142
144
152
153
142
138
141
143
140
142
138
151
149
141
141
133
125
121
129
145
120
93
72
75
84
85
75
87
91
85
95
61
40
46
51
59
51
59
66
68
69
60
56
64
64
61
51
64
67
59
56
61
70
74
69
52
59
65
66
61
54
59
53
54
56
59
60
60
61
54
57
60
57
59
65
70
63
52
59
49
57
65
79
65
70
65
65
67
53
45
48
40
38
39
38
39
39
36
33
47
38
33
56
54
42
57
84
91
96
71
79
79
72
53
25
17
16
14
11
48
38
33
33
160
64
155
184
188
69
32
49
48
48
48
42
38
41
38
41
38
41
41
41
38
37
37
32
31
26
29
27
26
19
14
16
14
12
42
81
78
58
58
43
20
41
79
80
129
103
179
29
54
55
52
48
27
19
43
55
25
128
165
125
137
187
178
178
207
59
134
141
126
125
116
133
127
116
97
131
138
83
57
69
72
67
80
133
121
104
53
63
75
80
84
71
98
95
86
76
67
97
113
65
58
56
59
63
67
57
55
63
61
59
65
62
61
64
70
57
48
58
57
44
42
47
56
63
73
68
56
49
59
64
77
69
68
68
68
68
60
59
71
68
56
61
65
63
59
55
74
70
72
68
66
66
57
59
64
69
67
66
65
68
62
65
69
64
66
68
66
61
54
66
62
50
46
48
53
47
40
38
35
36
36
27
68
164
145
137
138
142
138
112
141
139
138
119
129
120
125
132
139
140
125
131
142
147
115
61
95
93
64
117
108
114
123
130
115
119
113
109
122
116
121
102
70
58
81
79
84
91
75
97
126
121
125
100
87
103
95
94
83
57
77
85
85
74
78
76
75
79
82
71
53
60
63
69
115
118
122
127
119
105
107
118
121
122
118
121
124
119
117
118
109
88
83
92
68
98
128
134
131
131
125
124
128
115
77
115
104
112
150
143
149
152
149
139
146
146
145
139
146
149
146
150
150
147
152
148
146
143
132
129
131
135
140
125
100
62
63
79
102
93
92
99
99
97
77
55
65
73
59
48
48
45
50
59
56
59
66
67
66
62
55
70
64
61
66
77
78
77
58
68
67
63
56
46
58
57
56
54
57
59
60
60
55
59
59
58
61
70
71
63
61
57
43
71
67
77
70
67
66
63
68
60
50
45
42
37
39
40
39
38
38
32
46
54
21
42
62
55
63
90
89
99
70
86
80
68
44
21
13
11
13
15
63
34
41
55
162
89
200
173
185
132
27
52
52
51
49
44
42
40
37
42
39
45
43
40
38
40
36
33
32
26
29
26
25
20
16
14
14
14
53
77
74
61
43
44
55
118
87
90
92
19
132
36
60
60
61
35
10
14
41
59
25
142
167
128
132
186
181
177
201
132
142
111
107
106
97
113
111
99
95
118
128
111
66
60
66
64
72
130
117
105
47
59
69
72
103
71
95
103
83
64
62
87
99
58
45
49
58
59
64
57
60
68
62
62
60
63
61
59
66
49
51
64
50
38
41
43
53
56
71
73
58
49
59
62
76
69
66
66
65
60
59
60
70
66
65
59
66
74
84
90
95
67
67
67
65
65
51
53
64
65
66
65
69
64
65
64
65
65
65
68
67
60
53
61
65
53
45
48
53
49
32
35
35
36
34
26
68
165
143
139
138
140
136
116
139
140
140
114
140
126
121
131
138
139
126
130
143
137
61
86
114
107
59
114
108
113
122
131
120
122
118
115
135
128
135
85
51
65
72
69
110
93
83
136
141
136
126
108
107
97
95
100
99
47
83
87
76
63
60
66
66
77
81
71
68
69
76
81
112
111
117
120
112
100
104
119
120
118
116
119
121
119
113
114
98
80
91
73
68
98
120
136
126
137
129
127
128
78
81
112
89
135
137
140
146
149
141
141
142
141
143
139
145
146
144
150
148
145
148
147
147
141
132
137
132
134
132
122
97
61
59
65
87
93
87
89
92
103
89
73
81
77
50
46
51
52
53
73
71
72
69
72
66
72
57
68
73
72
71
70
70
71
58
70
65
64
51
50
58
60
60
59
57
59
53
56
61
65
64
65
68
77
67
64
73
62
51
79
66
71
78
67
68
70
69
62
54
48
45
43
43
40
46
38
42
34
42
66
23
34
91
117
84
89
87
90
71
89
82
65
37
18
13
10
11
30
84
59
44
75
158
139
191
176
185
196
52
52
56
49
50
46
49
45
42
42
40
41
41
42
41
42
37
34
33
32
26
27
24
21
15
16
14
18
57
71
74
57
48
66
113
172
114
87
65
23
70
32
54
58
65
33
18
20
28
40
36
146
163
135
132
170
179
179
187
181
100
83
87
86
83
88
82
80
81
95
107
124
89
52
61
66
64
134
122
87
59
62
75
57
94
65
95
100
81
64
62
83
98
53
39
48
51
46
62
62
65
71
61
56
55
62
64
53
58
54
59
62
44
44
48
38
57
54
61
71
63
55
60
63
71
66
66
70
57
58
60
62
70
64
63
62
68
102
116
125
117
76
67
66
61
65
55
50
62
66
68
66
67
65
65
63
63
61
63
66
66
58
53
58
63
57
48
53
52
43
33
36
36
39
32
28
68
164
142
140
141
141
138
119
141
143
141
118
134
134
121
134
141
143
129
129
145
135
71
124
120
112
72
107
111
114
122
137
144
145
144
130
143
145
152
96
47
79
65
81
150
102
93
167
148
147
129
113
84
61
67
83
72
50
59
65
64
58
56
60
51
53
72
84
65
61
86
105
110
109
115
116
109
96
103
120
122
115
113
118
118
117
109
104
86
82
97
66
69
98
116
135
125
132
138
135
125
60
99
89
73
126
118
132
143
149
137
140
138
141
139
134
142
145
145
145
145
145
142
143
143
134
136
132
126
131
128
129
104
76
57
69
64
88
85
68
64
74
77
69
79
74
37
49
56
60
62
81
85
90
67
71
69
70
62
58
78
74
73
64
64
73
61
67
68
62
56
56
60
61
63
66
65
63
60
59
61
66
68
68
69
76
75
71
81
73
58
72
71
66
77
73
67
69
68
60
51
49
45
42
42
42
50
38
40
51
36
85
32
26
76
119
103
94
93
79
76
96
80
58
30
16
15
10
12
44
127
71
45
101
148
173
184
184
182
220
108
44
59
54
46
48
46
48
49
43
37
40
42
42
42
38
37
33
33
30
23
29
21
15
14
15
16
24
56
64
69
55
52
51
81
123
136
117
44
25
74
38
49
51
59
37
23
20
30
22
55
126
143
138
130
157
174
184
188
175
63
75
82
76
78
75
74
80
67
70
78
97
112
62
60
68
62
134
117
60
52
59
70
45
50
77
103
91
73
54
63
78
78
53
54
56
48
39
61
69
68
67
58
57
55
63
61
50
56
62
64
66
44
48
60
47
63
56
51
63
67
63
64
61
69
65
66
66
52
59
58
61
69
62
64
64
69
108
115
113
110
87
69
65
67
68
57
49
58
63
66
64
62
69
60
63
66
64
66
67
64
58
55
59
65
66
53
57
43
37
37
42
42
40
36
30
66
161
144
136
142
142
140
111
141
141
142
122
131
135
123
133
141
147
128
128
141
148
137
136
109
108
104
111
111
114
120
139
144
149
147
129
139
146
149
129
78
96
86
127
157
144
103
138
143
144
130
112
72
69
60
64
43
57
47
59
69
59
63
40
35
52
75
97
60
55
82
89
112
110
117
116
107
98
104
116
121
115
112
117
113
111
111
101
87
95
81
64
71
98
115
134
127
124
133
126
102
44
106
69
85
136
126
139
141
148
138
138
132
140
140
138
142
144
143
143
143
143
138
140
136
130
137
133
128
129
126
140
122
84
77
45
35
57
94
93
87
78
70
72
73
74
46
57
58
59
73
86
77
77
67
75
67
65
71
58
61
76
68
69
68
71
70
72
81
62
53
54
59
66
68
64
60
66
62
70
66
66
65
67
65
61
76
76
83
77
68
78
72
51
51
70
52
58
64
51
49
49
47
29
24
30
28
32
58
135
126
132
31
42
87
89
76
86
96
73
86
97
75
47
22
22
11
11
16
25
36
54
42
124
133
181
177
191
183
199
181
43
56
48
37
51
43
45
48
41
41
45
42
43
40
37
37
30
30
32
26
29
21
18
16
16
15
39
72
74
71
60
62
61
60
46
65
116
67
21
72
32
42
42
48
39
31
29
41
24
67
110
141
148
132
154
179
185
195
171
59
75
85
71
69
84
83
71
61
58
52
80
111
59
55
51
56
103
98
80
58
35
61
48
45
100
124
100
57
77
78
64
54
56
65
62
50
43
64
66
65
69
63
61
56
59
59
52
55
56
59
62
55
60
67
55
56
53
48
52
47
61
66
67
70
65
60
55
50
62
60
62
70
63
67
53
56
65
116
97
97
84
70
65
69
69
53
51
63
65
66
64
64
66
64
62
63
60
69
65
66
63
52
54
59
69
66
59
33
40
47
47
45
38
41
32
43
158
138
130
108
111
103
111
115
104
103
100
141
134
108
109
100
107
101
111
103
102
118
136
112
107
108
110
107
112
121
132
138
138
132
121
135
135
136
118
128
157
130
134
129
135
113
130
129
132
130
108
100
91
82
59
64
82
76
82
76
63
69
38
38
66
70
98
66
66
90
65
111
110
116
114
101
99
106
117
117
110
109
113
113
110
99
97
94
88
71
66
67
98
112
122
127
121
112
112
89
60
103
66
96
123
125
134
140
144
133
127
129
136
136
138
140
144
142
141
143
142
143
145
136
138
132
127
128
133
127
120
82
60
73
90
51
44
57
82
96
92
76
67
70
65
51
49
52
54
68
79
86
84
60
61
69
65
71
64
60
73
64
64
70
70
61
65
63
52
59
47
50
54
63
60
60
68
62
66
72
64
67
68
63
74
80
72
74
73
55
37
58
118
154
191
217
217
214
217
224
220
214
198
157
121
110
120
157
162
157
91
43
96
121
97
50
70
93
81
96
86
62
35
22
18
11
13
18
23
58
54
38
129
122
177
178
184
189
176
226
102
45
52
33
45
48
48
46
45
47
41
39
38
37
41
34
33
30
32
29
26
21
21
16
18
13
42
68
65
61
57
58
53
63
74
62
73
147
154
76
27
46
44
38
34
32
42
44
43
91
87
143
145
124
149
181
189
182
183
154
117
136
141
95
77
60
56
55
48
39
65
99
68
56
48
50
85
106
31
30
36
96
79
95
119
124
117
94
113
101
57
57
39
43
54
54
56
67
60
59
67
63
57
50
57
53
49
59
57
60
57
56
53
51
55
53
57
59
56
69
52
61
57
60
55
46
40
52
61
65
67
68
60
70
95
81
65
74
70
79
70
63
79
66
64
57
48
53
62
68
59
61
61
65
61
61
59
63
72
66
58
51
54
61
73
66
53
40
45
45
47
44
40
38
27
45
161
119
133
118
124
112
120
125
125
113
103
133
135
119
126
126
123
121
132
126
121
104
147
127
98
104
107
112
110
120
136
116
118
116
105
118
107
116
99
124
136
107
114
112
103
96
110
114
112
136
138
74
78
89
112
107
58
60
84
71
85
63
50
56
108
98
76
49
88
163
153
108
108
112
108
97
96
105
115
114
103
109
107
109
101
102
91
94
77
73
70
73
101
114
113
112
117
107
110
77
82
104
54
110
128
126
122
133
140
132
138
131
135
134
136
138
138
140
137
139
139
141
138
133
131
131
134
129
132
133
122
97
68
56
77
83
61
56
67
85
92
83
75
77
57
60
57
54
53
64
96
92
85
64
64
70
68
70
69
63
55
69
62
61
61
64
66
65
90
73
67
97
94
97
98
102
66
63
67
66
67
66
66
68
67
71
75
60
60
109
167
218
236
236
231
224
220
216
215
218
215
214
220
230
230
238
175
111
159
158
157
149
132
109
93
76
82
80
81
97
75
47
24
18
11
12
9
17
53
56
36
45
148
144
190
169
178
185
190
193
179
57
58
45
39
37
46
50
43
44
45
42
41
36
39
37
35
33
30
27
25
21
19
17
19
18
45
56
59
63
61
55
62
69
79
82
78
78
108
84
29
34
53
35
29
20
28
30
99
66
155
148
152
136
146
188
180
167
196
191
157
162
151
94
60
50
55
65
57
45
57
101
62
52
46
51
55
102
47
56
51
87
110
131
128
136
133
113
139
122
38
52
44
48
48
51
54
59
60
57
54
51
54
49
60
56
48
54
55
59
58
52
53
56
54
55
50
52
74
115
101
62
51
50
44
39
37
49
48
57
60
64
68
75
104
90
87
66
69
64
64
71
115
83
71
57
52
60
57
70
62
53
62
57
60
61
61
60
64
64
57
46
54
58
76
68
56
51
49
47
50
45
40
32
27
62
160
129
128
147
151
145
127
147
149
148
134
137
136
132
140
150
157
133
140
154
151
145
106
100
99
104
109
107
110
95
129
113
118
115
114
131
120
122
105
115
139
122
127
130
128
112
140
139
128
120
97
69
105
116
99
107
109
108
102
75
99
98
106
107
123
83
47
96
148
130
147
104
108
109
105
99
97
104
110
110
106
105
108
103
98
102
100
92
75
78
70
67
97
111
113
109
119
120
111
63
82
92
62
120
129
125
119
131
141
127
131
127
137
138
139
142
138
141
140
141
142
138
132
133
132
134
133
128
129
126
117
93
62
56
62
85
76
67
68
77
80
83
75
73
58
59
65
57
51
78
85
86
82
60
65
69
66
69
76
63
51
67
71
66
64
63
64
66
111
67
74
113
108
103
108
106
60
62
62
66
70
58
55
64
86
66
50
101
184
224
227
219
210
211
207
204
212
213
210
201
205
206
198
204
207
158
121
70
144
168
167
174
172
176
135
62
72
67
63
73
58
36
22
17
12
13
12
26
70
53
34
48
151
158
193
179
175
178
187
188
194
118
49
46
33
37
43
43
44
48
44
42
42
39
38
38
32
31
26
25
25
21
18
19
20
17
41
50
54
56
54
58
61
53
61
63
65
59
53
68
42
29
47
38
28
24
24
34
73
53
175
149
151
136
143
166
170
165
179
234
219
175
132
99
50
46
58
67
60
46
61
92
57
63
57
58
57
105
82
52
65
103
116
125
126
122
120
109
107
131
52
50
45
53
54
54
53
60
56
48
49
54
58
46
52
57
47
50
56
60
59
57
56
49
52
55
57
62
102
95
68
48
46
43
42
40
42
47
41
46
55
63
69
91
88
100
100
65
57
67
83
107
102
113
99
53
44
60
58
60
59
58
64
59
58
63
62
61
63
61
61
46
45
55
68
69
59
46
48
47
50
47
38
31
29
68
154
148
137
139
141
136
105
139
141
137
114
137
134
114
129
136
144
111
120
140
140
135
124
107
98
98
111
99
113
116
126
141
145
141
132
139
148
143
128
125
136
128
143
147
150
113
145
151
149
130
101
152
131
82
91
105
77
54
57
81
111
161
152
138
144
60
34
79
104
104
149
102
109
108
104
101
95
103
108
108
107
100
109
102
99
96
99
83
75
78
73
63
99
109
110
110
114
117
107
60
103
75
68
123
121
119
115
123
138
125
122
120
129
131
132
139
139
139
137
139
139
132
131
134
129
129
126
129
133
124
122
97
69
64
66
74
80
79
58
68
84
85
77
73
44
64
69
61
57
81
77
79
74
62
66
69
69
63
70
71
56
55
65
69
63
60
60
72
116
66
83
115
112
114
118
89
54
61
62
58
68
62
62
62
60
63
134
209
224
220
215
213
209
208
214
211
211
207
208
207
202
201
211
207
136
102
90
61
99
147
148
168
182
205
120
47
91
79
69
59
45
30
20
16
9
10
14
32
65
63
38
63
150
168
179
179
173
180
178
193
192
183
80
38
36
38
44
45
45
45
42
41
37
44
44
36
31
29
23
23
21
20
19
19
18
35
63
64
56
66
76
66
71
68
73
81
73
76
76
70
59
31
38
41
28
24
23
20
58
58
143
160
150
132
142
152
166
168
171
238
243
213
138
130
77
112
108
43
49
54
66
66
44
54
48
51
55
76
94
54
88
126
127
122
122
116
98
105
112
62
47
54
42
54
57
53
58
61
55
52
54
53
55
49
53
57
47
52
57
55
57
53
55
50
48
57
55
57
92
88
83
57
38
40
40
40
44
46
43
41
54
60
54
68
83
78
86
73
62
106
97
105
93
84
79
53
44
46
56
51
51
57
60
63
57
64
63
63
65
61
59
49
53
55
67
68
63
47
48
47
48
47
39
31
27
80
154
143
135
137
138
135
104
138
136
139
116
134
140
120
132
138
140
125
126
137
137
139
128
106
98
97
100
94
110
118
132
146
153
146
132
140
146
145
131
127
138
116
124
142
141
121
140
144
142
131
108
127
116
123
135
124
138
88
65
92
145
146
138
136
109
55
77
105
100
91
104
104
112
109
104
101
94
103
107
110
107
102
107
101
96
96
91
78
74
74
70
63
96
110
112
111
110
113
95
61
103
63
80
124
121
117
112
116
131
124
117
117
116
117
118
127
126
126
121
127
121
115
123
121
116
120
121
129
133
126
125
95
65
70
69
71
72
78
68
64
72
83
78
67
38
59
70
65
65
83
76
84
74
61
64
68
68
63
67
77
63
59
67
71
72
69
62
78
110
71
78
103
98
100
106
74
57
56
58
61
54
42
57
73
86
167
215
226
213
206
213
216
216
212
205
214
213
206
208
204
206
203
216
152
98
97
78
56
96
131
131
148
160
186
101
51
73
72
70
48
34
28
19
16
8
9
17
32
60
65
31
83
148
172
175
183
183
179
176
192
193
199
145
47
38
34
42
46
44
44
45
44
40
41
44
36
32
29
25
24
22
19
19
20
18
46
74
76
64
70
76
64
69
80
80
84
77
78
78
68
71
35
21
34
31
11
17
33
87
73
94
156
151
140
144
148
162
169
165
235
208
209
143
133
106
128
91
31
34
51
62
45
40
43
41
44
46
49
72
80
124
136
128
120
114
114
102
102
86
35
46
52
42
50
54
58
60
64
55
55
58
53
54
52
52
54
46
55
54
53
58
54
56
50
51
58
56
70
74
60
71
51
38
38
40
40
42
42
43
37
48
54
46
59
78
61
95
87
60
129
111
100
76
64
65
50
43
43
51
50
46
49
58
63
57
62
62
60
66
61
57
49
54
53
61
67
67
49
47
50
48
44
40
34
28
88
153
141
135
135
138
135
106
141
138
140
125
137
140
122
130
139
140
130
128
138
137
139
127
105
99
99
98
95
108
116
133
140
142
138
120
129
138
136
118
113
139
104
106
139
131
110
133
139
137
132
112
107
113
161
162
123
173
144
136
128
113
125
108
120
94
58
78
128
126
111
138
103
109
106
104
99
95
101
106
108
103
104
102
99
96
99
89
78
72
71
68
63
94
112
110
108
112
109
80
67
93
51
96
126
120
120
113
114
123
120
115
115
114
112
115
121
116
116
114
118
112
110
118
112
109
112
112
129
130
128
123
98
61
69
71
74
68
70
81
75
68
77
79
63
35
53
69
66
72
88
81
83
69
57
62
66
68
66
65
76
68
59
64
66
67
69
64
84
99
66
69
92
84
79
78
66
56
53
53
40
58
114
141
157
177
222
221
211
207
210
215
214
213
213
203
213
212
207
206
208
209
205
177
107
94
98
79
42
99
125
126
135
151
168
78
35
35
50
56
35
28
26
19
16
9
9
20
31
51
42
19
106
165
178
181
182
188
181
176
181
199
192
194
114
28
31
38
47
43
43
47
45
41
37
40
37
32
28
24
23
22
20
19
20
22
49
70
76
68
60
64
62
65
79
77
76
75
73
70
68
71
51
31
43
64
54
54
74
105
80
84
138
154
148
144
147
153
160
159
212
183
203
141
106
113
104
53
29
34
51
61
43
44
44
50
57
55
51
39
112
151
135
125
116
110
110
114
117
47
40
46
46
42
45
49
55
56
59
47
55
54
53
51
53
47
48
46
50
50
49
53
52
48
42
45
52
67
95
77
68
50
39
37
40
40
43
40
41
37
34
41
49
43
58
68
55
82
93
69
108
93
74
63
52
51
45
41
45
46
48
45
44
56
60
55
60
60
56
66
61
54
43
54
51
56
64
65
53
46
49
45
44
40
36
28
93
151
142
135
135
137
135
110
140
139
141
126
136
138
122
131
139
139
127
128
139
137
138
127
97
81
104
99
99
110
117
135
131
133
132
115
128
114
135
113
103
133
94
110
135
131
103
130
139
139
132
110
122
114
154
157
129
151
161
167
138
118
143
126
116
106
88
88
135
132
130
155
101
102
101
101
93
97
100
105
105
100
102
99
97
98
99
89
77
70
70
69
64
93
111
108
105
115
103
69
71
86
45
108
123
118
121
114
114
116
116
114
113
113
113
118
120
116
114
115
118
113
113
115
111
110
105
107
128
124
125
121
101
66
68
75
77
68
60
73
77
72
71
74
59
35
51
60
66
73
88
78
75
65
54
58
65
69
66
63
68
72
58
60
63
57
62
63
85
94
59
64
91
83
76
74
61
53
48
45
59
143
204
213
214
230
220
215
214
212
214
211
209
209
213
211
214
211
207
207
209
203
193
125
102
96
93
86
56
102
120
126
136
163
129
41
28
39
44
38
25
26
23
20
13
10
9
22
35
45
26
17
125
178
190
180
180
185
185
184
173
195
189
197
192
66
26
35
47
47
44
47
43
39
39
36
36
29
26
24
23
21
19
18
18
27
58
69
84
74
56
60
63
65
75
74
70
71
69
72
71
68
66
59
74
86
99
84
88
86
72
79
103
155
149
144
148
147
155
159
182
184
199
164
101
105
102
55
37
39
57
67
45
47
46
51
49
46
39
43
149
154
135
123
114
109
111
127
120
27
43
39
42
38
40
44
49
49
49
39
48
46
47
45
45
43
39
42
40
42
38
40
39
36
35
35
41
64
91
81
86
46
34
36
36
36
38
33
38
29
33
35
45
46
61
55
54
68
91
71
71
60
45
51
41
42
45
42
44
45
47
46
44
54
57
55
58
59
57
65
59
52
38
54
53
53
61
62
56
42
47
44
45
38
33
25
91
152
141
134
136
137
135
113
137
138
140
126
133
138
124
133
138
139
126
129
138
138
141
127
94
57
99
102
101
112
116
134
129
134
133
117
127
94
137
118
110
117
74
118
120
129
107
131
140
140
131
103
153
121
140
147
131
142
154
138
126
148
129
131
115
120
127
125
138
123
114
128
101
98
98
97
88
95
98
101
105
99
98
98
95
94
92
83
75
69
71
71
65
89
110
107
103
111
102
63
73
75
51
112
116
115
117
113
111
109
114
113
112
107
110
115
118
117
115
114
117
111
112
108
107
109
99
108
125
122
116
113
94
70
67
74
79
70
59
56
57
67
63
57
45
38
51
55
62
67
77
69
68
66
57
59
65
68
69
67
62
75
67
65
66
59
61
63
78
95
59
63
92
86
91
85
56
52
46
57
130
200
205
208
206
210
216
217
213
214
208
210
209
211
213
213
210
209
204
203
196
199
159
97
98
90
91
86
92
112
117
124
140
164
79
43
57
58
46
31
25
24
21
20
12
9
10
23
39
57
39
25
143
170
186
176
183
183
186
195
177
182
190
184
207
164
44
30
44
52
50
47
44
41
42
35
31
26
24
26
23
21
18
18
17
35
69
72
90
83
62
61
60
64
74
75
71
68
67
73
69
68
65
69
93
69
81
68
64
62
62
53
70
154
147
147
149
148
156
161
172
180
181
195
163
101
114
69
48
39
62
64
39
42
41
46
55
62
59
118
185
151
135
121
115
101
103
114
82
29
43
35
40
36
37
41
45
41
41
37
38
40
39
41
36
40
36
37
35
35
30
31
27
31
34
34
37
45
62
65
69
43
32
36
37
36
29
29
30
27
34
36
47
54
63
48
55
79
77
55
55
44
41
38
38
45
46
45
46
48
47
44
43
53
54
57
55
59
60
63
55
51
41
50
57
54
60
63
53
37
48
48
44
35
32
27
90
151
140
136
136
137
134
113
139
140
139
127
134
138
127
132
139
138
126
127
138
139
141
129
101
58
88
107
99
110
114
130
133
138
134
116
116
105
133
122
121
113
68
113
108
131
113
134
139
138
132
104
146
126
143
152
139
145
133
118
127
143
89
91
98
121
135
138
133
114
99
133
96
97
97
96
92
91
95
99
101
92
92
96
93
88
86
81
77
72
72
70
63
81
115
103
105
106
100
60
79
59
60
110
113
110
108
108
108
106
108
110
110
107
106
115
115
116
112
110
112
108
110
104
103
104
97
106
117
120
109
95
84
67
63
67
79
78
70
61
48
57
52
35
30
36
53
57
54
58
69
71
61
64
62
65
63
67
72
73
68
73
70
66
64
59
57
63
74
94
58
63
90
84
96
71
56
60
70
109
148
119
188
227
218
176
159
167
204
215
204
213
213
213
211
218
207
204
197
189
191
208
115
89
86
80
83
82
94
111
117
125
136
142
92
109
71
33
34
37
31
23
22
18
11
8
15
28
41
70
49
41
164
172
159
178
183
181
180
191
187
176
188
193
181
220
118
27
43
51
53
50
46
42
37
40
28
26
23
24
18
19
19
19
14
43
67
62
69
81
64
68
59
63
70
76
77
66
67
67
64
62
57
63
81
57
54
61
55
60
64
47
64
140
147
145
149
149
155
162
176
169
172
181
243
104
105
67
41
50
64
48
35
38
31
90
161
173
184
224
207
178
137
121
115
92
62
49
37
39
42
40
40
35
41
42
38
34
34
32
38
37
37
39
37
37
38
37
36
37
33
34
30
31
32
38
39
42
52
47
54
33
29
28
56
48
30
35
28
32
39
45
54
52
50
53
56
66
54
56
57
39
45
38
42
45
48
46
54
53
45
40
39
53
52
56
55
58
58
63
53
48
45
50
62
58
60
63
51
38
48
50
47
40
36
32
101
145
139
139
137
141
139
120
138
138
141
128
133
138
130
133
140
140
126
127
140
139
137
135
105
87
93
106
99
106
115
132
133
136
131
116
115
130
127
124
118
135
101
108
119
141
114
132
137
136
134
114
67
83
109
139
176
98
93
134
136
124
116
98
96
108
122
121
110
96
118
171
89
100
96
94
89
87
98
96
97
87
83
89
88
83
82
82
80
73
70
72
57
77
107
105
112
104
87
62
80
41
75
111
116
109
105
103
105
107
106
105
103
114
108
115
107
111
108
105
102
105
106
104
105
108
101
96
103
102
94
92
82
68
61
64
73
72
72
74
72
59
58
40
37
55
45
43
51
54
57
56
63
65
58
60
61
63
65
65
64
63
65
67
58
58
51
64
75
91
51
58
84
88
83
72
95
120
131
119
144
209
190
169
151
114
137
136
198
211
208
209
210
215
212
217
210
203
204
195
214
178
85
89
88
88
81
87
95
113
117
123
127
125
121
87
55
74
62
28
21
21
18
16
10
9
17
24
43
61
34
76
166
179
177
167
188
180
172
185
195
171
180
192
192
181
197
67
39
50
50
51
49
42
37
39
28
27
20
20
19
18
18
17
18
49
62
63
68
73
68
74
70
67
69
68
63
58
59
55
57
55
50
62
76
46
59
60
55
53
52
43
39
89
167
140
144
147
154
173
170
167
171
168
224
108
154
112
34
69
49
34
38
40
14
169
240
224
234
232
236
233
160
118
117
103
25
21
30
38
36
37
37
33
38
37
33
34
32
27
33
32
35
33
31
33
35
33
31
32
29
31
29
29
27
35
33
37
38
40
34
31
29
33
42
40
35
26
33
31
42
42
49
46
39
59
50
38
58
61
49
44
34
43
51
53
52
42
56
55
43
40
38
53
52
51
52
47
48
56
51
48
43
48
62
56
55
61
53
50
47
51
53
49
37
31
102
143
138
136
139
136
138
130
127
114
117
134
130
135
123
133
126
142
127
134
134
136
137
128
111
101
99
109
101
103
117
132
132
132
133
120
115
132
113
124
102
132
116
108
124
128
102
111
137
139
132
112
57
25
19
38
114
94
109
122
133
73
111
141
158
111
144
140
86
90
98
159
66
61
67
62
53
62
66
72
84
84
74
75
79
83
74
69
79
79
82
76
64
91
115
107
108
116
88
84
85
47
97
117
111
104
112
109
112
104
104
101
112
116
108
116
112
111
110
112
108
113
110
106
107
107
92
121
139
111
101
106
88
69
68
65
76
81
75
81
90
96
92
45
153
250
78
144
91
65
58
55
60
60
59
49
56
55
56
58
66
78
68
75
74
73
84
93
89
83
67
76
88
76
118
157
121
125
111
197
232
199
184
198
227
235
243
227
216
212
212
209
216
213
213
210
208
203
197
188
228
108
97
91
87
81
81
93
103
112
117
118
124
118
88
69
70
41
18
27
20
17
14
14
8
12
21
29
54
65
19
100
163
163
190
170
178
177
184
186
182
186
183
185
194
189
195
171
53
53
60
52
44
41
39
37
33
27
23
19
22
20
19
16
22
58
61
59
59
57
61
67
60
54
56
55
53
55
55
54
59
64
50
65
68
49
53
57
54
50
52
46
40
59
163
142
146
149
147
166
163
170
192
168
196
71
104
210
125
42
18
41
35
39
35
88
244
234
233
224
190
199
167
111
101
131
41
36
33
34
32
37
34
34
35
31
30
32
29
33
33
33
32
28
33
34
31
30
29
25
25
30
25
30
28
31
29
32
37
43
41
36
31
32
23
31
31
30
32
38
43
50
47
48
45
54
38
41
59
54
32
47
39
49
49
53
53
42
54
54
45
42
40
49
49
51
50
37
43
43
43
42
36
46
59
55
40
45
50
49
52
51
54
49
37
35
131
149
135
137
133
114
107
113
146
124
89
102
136
133
128
121
75
116
129
124
119
137
145
129
112
91
91
101
100
104
114
127
138
138
135
120
124
144
117
119
81
132
116
118
131
135
107
107
140
138
133
109
168
139
101
37
22
59
122
112
75
86
155
147
132
148
135
145
91
100
108
139
171
167
161
159
147
137
136
133
121
114
110
108
105
97
85
79
81
67
71
65
48
65
92
88
84
83
53
61
43
27
63
79
78
67
76
75
80
75
71
72
84
86
89
92
90
88
88
88
92
87
87
89
91
90
84
94
96
94
82
73
69
54
55
53
60
73
74
66
66
59
55
83
218
233
66
230
131
33
31
37
38
43
46
39
60
61
55
65
71
77
77
60
58
62
71
54
46
44
49
34
73
146
136
89
213
137
168
234
178
228
223
223
214
203
191
196
199
209
207
209
210
213
213
203
201
197
189
197
191
79
97
90
84
82
89
99
101
106
112
115
122
99
82
88
65
37
34
39
26
17
14
10
8
11
22
36
47
53
11
139
167
169
175
196
177
174
188
191
185
181
187
185
190
188
186
202
150
52
56
52
45
41
32
37
38
29
27
18
19
19
22
19
29
50
55
54
55
57
69
60
62
57
64
67
66
65
60
58
51
58
49
73
71
52
60
59
61
54
48
43
52
46
124
166
143
143
161
173
179
189
181
165
193
49
25
96
212
165
30
30
46
38
33
40
148
144
154
181
200
184
154
111
99
143
58
24
36
34
35
30
35
34
37
32
29
30
34
34
28
32
38
29
28
27
27
29
30
29
29
33
26
27
26
29
35
32
32
44
38
35
30
24
37
34
30
34
31
33
37
39
31
49
42
42
26
29
40
58
56
58
56
59
56
54
50
39
36
38
41
37
40
42
42
47
44
32
38
36
36
35
33
46
49
48
59
49
39
58
57
55
49
40
40
38
85
109
157
134
101
94
92
86
118
111
108
84
141
138
113
101
81
105
91
101
94
97
110
134
107
97
97
97
101
104
111
129
128
135
127
108
115
126
129
103
92
133
103
101
104
107
78
113
108
103
124
98
178
184
184
178
155
128
126
104
117
116
138
124
107
94
136
155
148
122
110
124
223
228
226
228
228
226
225
223
221
222
220
217
218
215
213
208
213
207
210
206
198
198
202
202
192
188
172
171
159
157
163
162
158
153
151
143
143
146
139
139
140
129
124
121
122
123
121
117
118
106
104
110
112
110
108
114
111
111
105
103
95
96
90
91
88
89
101
101
105
105
100
160
238
193
141
236
187
117
103
87
72
59
53
53
46
45
39
41
41
30
21
17
19
16
14
23
23
18
9
90
176
134
94
117
185
109
147
164
200
218
210
211
212
199
201
195
202
208
205
209
211
206
190
192
203
200
194
209
132
90
82
72
78
86
82
91
100
105
108
109
102
84
66
57
37
31
35
25
14
15
11
8
9
14
22
38
56
46
20
164
165
176
169
178
192
174
177
195
193
181
186
181
184
190
189
184
199
135
50
50
49
42
34
32
35
30
22
16
20
19
20
20
37
60
52
54
52
55
59
58
53
59
64
62
61
56
55
56
56
58
51
69
68
57
55
57
58
63
60
87
85
83
97
159
142
143
151
166
170
163
156
172
157
13
31
42
157
219
173
68
27
41
37
78
120
128
118
104
120
187
205
150
102
162
183
78
20
39
31
33
34
28
33
31
31
35
39
39
38
38
43
34
33
27
32
32
31
33
32
34
29
25
27
34
37
33
33
37
39
38
33
24
29
33
32
31
28
30
33
27
29
43
47
44
24
31
52
60
55
55
51
47
46
37
37
38
34
34
40
35
35
34
35
36
30
28
31
32
36
33
36
42
40
53
53
43
42
55
55
55
50
42
32
36
46
89
111
117
120
111
105
105
115
113
112
100
139
133
115
122
110
120
104
122
119
118
99
130
114
101
95
95
95
106
113
127
106
111
110
99
107
107
107
91
95
135
107
108
115
120
99
91
135
124
134
88
179
177
160
164
174
178
186
179
191
173
192
133
111
113
141
123
70
100
124
149
215
216
216
218
214
215
213
214
215
217
217
215
218
215
222
216
217
221
219
221
218
217
219
219
221
216
214
214
215
214
214
217
216
216
218
221
220
221
220
222
220
220
215
216
213
216
215
211
210
212
208
211
210
208
212
210
210
208
207
209
207
208
208
206
206
207
209
212
216
212
212
232
219
177
204
224
221
217
213
200
200
197
196
192
181
169
159
146
138
122
110
101
89
71
56
41
33
26
93
179
127
107
116
119
133
107
130
196
221
208
206
212
198
195
200
196
202
202
209
212
210
208
198
190
182
191
194
188
87
94
96
92
93
88
83
81
96
100
102
99
95
82
74
50
37
35
32
20
18
13
10
8
10
17
27
46
59
26
79
151
138
183
175
161
186
189
173
183
196
192
183
184
177
180
186
189
190
197
123
47
46
40
37
32
32
32
24
18
18
19
20
23
40
55
54
49
56
51
54
58
54
55
65
64
57
52
57
56
58
57
55
62
64
55
53
53
53
72
73
92
85
67
66
111
158
144
148
152
145
142
140
158
141
4
23
20
78
200
211
172
75
34
73
122
134
126
114
112
93
96
151
173
127
140
197
180
70
27
37
36
35
30
31
33
35
36
36
41
43
44
45
47
35
36
38
33
30
33
36
37
34
24
27
36
31
32
34
32
34
37
27
23
28
30
30
29
28
26
26
23
39
39
40
47
26
33
58
53
58
44
45
38
35
34
34
36
36
31
38
37
32
29
33
29
26
30
31
29
33
27
31
37
40
49
51
43
46
55
57
56
54
43
38
38
41
40
44
91
135
137
126
114
127
136
134
119
133
134
123
131
134
135
129
126
134
141
133
122
110
99
88
93
98
104
112
129
127
131
129
120
124
134
130
114
91
132
115
118
131
131
113
95
140
137
137
100
166
206
204
203
198
190
180
179
179
177
182
146
125
123
130
111
112
127
123
122
210
213
212
215
209
207
210
209
211
214
212
212
212
209
212
213
212
214
214
215
215
213
215
216
215
211
213
213
215
214
214
215
217
219
221
223
223
221
221
221
220
223
223
225
221
224
224
223
223
225
223
224
225
224
225
223
225
223
223
224
225
224
226
224
225
226
224
226
227
226
227
233
196
176
202
209
210
215
214
206
216
217
217
214
215
212
212
211
213
210
209
205
196
194
188
174
158
132
138
127
99
106
109
109
113
109
167
213
210
200
205
206
194
198
191
193
199
200
208
212
205
203
194
191
179
183
202
157
71
94
93
96
81
91
83
82
93
97
99
95
88
72
67
66
68
42
24
19
18
13
9
10
10
17
37
50
62
16
162
102
117
171
178
166
168
186
178
171
188
203
186
185
179
183
183
190
186
191
189
111
47
41
36
34
31
29
24
20
16
21
24
25
46
59
51
52
58
53
54
59
54
53
58
58
57
54
57
55
57
61
57
59
62
59
55
54
52
68
69
106
94
60
44
54
132
150
149
151
132
145
144
167
124
3
16
15
30
115
225
227
177
83
109
135
122
112
111
112
96
80
82
112
129
170
182
195
179
50
39
41
36
38
41
41
41
40
36
43
49
50
50
52
41
37
32
35
33
37
40
37
41
34
30
34
28
27
30
28
34
43
28
31
26
27
27
27
26
24
26
29
43
33
33
46
28
39
49
44
46
38
43
35
30
33
30
28
36
33
36
37
32
31
31
30
32
37
34
30
31
26
29
40
41
50
58
48
46
54
52
51
52
41
39
39
37
21
29
113
124
129
123
108
127
137
138
119
121
139
126
123
135
137
130
126
132
140
143
128
113
99
86
77
96
103
104
126
138
136
137
128
126
138
136
125
97
132
121
113
139
137
125
116
142
141
132
124
87
97
105
97
95
97
99
89
100
125
102
112
112
126
116
127
129
106
91
64
213
214
213
215
210
209
210
209
210
211
210
211
210
206
206
209
208
211
212
214
212
211
211
211
208
209
208
209
210
207
208
209
210
211
212
213
213
211
212
211
210
213
214
215
213
213
213
214
214
212
213
213
215
215
214
214
214
215
215
215
215
216
216
216
216
215
213
214
216
216
216
210
186
177
187
200
192
196
200
197
206
204
201
200
203
205
207
212
213
217
215
224
235
224
175
145
133
117
98
78
88
94
84
87
91
105
184
198
194
202
197
196
197
197
193
194
201
198
204
208
200
192
191
197
188
188
188
119
87
92
91
92
84
98
88
83
87
95
97
93
78
74
67
72
66
37
29
20
13
14
12
12
11
30
49
57
56
56
187
71
116
149
172
175
164
176
184
173
176
195
191
189
183
187
187
186
188
182
192
180
100
44
39
33
29
30
26
18
18
22
24
27
50
57
54
55
57
66
70
59
53
51
59
53
54
57
57
54
58
60
57
66
62
58
63
63
54
65
66
117
104
59
33
37
80
150
157
145
134
148
150
181
81
6
12
12
16
37
137
196
185
107
96
96
97
100
98
95
88
89
72
72
109
184
182
175
208
140
25
40
34
37
38
40
41
38
37
41
43
49
47
48
45
38
31
38
39
45
42
37
41
42
37
32
30
27
30
25
36
41
29
48
29
26
28
24
26
25
33
36
47
34
37
45
30
42
34
42
38
36
38
33
40
35
30
26
29
33
35
35
33
32
31
32
35
32
32
29
29
27
32
42
47
66
57
61
42
54
51
53
50
41
37
37
38
32
44
124
109
119
118
107
121
132
135
123
111
129
119
118
129
135
125
125
124
131
136
124
115
98
74
59
91
98
89
116
133
132
132
119
120
129
130
120
107
123
116
101
125
125
109
112
125
127
123
112
50
23
32
14
56
99
91
115
95
113
69
76
84
112
98
179
154
94
102
66
214
217
224
224
221
220
220
221
220
222
223
221
221
219
220
221
219
221
221
222
219
220
216
217
216
218
215
216
217
213
214
217
216
216
215
216
215
215
215
212
213
215
214
214
216
213
214
213
214
213
214
213
214
213
215
215
214
215
215
213
214
216
217
217
217
214
214
215
216
215
218
203
185
176
189
195
191
198
203
204
209
210
207
209
204
205
204
205
201
201
207
216
195
141
86
57
54
60
63
73
73
69
61
63
60
117
173
178
185
193
187
193
196
190
193
194
202
198
199
203
201
189
199
204
195
200
152
74
79
65
70
70
77
84
77
74
83
97
95
88
75
80
60
52
46
37
34
18
10
11
13
15
13
39
48
47
46
130
122
84
126
135
153
171
170
168
179
183
177
181
188
188
184
184
191
186
187
189
177
192
165
75
34
34
30
32
26
17
21
20
22
29
57
61
60
60
56
68
74
59
50
48
62
61
53
55
57
55
61
64
59
75
64
58
65
66
54
68
74
112
107
60
32
46
47
129
161
136
145
141
153
170
32
10
9
9
13
11
33
101
115
82
53
61
81
86
86
81
73
86
88
78
83
152
188
172
179
212
32
31
31
29
31
36
39
39
40
39
38
43
43
43
44
40
37
38
42
48
44
41
43
50
46
33
33
30
29
26
29
34
33
46
26
24
29
27
30
34
37
42
56
40
44
46
34
43
30
47
36
36
42
45
36
38
30
25
23
35
34
34
36
30
30
34
33
25
24
27
28
26
37
36
61
89
61
76
52
55
51
55
48
43
36
36
43
52
55
110
102
112
115
106
116
134
133
121
111
114
106
114
125
134
123
117
123
128
129
114
110
101
76
73
102
109
102
117
133
134
132
122
125
132
133
119
116
120
115
107
118
116
90
100
117
114
108
87
51
13
19
21
106
149
121
155
139
129
80
78
72
92
109
163
148
103
113
95
178
195
186
188
194
189
196
197
198
203
207
203
205
209
213
215
213
212
215
215
215
219
216
219
219
220
222
222
223
222
224
222
220
224
222
225
223
225
223
221
223
223
221
223
226
221
224
224
224
223
224
222
222
221
224
223
224
223
222
221
222
223
224
224
224
222
223
224
221
222
218
205
186
174
197
206
204
210
207
208
209
213
212
214
209
208
212
210
213
220
225
191
123
69
69
69
71
75
69
64
63
55
52
54
55
141
176
173
180
176
183
189
192
189
188
193
200
199
196
198
203
196
203
203
197
209
119
44
46
35
37
40
45
53
48
51
73
102
93
82
69
70
41
32
39
37
21
11
13
9
11
15
15
25
31
22
72
153
43
112
139
144
141
155
168
166
168
184
185
180
180
182
185
180
188
189
186
187
183
174
182
138
51
33
29
30
24
19
19
19
22
31
53
58
54
63
56
54
57
55
47
50
61
70
57
54
57
58
64
73
60
80
64
61
59
60
48
69
77
97
95
59
37
47
45
99
159
141
152
135
158
135
7
10
7
6
9
15
12
30
72
59
55
90
106
77
79
79
67
81
86
83
74
112
186
180
170
211
83
23
33
31
37
42
42
45
42
41
41
41
44
42
38
39
41
36
43
46
46
45
50
56
54
41
36
31
27
32
31
40
47
37
35
39
40
39
38
46
39
48
58
39
45
48
40
43
46
53
33
40
89
123
38
28
24
22
25
31
28
27
34
31
32
31
27
24
21
27
24
29
44
34
73
99
82
88
70
57
51
50
44
44
36
39
46
65
66
100
102
102
105
100
110
128
127
111
119
112
104
112
120
127
120
116
123
118
120
109
106
107
97
97
105
107
110
113
119
119
118
117
119
128
124
116
110
114
125
118
111
115
97
108
134
130
118
105
69
36
31
57
134
134
114
111
141
130
99
118
102
102
134
83
115
107
97
102
112
135
77
85
94
91
98
104
107
108
112
114
118
122
127
134
136
137
145
150
152
156
163
166
167
176
185
183
185
192
194
189
192
200
201
210
208
209
212
217
219
220
220
224
227
224
226
227
228
227
228
226
225
228
229
227
230
227
226
229
229
229
228
228
228
228
228
227
223
221
215
203
183
171
188
215
210
218
213
222
219
219
221
214
213
215
212
215
224
229
178
98
69
77
79
77
75
69
59
60
53
54
54
59
77
135
190
177
180
177
182
181
189
194
189
194
196
198
199
194
198
200
199
200
199
206
89
43
43
41
38
37
33
39
40
30
47
96
91
75
49
51
38
35
32
17
7
11
17
9
9
12
18
15
16
28
139
90
42
114
150
172
157
147
158
167
162
170
175
187
181
184
186
179
180
190
187
182
182
178
170
177
121
41
27
28
27
18
14
19
21
34
40
35
43
55
53
50
48
42
41
47
52
53
54
51
50
53
63
60
54
82
63
58
58
55
46
65
59
77
69
45
40
41
50
80
165
158
147
133
159
95
7
6
8
4
7
14
14
44
71
64
126
156
167
96
74
84
67
73
83
78
89
88
175
182
174
193
137
23
39
42
50
51
50
47
39
45
42
45
45
40
34
39
43
43
44
45
47
45
52
52
54
50
44
38
42
48
59
55
61
50
63
67
62
51
44
46
47
54
49
32
43
57
54
42
60
47
34
69
163
231
111
37
32
35
41
28
45
42
32
33
42
30
29
31
33
41
35
47
58
55
76
93
95
93
71
58
54
48
42
42
36
43
45
65
79
86
98
104
98
95
103
106
116
114
121
111
117
120
116
113
119
131
117
106
107
99
110
114
122
104
90
80
82
96
101
103
102
103
105
117
111
113
107
105
136
117
93
110
110
113
119
131
142
140
116
110
97
108
129
128
130
122
127
141
138
156
148
133
122
83
131
115
111
113
144
142
93
103
95
97
91
93
96
87
84
84
82
85
79
86
82
77
80
68
68
69
83
79
75
78
77
80
85
82
82
87
91
94
94
101
99
100
103
108
108
114
115
122
127
127
126
128
132
133
137
140
139
141
142
140
142
141
142
146
148
148
145
142
145
147
145
141
139
120
172
212
177
173
123
143
172
172
178
196
204
207
210
201
209
226
186
211
218
158
82
73
79
75
71
76
70
59
53
56
51
53
48
53
68
88
174
174
178
189
185
185
181
180
179
183
194
199
210
204
194
200
201
204
204
186
49
38
40
48
41
34
39
35
48
46
39
67
99
80
60
52
42
31
26
19
15
10
10
8
11
14
20
35
10
96
131
59
79
102
140
176
173
162
156
157
163
161
169
179
185
182
187
181
175
186
187
190
183
177
172
160
158
115
46
25
26
19
15
19
22
43
100
90
81
74
71
70
59
51
42
39
35
40
37
41
40
37
42
44
41
71
70
48
51
54
62
56
51
63
57
44
37
37
44
57
179
155
148
143
156
48
14
10
9
10
4
14
17
49
59
85
188
184
182
123
78
79
75
69
90
80
91
73
146
182
181
179
151
35
47
45
49
49
65
55
43
46
46
43
36
30
39
50
51
47
47
40
44
37
46
46
43
47
56
59
68
64
61
58
56
45
37
36
48
52
45
40
49
59
50
50
56
88
86
59
51
30
43
133
155
176
205
152
85
76
78
79
157
165
76
34
50
53
56
60
63
77
87
83
79
86
89
94
92
95
68
57
57
52
47
43
38
42
44
54
56
44
63
98
104
83
101
112
114
118
108
95
96
111
114
117
130
131
125
114
100
96
104
124
156
156
139
137
140
148
167
167
160
160
161
152
161
160
164
156
146
146
135
130
115
81
31
41
62
84
81
100
124
131
132
150
168
177
157
160
137
130
114
100
123
129
113
116
118
126
157
152
102
106
101
107
105
106
110
111
109
107
107
105
107
108
113
109
95
117
98
103
114
113
114
115
113
108
103
104
105
102
105
106
103
101
100
101
100
100
101
103
94
92
94
92
88
92
96
94
96
96
96
95
99
99
98
98
98
97
92
96
103
105
99
97
99
97
101
78
162
220
175
172
129
128
149
114
101
101
105
99
89
163
224
220
127
90
104
114
90
79
74
71
63
57
48
52
59
50
51
66
115
90
43
60
138
170
162
175
181
178
177
178
183
183
193
201
202
199
190
204
204
193
213
153
39
47
51
45
44
37
38
41
44
43
31
28
79
79
89
59
44
35
26
17
11
12
14
8
8
21
31
3
64
166
50
91
82
97
119
154
165
169
165
158
159
165
162
173
173
179
183
183
182
176
185
183
183
179
176
166
156
146
102
40
30
24
15
25
19
53
230
246
246
244
239
228
222
216
202
198
187
184
174
158
138
123
119
103
93
95
84
70
66
57
53
49
35
70
47
23
16
10
19
16
145
196
160
153
142
32
18
8
7
14
11
13
30
72
54
122
212
187
198
149
84
92
78
70
93
93
87
83
121
181
178
171
148
49
58
55
37
71
76
85
59
31
41
37
29
31
47
46
47
61
60
43
27
23
48
77
65
78
60
48
48
44
57
78
100
91
108
53
27
40
65
42
73
76
83
97
89
74
92
94
68
48
45
140
163
167
134
182
84
55
66
94
223
200
161
111
72
78
91
97
94
93
99
99
122
113
108
106
104
105
73
46
54
52
43
39
40
41
51
54
51
58
78
79
84
74
87
107
100
108
91
69
81
106
105
122
125
110
107
105
96
100
102
86
67
82
75
77
67
94
74
49
53
56
62
67
81
83
69
75
75
62
64
75
87
82
93
80
65
55
59
62
55
54
65
56
48
40
59
74
102
91
88
112
119
117
106
115
123
115
156
145
97
108
106
96
103
106
105
107
104
102
105
105
103
102
102
84
193
223
75
98
109
113
106
104
105
101
99
97
105
107
103
99
104
102
106
104
108
115
115
117
112
111
117
120
116
116
119
119
120
119
121
116
118
122
120
119
118
115
117
115
118
119
116
120
124
125
129
102
186
210
176
174
161
163
174
146
128
113
100
117
193
232
217
208
197
169
227
193
63
70
67
66
50
48
48
56
168
183
181
189
200
184
118
48
68
169
172
176
182
170
172
178
195
205
206
208
188
170
188
197
192
184
226
98
38
36
27
27
29
28
33
32
32
39
37
34
39
51
83
75
50
37
26
16
13
16
15
16
22
10
3
106
193
54
56
103
91
105
123
139
167
168
168
172
169
163
164
163
180
176
182
185
184
179
184
184
183
179
173
169
158
155
136
99
43
14
16
29
32
20
172
226
202
207
207
210
209
216
218
221
227
232
236
233
229
235
228
234
238
192
177
240
226
216
207
210
202
202
203
195
188
174
155
130
132
215
170
160
113
45
48
44
42
36
25
21
32
43
26
127
206
196
195
189
79
48
53
38
57
69
77
76
93
180
179
183
137
88
96
97
102
101
97
113
116
105
81
58
65
85
66
73
80
71
74
72
68
55
54
76
75
61
58
72
62
63
62
45
63
99
86
126
130
102
120
64
87
57
53
55
80
89
91
90
104
115
107
110
130
145
103
94
65
66
87
71
80
88
97
114
98
83
93
101
117
123
125
120
124
111
99
98
94
89
66
53
56
58
49
43
42
40
59
63
65
66
85
116
126
125
129
124
115
121
113
117
127
119
112
110
113
113
124
110
104
132
110
111
120
119
122
135
150
121
119
116
122
119
116
121
121
119
138
141
127
127
133
123
124
136
125
131
133
128
128
140
133
126
134
131
138
131
124
124
133
129
141
128
124
127
127
125
122
128
165
139
101
104
106
107
103
104
106
105
102
103
101
101
103
103
95
125
230
170
79
97
105
116
109
107
101
102
102
96
102
108
104
99
107
102
106
103
106
112
113
112
114
113
114
113
114
113
115
117
118
115
120
120
117
119
119
118
118
120
119
122
119
114
116
118
117
115
123
94
187
212
175
176
172
172
167
119
124
154
164
223
226
207
186
187
225
233
242
130
54
57
51
47
42
38
41
37
72
163
159
160
161
160
164
125
45
121
177
166
172
170
167
180
181
184
188
183
184
180
184
185
176
166
205
93
90
80
83
67
63
66
48
50
41
37
43
32
36
35
31
27
41
39
29
14
10
17
18
3
5
42
150
175
47
37
73
106
103
116
130
139
151
171
172
173
175
178
174
172
175
176
178
185
185
186
185
184
179
175
173
167
161
151
147
133
103
38
14
31
33
22
71
235
211
212
209
209
213
209
209
211
212
210
208
208
209
211
210
212
211
197
185
224
210
213
212
214
212
217
217
217
223
224
225
222
217
199
193
194
191
195
190
196
196
193
179
172
169
167
160
190
210
202
202
210
167
113
106
98
92
106
100
88
99
171
169
184
140
76
65
62
65
73
82
87
95
108
109
101
113
111
105
105
99
102
98
89
102
89
93
101
124
119
119
104
104
117
120
125
123
132
106
213
230
192
221
184
108
125
122
115
118
108
109
115
106
111
111
107
105
104
85
82
83
79
81
84
96
104
110
104
107
87
98
115
121
116
116
106
107
96
98
109
107
95
66
60
56
51
48
41
40
44
72
88
91
85
81
75
79
85
91
95
91
95
98
104
111
114
119
117
130
131
142
134
120
129
118
126
118
111
112
107
117
110
110
106
101
108
110
106
117
122
159
145
118
116
114
117
121
122
123
129
126
126
123
126
123
127
131
135
131
136
130
128
127
125
125
122
120
120
120
118
120
123
170
137
102
106
106
108
105
104
105
109
106
101
99
102
104
104
96
142
217
168
89
92
109
120
113
107
98
100
97
97
99
104
104
101
103
102
105
99
108
107
110
111
110
113
113
110
109
110
110
112
111
114
117
116
113
117
116
119
116
125
122
119
117
120
122
124
128
123
123
94
194
208
175
174
170
169
174
180
193
188
219
215
196
193
200
219
208
177
192
79
43
44
36
33
38
35
37
38
29
83
160
145
138
154
162
165
89
94
163
137
154
163
167
171
171
169
159
163
168
169
179
175
161
148
186
69
72
84
80
83
87
82
85
92
81
85
82
70
62
49
31
26
25
34
33
17
11
14
14
67
127
159
119
52
17
74
82
113
112
120
137
154
163
170
170
173
181
187
182
179
180
177
177
181
187
190
184
182
176
177
172
165
161
152
145
130
111
53
24
29
30
29
26
231
218
214
214
209
210
206
209
211
210
211
209
210
211
211
214
210
208
207
189
215
213
213
210
212
209
209
208
208
209
210
211
210
206
194
193
195
194
193
194
196
202
203
203
203
209
210
212
211
210
209
210
212
215
212
211
207
207
210
211
204
200
215
212
211
198
172
172
164
156
166
172
174
179
184
179
176
166
159
160
155
150
149
136
128
122
120
114
111
106
107
103
94
106
104
100
98
97
79
119
238
215
192
192
203
73
75
78
76
75
74
80
84
87
85
91
92
92
94
90
95
96
98
100
98
105
110
105
109
117
104
108
118
113
107
110
108
113
116
108
122
114
108
77
58
60
51
47
45
39
42
68
93
97
98
91
87
83
77
79
82
84
88
90
88
87
90
85
89
92
94
98
102
107
111
115
118
122
120
132
127
129
135
135
126
121
119
119
114
120
117
117
120
120
116
116
109
118
114
112
113
116
123
117
119
109
116
124
123
120
117
118
112
112
117
110
121
121
118
117
119
124
120
171
133
101
110
109
106
107
108
105
108
107
104
103
107
104
104
97
135
214
174
85
90
108
119
115
103
99
99
96
95
96
97
101
102
107
100
103
103
106
103
106
107
109
111
111
112
108
108
109
109
108
112
114
113
116
112
114
113
114
116
114
114
113
108
112
111
101
112
136
92
197
208
177
177
165
184
198
192
158
191
223
210
205
201
186
165
153
139
158
49
33
37
31
31
25
36
36
35
27
45
143
144
138
146
155
160
94
81
160
136
145
151
154
149
151
153
143
148
148
154
143
143
147
151
163
67
74
81
65
82
77
73
79
71
61
71
65
76
58
51
41
33
24
21
25
14
13
17
112
145
115
84
37
14
14
48
78
118
112
127
142
156
166
169
174
183
189
189
191
186
184
185
185
195
197
187
181
178
176
177
175
167
158
154
150
144
109
64
43
26
30
22
43
236
207
211
209
206
205
205
203
206
207
209
209
209
211
212
212
213
211
215
194
209
215
213
214
213
209
211
209
208
208
205
206
208
200
196
197
196
193
190
190
194
199
202
202
202
201
205
207
207
209
208
211
211
212
215
217
218
217
219
217
216
217
217
218
210
206
210
213
206
203
206
210
213
215
217
213
212
209
209
210
207
207
204
196
194
186
184
179
176
167
169
164
160
157
153
143
133
129
113
183
232
202
187
192
211
130
117
119
115
110
105
104
99
100
90
90
90
88
88
87
85
84
89
97
92
89
87
87
92
94
94
99
102
106
102
109
110
114
122
115
121
115
121
72
68
63
57
48
41
40
46
75
102
106
112
106
106
105
99
94
92
90
93
96
95
97
95
91
89
93
91
89
87
93
87
89
88
89
94
97
101
102
105
109
116
121
116
122
129
128
133
128
130
133
148
141
130
138
130
131
129
128
133
126
125
119
121
124
121
120
123
124
128
127
129
125
127
128
125
127
127
130
124
176
134
102
111
110
107
107
109
105
104
107
108
105
104
104
107
93
129
214
174
82
94
109
117
115
107
103
100
99
95
98
97
99
100
106
102
102
104
104
102
104
105
106
107
107
109
107
107
106
109
109
111
113
112
115
109
111
109
113
107
112
89
69
60
62
57
47
59
120
100
203
205
174
174
183
201
196
180
171
214
208
194
174
173
146
120
132
128
139
41
32
36
28
23
35
33
32
34
27
68
134
138
140
139
148
152
85
96
153
141
144
146
145
137
133
147
145
147
146
147
136
139
143
159
131
72
82
85
78
83
77
78
79
67
63
62
61
65
40
54
50
33
23
15
17
16
18
20
89
82
40
17
12
19
24
16
53
124
113
126
143
155
166
167
175
184
195
192
196
193
193
198
198
196
190
185
178
174
175
174
172
164
155
151
152
160
132
62
43
31
29
23
88
244
216
225
226
223
225
224
223
218
218
221
217
216
215
216
212
214
209
215
194
173
214
209
209
208
208
207
207
204
204
207
206
208
202
195
193
195
194
195
191
194
200
202
202
203
199
209
208
204
206
203
208
208
205
207
204
206
207
207
208
205
209
209
212
210
204
210
207
207
204
203
209
209
210
209
210
209
213
216
216
217
217
215
214
215
208
202
207
214
213
214
212
212
208
210
201
199
197
201
222
220
199
177
207
215
204
200
201
200
199
195
193
188
184
176
168
164
159
159
155
151
149
148
146
143
137
127
127
125
119
119
118
116
117
112
113
108
103
104
100
102
96
100
47
47
42
36
29
23
27
30
63
92
99
104
104
108
107
107
104
104
102
106
107
107
106
105
111
104
107
103
104
102
98
94
92
90
88
88
88
91
90
89
88
91
95
95
98
105
102
108
107
110
112
121
124
123
125
131
135
139
141
145
139
131
127
130
137
137
139
145
141
143
139
140
138
135
138
136
132
131
132
129
182
134
101
107
104
107
105
105
104
101
104
101
104
100
101
102
86
126
217
172
82
100
113
114
103
110
106
103
101
94
99
100
99
100
101
102
101
103
103
104
103
105
103
105
107
106
104
105
107
115
109
110
111
109
111
107
108
110
108
112
110
54
29
26
22
22
26
29
71
66
187
211
172
184
202
202
207
208
225
227
195
175
143
149
137
125
132
127
115
39
34
27
29
57
97
66
34
31
33
115
137
135
140
135
133
149
90
123
145
146
142
141
144
143
140
152
155
152
141
151
151
149
139
161
101
71
78
85
87
83
86
84
84
80
79
71
74
65
37
53
62
41
23
20
15
18
20
19
16
8
11
13
18
14
46
40
26
106
127
120
149
166
172
170
172
178
191
196
197
196
197
201
196
188
188
188
185
183
175
171
166
161
152
149
145
148
154
69
26
30
29
39
109
178
170
181
186
188
192
197
205
203
205
215
212
215
217
220
219
221
220
225
207
156
228
224
219
220
215
218
216
211
205
212
209
206
202
193
188
190
189
190
187
186
193
191
197
198
193
202
205
203
200
199
204
204
205
210
208
207
212
208
213
212
210
207
211
213
210
209
204
209
205
201
205
205
206
203
206
205
206
205
206
208
207
206
207
207
201
195
202
213
213
214
214
214
216
218
215
217
219
227
223
211
192
161
216
210
221
227
226
230
230
230
230
229
228
225
219
217
214
217
216
217
216
214
207
206
206
196
195
192
192
188
186
183
178
175
170
163
155
151
147
148
141
139
110
98
93
86
81
71
68
61
84
101
105
107
107
106
102
103
103
101
100
103
99
101
95
96
102
99
98
98
101
104
96
100
98
98
97
95
99
98
96
96
94
91
92
92
90
92
89
89
90
91
92
91
97
101
99
109
109
117
120
123
121
117
117
120
125
127
132
135
134
137
137
137
137
139
145
144
142
143
142
142
183
128
100
107
104
107
108
104
104
103
103
97
97
98
104
104
97
125
219
170
91
105
115
112
96
110
106
104
101
97
98
101
102
99
105
101
98
103
102
101
101
101
100
104
105
104
101
102
112
115
105
108
106
106
110
106
106
108
100
107
80
26
20
20
16
27
34
34
32
13
141
217
186
193
173
176
209
206
196
171
153
145
130
138
137
129
115
122
80
32
33
34
68
120
140
119
46
22
65
146
136
134
141
137
129
150
92
140
144
153
144
139
149
151
156
154
156
152
132
155
153
146
132
166
76
63
66
67
68
70
75
73
76
69
67
69
71
68
45
45
53
40
24
23
17
17
17
17
14
19
19
11
13
9
48
83
34
55
123
122
148
168
177
178
172
179
190
198
199
196
194
198
192
193
196
191
187
179
168
165
161
158
151
149
141
123
132
82
22
24
30
62
119
103
92
106
108
113
113
119
129
137
140
149
155
162
168
177
179
183
189
195
187
154
207
209
208
211
205
217
217
213
206
211
213
213
209
207
203
202
200
200
198
197
201
201
204
202
197
196
201
204
201
201
203
204
206
207
208
206
206
203
206
210
204
205
207
209
208
207
207
209
208
205
205
208
208
207
209
209
208
208
208
208
208
209
207
205
205
203
206
208
207
208
208
205
205
204
204
201
204
201
217
202
184
153
221
206
206
210
210
210
208
206
206
205
208
205
205
208
207
209
212
214
215
217
219
217
217
219
221
220
227
224
227
228
227
228
226
225
225
221
219
220
217
215
217
208
198
193
190
176
168
162
171
171
170
169
162
154
149
151
146
140
139
136
131
134
128
125
120
121
115
116
111
113
108
106
107
108
105
103
102
102
101
100
100
103
102
98
98
97
98
95
99
96
92
93
90
91
90
88
86
90
88
89
92
100
103
100
98
95
98
98
104
113
117
115
117
122
122
125
134
137
138
143
181
126
104
112
115
114
115
110
111
112
106
110
100
107
123
132
126
131
212
169
110
113
117
118
110
115
109
103
102
104
99
102
107
100
113
108
101
101
102
98
101
97
102
103
100
102
101
102
113
103
104
109
108
110
113
112
110
108
100
70
32
28
37
29
16
22
25
23
28
18
93
205
202
184
131
148
141
112
102
95
91
102
102
106
106
115
108
118
64
27
47
90
141
137
109
131
56
26
120
145
134
132
147
152
154
142
85
155
147
159
159
155
161
158
158
152
150
155
148
151
151
144
139
165
62
63
66
51
56
58
58
60
62
42
50
53
56
53
46
42
23
19
23
21
20
16
16
19
18
20
16
14
12
12
17
72
79
21
66
120
127
145
175
176
176
185
198
199
204
205
204
206
200
195
178
168
154
137
146
156
154
151
152
148
140
122
86
61
35
22
28
75
144
129
96
103
105
102
96
90
90
92
85
80
86
87
87
98
97
96
100
107
114
119
123
128
133
135
143
150
167
164
165
172
162
169
176
183
183
184
189
191
189
195
203
209
207
208
212
208
210
206
206
206
207
209
210
209
212
212
209
209
209
207
208
211
207
211
206
205
210
209
207
209
208
209
207
210
208
207
207
209
206
207
205
205
203
202
204
203
208
205
207
206
208
207
206
206
205
204
208
207
212
191
179
160
214
207
206
212
214
210
214
214
215
212
213
211
210
209
212
208
207
207
207
204
207
203
193
207
205
201
202
198
200
201
201
201
201
204
206
206
207
210
212
211
219
227
221
219
222
225
226
232
237
239
242
239
233
231
230
232
228
226
230
227
223
219
217
213
205
202
191
185
176
177
178
167
171
169
166
158
149
143
141
135
129
127
121
118
116
113
118
112
112
110
108
106
105
104
106
103
102
101
104
103
104
107
104
101
103
96
92
87
87
87
87
85
86
88
81
84
88
92
96
104
183
131
110
113
115
114
114
115
117
118
116
124
138
136
137
139
123
137
210
174
106
117
117
120
120
118
117
109
103
111
108
109
112
111
115
115
121
112
109
113
113
112
117
119
111
114
119
111
111
111
115
122
122
119
117
124
125
121
104
47
40
88
110
90
32
27
43
28
31
26
66
199
183
204
207
168
102
94
110
128
127
126
130
127
125
129
141
150
99
28
108
141
138
136
134
146
60
49
155
141
152
155
165
168
180
78
112
185
168
169
168
172
176
183
182
176
172
176
172
168
174
168
170
121
87
92
86
88
83
79
71
60
44
30
50
33
43
35
42
45
32
25
22
22
20
13
15
13
18
20
13
15
7
12
11
18
93
68
9
81
127
135
162
170
178
191
198
202
214
218
215
197
172
149
134
109
104
117
133
157
151
146
150
142
138
139
85
24
25
19
16
57
111
134
113
110
122
115
115
118
122
124
121
121
120
119
115
117
114
112
118
113
113
111
106
96
97
94
99
95
99
102
93
91
14
16
22
24
23
29
44
54
61
77
99
105
115
125
132
143
160
170
178
176
186
194
198
197
216
219
220
222
227
223
220
221
213
214
213
210
212
218
217
215
213
212
212
214
210
210
210
208
207
208
206
205
206
207
205
200
203
207
210
207
208
208
208
205
205
206
206
208
209
187
178
188
204
201
209
211
206
202
213
215
213
210
212
207
209
211
212
208
213
208
213
211
211
211
198
211
215
210
210
212
211
212
212
210
210
210
208
208
212
206
208
207
207
208
208
208
207
207
201
202
199
203
203
202
202
205
205
204
206
206
213
214
217
218
219
219
222
223
225
221
222
225
235
238
239
241
246
240
240
234
230
230
226
225
227
228
229
228
226
218
212
204
196
195
195
188
185
175
169
166
163
159
145
139
138
132
129
130
127
127
114
118
116
108
109
103
106
101
96
94
89
85
182
124
111
116
111
116
120
120
120
116
115
119
130
118
115
113
100
122
210
173
116
120
111
114
123
126
128
123
117
120
120
122
125
126
120
122
117
114
138
138
114
120
122
126
120
122
129
123
120
129
135
131
129
132
132
130
123
125
129
139
130
135
125
139
57
79
97
39
23
35
40
188
175
185
229
220
203
191
202
183
168
156
159
158
143
136
129
135
77
38
145
116
130
144
143
156
134
45
147
158
169
183
186
185
197
54
159
194
196
191
192
193
197
206
218
212
201
199
204
199
193
194
199
63
64
70
71
86
89
94
84
93
90
84
69
67
54
37
31
32
48
46
22
13
20
23
18
16
22
12
11
12
16
7
15
18
40
146
59
27
127
155
170
180
191
195
202
221
220
177
114
98
120
97
104
120
156
181
174
157
143
139
140
139
146
152
90
33
23
20
17
36
92
132
104
103
103
102
106
102
106
112
109
117
110
111
113
110
114
114
120
119
120
121
122
125
120
124
120
126
126
121
124
116
22
21
18
10
7
6
2
1
1
1
2
6
6
9
16
96
65
61
102
85
84
74
83
141
94
76
78
90
90
109
127
144
174
178
193
180
198
182
188
213
214
222
218
220
222
225
230
228
234
228
232
232
229
233
229
223
216
218
220
217
217
211
215
207
204
210
212
214
209
185
175
190
209
203
212
209
201
199
210
209
208
204
203
206
207
205
207
209
211
214
211
209
211
215
218
212
214
211
214
213
210
212
212
210
212
211
209
211
212
208
207
208
216
216
215
215
214
217
215
214
210
214
215
219
214
211
212
214
213
213
211
211
212
212
206
206
209
204
207
202
202
201
197
196
200
198
197
202
204
203
205
206
204
205
210
211
216
217
215
220
225
224
224
220
226
228
233
237
237
238
241
243
249
244
238
233
235
235
232
234
230
229
232
230
233
231
219
217
212
211
207
199
182
126
112
116
117
117
112
116
115
118
124
121
115
121
123
119
113
135
207
176
120
118
120
120
120
117
116
114
124
123
117
115
115
119
116
110
116
121
127
115
116
121
122
120
121
123
120
121
127
125
128
124
127
129
127
134
137
143
136
128
125
127
128
129
84
105
111
68
22
28
20
135
191
162
159
182
182
180
180
171
166
151
143
140
144
142
147
158
117
47
171
169
175
171
168
167
189
111
90
211
186
188
186
204
168
141
223
225
222
229
231
225
224
224
217
203
215
224
224
221
215
225
183
39
51
49
46
44
39
29
46
49
51
68
62
71
71
63
50
34
31
39
21
18
16
14
15
18
12
14
13
16
72
45
10
16
12
61
166
48
75
157
166
179
173
193
214
195
132
91
86
111
97
118
148
170
185
179
150
140
136
134
135
132
141
154
89
29
19
23
20
59
124
135
108
108
109
104
111
107
107
113
113
131
126
113
115
112
114
117
115
116
116
113
113
118
115
119
116
120
117
122
123
106
24
23
26
14
13
14
14
12
6
13
14
19
20
30
67
174
116
118
176
169
148
146
136
180
119
54
34
31
28
41
52
76
164
154
181
182
201
181
104
82
109
113
112
122
126
121
130
130
138
142
145
151
153
171
169
178
183
183
194
200
211
219
223
221
227
225
204
204
211
178
172
179
209
218
225
225
232
231
236
231
237
233
233
232
226
227
222
222
219
216
213
214
208
210
209
210
210
209
208
202
205
207
207
208
210
209
211
213
208
207
210
213
212
214
218
216
217
217
214
215
216
215
215
215
213
216
213
212
211
210
212
215
208
207
215
215
213
219
216
212
211
216
216
162
221
212
215
216
214
214
215
217
214
212
212
212
215
212
213
213
210
209
209
208
207
203
203
206
204
205
203
198
204
201
201
202
200
204
205
202
206
206
207
213
210
216
213
221
219
218
219
212
183
122
111
114
116
121
121
122
118
117
119
121
120
115
112
111
106
135
211
174
111
119
124
128
120
118
117
126
122
122
122
120
119
121
118
116
125
124
126
122
119
122
123
123
118
124
124
122
125
127
122
128
139
135
129
131
128
123
124
119
130
132
136
124
124
117
118
109
54
23
21
79
170
164
142
148
137
152
173
187
209
209
202
188
185
172
172
201
114
119
184
169
174
179
182
179
188
171
53
150
226
219
229
232
229
223
201
194
181
161
164
172
169
153
148
160
163
175
195
200
197
209
124
49
56
63
67
48
45
29
36
38
35
38
35
37
34
34
45
89
56
33
19
20
14
15
14
12
13
16
14
14
59
116
70
14
18
19
64
120
47
139
165
178
174
208
191
127
73
88
115
119
137
182
186
195
174
146
137
136
135
131
134
123
146
139
81
23
18
13
21
72
132
126
112
109
114
111
114
114
113
113
115
108
115
116
118
113
115
115
116
115
114
117
117
115
114
113
113
115
114
115
113
97
18
25
27
15
9
11
9
7
3
6
5
10
14
10
112
182
135
143
188
192
169
172
155
185
168
60
24
33
20
37
42
58
150
158
158
185
192
210
227
144
113
112
119
109
97
102
110
113
110
110
109
106
105
107
101
102
103
109
107
109
115
115
117
122
126
130
114
200
209
175
163
95
113
150
146
135
135
143
147
143
160
170
173
180
183
194
203
211
214
221
224
227
228
229
228
228
229
232
231
227
225
230
230
226
226
222
219
218
213
216
213
212
215
208
208
207
207
207
206
208
210
212
213
210
212
212
211
213
210
213
213
214
211
211
214
216
216
218
215
215
213
215
225
157
223
217
216
213
216
214
213
216
213
214
216
216
216
216
214
212
210
212
212
212
215
213
212
212
213
213
211
212
211
214
213
212
211
210
211
211
209
214
209
211
207
204
208
210
208
209
208
206
186
115
111
117
115
121
121
117
117
117
119
120
118
117
114
114
111
136
212
176
106
120
120
123
117
114
114
118
121
123
117
116
119
123
121
122
123
119
129
122
125
132
134
130
131
125
123
125
126
127
127
131
135
136
135
128
125
130
128
130
128
135
139
131
128
126
129
127
115
48
9
39
115
150
145
157
154
141
136
137
151
170
185
199
197
204
216
174
116
211
199
201
206
216
219
220
229
217
163
63
200
208
187
176
166
139
122
110
111
101
98
113
111
113
121
144
145
141
156
163
159
153
73
59
54
65
60
59
60
37
42
43
45
47
42
27
25
26
25
49
47
31
20
17
12
16
10
15
15
14
16
14
19
78
137
65
21
24
11
94
76
108
181
173
195
194
141
90
82
122
135
155
181
188
199
173
146
137
143
139
147
142
128
131
97
69
74
19
15
13
19
70
128
139
110
113
113
111
109
117
114
112
115
110
116
117
116
114
113
114
117
118
117
114
120
117
116
113
115
121
123
120
127
93
15
24
20
11
7
13
10
6
7
6
4
8
12
5
159
185
165
153
178
197
175
186
164
186
188
134
151
179
83
140
166
158
146
183
203
219
217
213
236
164
160
164
118
145
164
145
132
116
125
123
123
123
123
124
122
121
120
121
119
119
121
119
121
117
119
113
109
212
206
171
168
150
135
148
139
117
119
123
122
116
121
123
120
127
121
120
125
128
129
135
133
135
141
147
150
150
154
163
172
177
180
186
194
200
203
207
211
215
221
224
229
231
233
239
240
237
241
237
239
237
232
230
229
224
223
221
220
216
215
213
213
214
215
212
211
211
208
208
211
213
206
204
228
155
211
216
210
213
215
213
213
215
214
215
215
214
218
213
217
212
211
212
216
213
214
215
216
215
216
214
213
213
212
214
215
214
212
213
214
213
214
212
213
211
212
206
210
213
210
209
210
211
183
111
107
111
114
119
118
119
119
118
120
120
118
116
116
117
112
135
213
174
112
118
122
120
110
110
112
111
111
117
117
120
121
120
121
125
121
121
125
125
123
132
134
128
132
123
125
125
125
128
127
126
126
127
129
130
129
131
128
126
133
132
133
133
134
128
132
132
130
95
46
20
42
92
102
108
119
118
113
117
117
140
140
145
153
155
160
88
100
202
170
178
171
176
183
187
179
168
150
57
114
122
95
94
86
80
78
68
86
90
93
103
119
133
120
140
142
140
142
143
132
105
54
57
56
62
57
63
60
39
40
36
43
50
39
35
28
27
23
29
28
22
18
13
15
15
11
11
15
17
18
22
22
21
87
117
50
21
23
51
114
82
172
175
198
142
92
80
119
145
154
176
194
199
173
140
135
156
153
158
147
117
115
96
38
20
36
23
16
13
12
56
117
139
111
115
115
115
113
116
114
112
114
115
117
115
116
118
115
117
118
120
118
117
119
118
115
115
119
121
123
121
131
86
14
24
17
11
3
11
8
3
7
4
3
8
9
15
207
171
185
162
183
196
184
196
168
184
196
179
185
215
189
213
212
201
192
206
219
219
200
214
227
138
149
194
138
137
170
169
130
139
126
126
124
126
126
131
129
126
127
124
127
129
126
126
125
127
121
132
123
217
204
171
169
165
156
156
145
122
126
129
129
125
125
124
118
124
122
122
123
122
123
121
118
120
121
123
123
124
126
127
130
129
127
128
130
134
135
140
137
136
148
146
150
158
151
143
149
155
162
173
179
184
190
196
199
205
210
212
220
220
223
226
227
230
229
229
232
231
230
227
227
229
225
219
237
185
207
224
216
222
215
214
213
212
213
212
211
211
213
210
210
208
208
207
211
210
210
211
210
211
209
209
211
211
211
209
213
212
213
212
210
213
213
213
214
213
214
213
213
214
213
214
213
212
185
116
110
109
112
113
113
120
117
118
120
120
121
118
119
120
110
132
213
172
111
121
122
119
117
118
116
116
115
118
117
120
123
119
123
123
124
124
120
125
121
126
126
124
126
122
127
126
124
131
127
125
126
123
126
128
129
127
126
126
122
120
130
131
135
130
132
133
124
134
158
61
15
31
47
47
45
52
59
75
79
93
103
99
100
108
98
58
50
96
94
94
89
90
98
98
91
87
84
71
70
69
62
71
75
73
80
78
89
92
99
99
109
135
127
134
136
136
127
134
135
116
60
57
59
58
59
63
47
37
45
36
42
42
40
41
31
26
25
39
37
24
18
14
24
20
11
12
19
16
17
26
78
41
24
90
101
42
28
29
145
81
147
202
171
105
78
105
152
152
171
188
183
163
150
160
163
149
155
137
108
110
96
37
22
17
20
19
20
16
13
37
105
144
110
118
119
120
123
119
119
118
117
119
117
117
117
120
119
121
121
124
121
124
121
118
118
120
122
122
123
119
128
86
12
25
18
12
1
9
6
4
6
2
3
9
5
68
234
192
210
176
188
195
194
197
168
176
207
197
167
194
214
215
199
193
212
197
207
202
190
214
220
155
158
181
179
104
159
128
158
182
113
127
124
126
125
127
128
129
129
126
128
129
124
126
125
126
119
162
169
214
199
174
171
165
163
165
148
123
128
131
132
128
130
129
128
130
131
133
131
129
132
130
130
132
128
128
129
129
128
126
127
124
120
119
118
119
120
121
119
121
121
118
115
123
88
56
68
68
65
71
64
72
95
125
121
132
139
140
150
152
155
162
166
167
170
173
180
184
188
188
187
195
202
202
209
196
192
210
213
216
218
221
222
222
223
222
223
223
221
228
225
226
223
220
223
224
221
220
217
219
217
218
215
215
214
211
209
211
213
211
209
210
208
209
208
209
208
211
211
210
211
212
213
211
184
119
113
112
112
111
113
116
113
116
118
117
119
119
118
119
110
132
215
173
112
119
118
118
120
120
117
119
120
120
118
118
123
120
119
119
123
121
118
119
121
122
119
123
123
123
124
123
121
123
125
126
126
126
125
124
125
124
122
107
136
142
126
125
129
130
130
130
114
141
231
134
33
59
119
108
79
31
16
26
31
33
50
57
67
85
81
74
46
56
77
72
70
71
72
64
71
74
77
86
85
83
84
101
109
106
114
117
111
108
112
111
114
128
129
127
129
136
129
136
146
138
88
55
51
56
56
47
42
38
45
46
45
39
44
43
31
24
28
45
41
32
28
18
31
25
12
20
22
13
19
23
116
116
39
32
96
111
32
21
123
96
123
208
124
85
97
140
166
166
184
185
166
149
169
164
147
156
148
94
102
106
56
14
29
27
22
19
23
20
18
21
67
141
113
125
125
125
129
125
124
125
125
124
122
124
123
124
126
125
126
127
125
130
125
125
126
124
127
126
127
122
132
94
11
24
17
11
5
11
5
6
5
1
7
8
3
144
224
194
194
150
164
196
193
192
176
160
214
206
171
176
201
202
183
183
210
194
207
188
198
214
225
133
130
130
214
97
163
117
160
164
113
131
129
129
129
130
132
133
131
130
130
130
125
128
129
125
119
176
196
209
194
176
175
169
167
172
149
124
129
132
133
127
130
130
132
132
129
131
129
128
129
130
129
130
127
130
131
130
130
126
130
129
130
130
130
129
133
130
132
139
127
131
125
135
77
47
57
50
41
36
25
25
53
97
95
98
100
102
106
110
110
114
115
115
115
119
121
122
126
130
128
134
139
142
142
149
146
153
161
161
164
168
177
183
181
181
185
185
186
193
196
198
198
199
203
207
209
211
211
215
214
215
213
216
218
218
216
218
218
218
220
218
218
220
219
220
220
222
219
219
219
220
220
219
181
121
117
119
114
116
116
116
115
117
117
115
116
116
113
116
109
131
216
173
114
112
114
117
114
114
112
114
117
113
116
115
117
118
111
117
116
114
117
116
116
117
116
123
123
122
121
119
119
116
123
124
121
126
124
122
122
120
118
129
186
194
126
123
123
125
123
124
109
137
229
181
70
138
214
200
164
87
44
11
8
7
7
18
41
52
65
79
75
80
92
86
82
81
88
81
90
96
93
90
93
96
97
115
123
130
134
139
144
146
145
146
147
139
135
132
131
147
149
146
145
136
112
49
51
54
47
36
49
46
44
53
46
44
46
44
32
23
31
53
35
32
27
25
37
25
14
25
23
15
22
19
99
142
95
35
41
151
78
13
82
129
135
169
81
80
130
158
173
186
188
178
173
170
158
130
143
169
114
90
107
63
19
25
31
28
21
22
24
22
19
15
22
102
116
128
129
126
128
128
127
129
130
127
127
129
127
127
129
127
128
129
130
131
129
133
133
127
132
132
132
128
138
100
12
24
15
8
10
13
2
4
1
1
9
9
3
179
201
165
162
121
129
193
183
185
185
149
203
207
194
176
199
202
181
184
216
216
204
183
207
215
224
74
73
81
195
145
147
146
130
120
126
132
133
130
131
134
131
131
128
130
130
132
129
129
131
128
121
176
191
210
191
176
176
173
172
177
145
126
131
131
132
131
132
132
133
133
129
131
131
129
126
127
124
126
126
130
127
127
127
124
125
125
127
128
128
125
129
127
129
135
126
132
128
137
82
59
64
62
56
51
47
43
66
111
122
115
116
120
119
125
122
124
122
119
117
117
115
112
111
114
110
108
105
108
104
108
112
111
113
116
106
107
116
124
121
123
125
122
124
123
131
133
136
140
143
148
151
156
160
164
162
163
168
174
177
180
184
185
188
188
191
194
197
203
207
206
208
210
208
210
210
213
212
213
180
119
120
124
115
119
119
121
120
118
118
119
118
115
115
116
108
129
214
167
111
112
114
116
117
115
111
112
116
107
111
110
110
113
112
118
113
114
116
117
112
113
116
120
119
120
123
121
123
122
123
122
121
122
124
123
121
114
133
229
224
201
127
127
121
119
117
120
106
148
225
186
118
167
174
178
156
130
113
39
18
17
14
8
15
16
25
65
84
68
60
58
57
53
73
75
76
78
75
76
71
75
82
90
94
101
103
116
142
156
162
164
156
151
153
150
140
151
151
140
129
124
109
58
68
49
40
49
57
55
51
48
46
44
43
45
46
25
31
67
52
28
36
47
36
24
17
23
18
17
23
19
69
101
114
100
36
101
147
20
122
171
175
113
62
108
158
168
186
192
184
182
182
142
106
148
208
125
72
97
50
12
19
27
32
26
21
21
27
25
18
21
15
45
108
128
128
122
128
127
126
128
130
127
129
128
126
125
128
127
129
131
134
130
132
133
136
131
134
137
134
130
137
101
13
25
16
7
13
11
0
2
1
3
6
12
4
146
208
172
180
160
125
175
178
176
183
157
178
200
205
190
193
194
185
187
212
215
178
186
213
220
195
65
77
87
139
176
111
127
126
131
130
131
134
132
131
129
126
129
129
130
128
131
130
128
130
133
123
184
191
220
188
176
176
176
175
180
139
127
130
126
127
131
130
131
132
130
131
133
131
127
122
126
124
127
128
131
126
126
127
127
128
128
127
127
128
125
128
129
130
134
134
134
129
131
82
55
57
56
51
48
36
36
65
110
117
115
116
119
116
123
118
121
120
117
119
121
120
120
120
122
119
122
122
126
122
126
124
126
127
131
126
122
122
126
124
127
126
119
114
111
111
114
113
112
114
111
106
103
107
109
106
102
108
108
108
108
112
112
120
121
121
125
128
132
139
138
141
147
153
155
156
160
160
167
180
105
108
111
106
115
120
118
117
114
115
118
119
115
120
119
112
132
217
168
108
117
116
120
122
113
116
116
117
112
114
113
112
112
124
116
117
116
115
117
117
114
117
119
115
118
122
119
121
122
121
120
122
122
125
122
122
106
186
245
207
132
114
120
122
118
118
117
94
154
222
177
168
169
173
186
158
117
130
102
45
20
18
15
15
16
10
44
128
113
98
100
96
93
94
95
91
93
99
100
96
90
84
84
73
72
68
81
88
91
110
138
149
140
154
157
148
138
133
112
99
109
107
87
63
48
51
57
63
64
50
48
43
41
36
50
76
38
46
55
74
60
127
78
26
20
19
22
9
13
25
23
72
110
112
147
96
43
172
67
217
181
160
48
73
157
178
191
191
182
180
167
122
112
187
229
156
71
89
30
7
15
17
25
28
21
25
27
31
25
22
23
20
33
99
134
124
119
126
124
126
129
128
127
129
128
130
130
132
133
132
131
133
132
130
131
134
133
137
135
132
129
140
117
12
22
17
8
13
11
0
2
4
8
1
7
3
98
243
215
206
199
157
156
182
172
182
172
168
190
199
203
207
191
185
195
195
176
180
200
213
219
167
51
99
141
134
84
142
90
120
132
132
137
130
134
137
132
126
133
135
130
128
131
133
132
128
140
127
189
185
219
182
179
175
171
175
177
145
134
130
127
129
133
132
134
133
131
130
132
129
127
127
131
129
130
128
131
128
129
127
128
127
130
132
134
133
132
133
131
133
136
133
136
131
139
72
57
59
55
48
50
36
31
71
108
106
116
118
120
121
125
120
122
119
119
117
117
119
117
118
122
119
122
119
115
116
122
121
120
122
121
125
123
127
128
124
126
134
134
126
123
118
126
129
128
130
130
130
128
134
133
134
131
129
128
129
131
128
123
124
129
127
122
122
118
116
119
120
123
122
116
114
115
114
115
181
110
117
114
117
119
116
119
117
116
117
118
120
120
125
121
117
131
213
170
118
119
123
124
123
120
123
120
119
122
120
117
116
115
117
114
115
115
113
117
118
114
113
116
116
120
117
121
119
115
121
121
121
123
122
116
112
116
230
191
106
108
121
124
120
122
119
124
106
164
224
171
179
173
182
190
153
115
116
121
109
52
19
15
23
20
18
15
63
159
173
143
122
107
127
141
141
145
144
128
128
129
130
127
126
121
107
97
77
79
79
90
127
139
145
138
129
122
111
101
91
104
107
107
85
82
83
72
76
74
57
64
51
37
49
67
87
55
72
69
50
146
153
13
37
29
16
16
12
15
21
26
90
111
114
144
149
31
186
153
217
198
122
3
117
193
190
189
176
182
159
124
156
230
207
186
86
46
12
12
16
14
11
21
16
18
24
22
27
25
24
26
19
30
89
124
121
123
127
119
124
128
125
125
128
128
129
129
129
134
130
128
127
126
129
128
132
132
131
132
135
131
128
127
17
24
18
8
16
12
0
2
12
11
2
6
5
43
239
218
222
221
175
165
183
163
164
181
167
175
181
202
219
189
184
196
199
179
184
210
203
205
152
52
134
135
124
148
179
112
121
136
133
135
130
130
127
132
132
130
130
128
132
132
129
125
126
129
124
193
186
217
179
177
178
178
172
182
142
129
130
132
136
133
132
132
127
135
130
131
134
130
134
134
132
131
128
131
127
127
125
126
125
128
128
128
134
129
133
134
133
135
130
132
126
133
75
48
61
53
51
40
33
33
64
108
108
116
118
120
122
120
120
123
121
124
127
125
123
123
122
122
125
126
124
125
123
126
123
126
122
127
128
128
130
127
128
128
129
133
138
129
127
125
129
126
125
129
131
126
127
124
129
130
128
129
122
128
128
129
132
131
128
129
128
133
134
133
135
130
131
136
136
137
139
136
176
104
112
113
116
123
121
120
119
115
118
119
122
122
117
121
113
131
216
174
117
117
116
117
116
116
117
119
119
123
117
119
122
121
120
124
124
120
120
120
119
117
119
121
120
116
118
120
117
114
120
117
114
117
120
121
110
157
244
144
122
126
125
124
122
119
120
124
99
171
226
175
175
173
178
187
150
125
124
121
101
48
20
20
25
21
23
26
10
17
79
130
135
100
76
87
84
90
97
102
106
126
144
141
147
150
154
158
150
134
135
119
105
110
114
117
111
87
99
110
110
107
106
103
89
91
88
79
63
64
61
45
44
55
64
72
85
83
50
85
89
175
59
22
21
31
22
15
11
12
17
30
81
130
134
141
166
58
73
206
212
206
110
6
186
182
175
175
186
159
148
194
217
170
184
118
18
11
11
13
12
12
13
19
12
16
23
30
29
24
27
29
24
28
78
113
127
131
130
129
132
131
128
129
128
130
128
126
126
124
126
128
126
129
127
126
123
127
129
131
128
130
126
146
43
17
18
4
14
8
1
6
7
2
3
5
12
2
233
236
217
184
194
213
183
177
161
178
162
170
173
181
192
182
185
195
197
188
204
208
172
194
107
107
147
136
139
126
162
110
141
128
131
126
132
130
130
130
127
127
130
128
128
136
134
132
132
136
129
194
183
216
179
180
179
177
168
182
136
129
134
132
132
130
127
130
128
130
129
129
129
126
128
130
127
130
130
127
127
129
130
130
129
122
123
116
108
121
130
133
129
132
128
128
121
130
70
56
58
54
53
38
35
37
60
105
116
116
118
125
120
123
126
125
127
128
126
123
125
124
126
127
127
128
128
128
128
126
131
131
128
126
133
129
127
129
130
126
127
129
128
134
132
131
136
135
132
132
131
132
134
129
132
129
130
133
131
130
132
133
129
133
131
129
129
129
131
133
132
172
175
117
131
133
133
132
182
110
110
105
103
113
114
111
112
111
112
112
112
117
110
117
107
124
217
169
112
113
115
119
117
116
119
119
119
120
120
120
121
120
121
126
123
123
119
125
126
125
126
120
122
127
125
125
123
124
126
126
125
126
123
125
113
192
226
113
124
124
125
126
124
124
124
129
101
184
223
173
177
177
173
184
151
125
131
123
111
39
21
25
23
22
26
21
21
21
26
51
108
168
168
137
126
118
95
88
82
79
81
80
90
87
89
108
116
122
121
117
102
94
91
80
91
96
98
97
100
92
83
96
87
81
80
75
71
63
71
75
76
88
78
86
98
75
60
64
117
149
56
32
19
42
24
11
9
11
13
25
108
138
141
146
173
124
13
180
218
202
97
66
213
174
175
156
151
179
197
188
168
167
175
39
12
15
14
12
10
14
15
16
11
14
20
27
23
23
28
26
26
16
82
118
126
131
132
132
134
132
134
131
131
132
133
131
130
127
126
130
129
132
130
130
129
133
130
129
132
133
125
144
77
17
18
3
19
9
6
5
3
9
5
8
17
7
120
223
196
190
203
219
206
174
173
166
180
173
173
173
166
175
187
200
190
198
203
177
161
188
100
132
140
138
138
122
181
136
138
133
136
135
134
132
133
133
134
136
136
131
131
133
130
133
133
140
128
201
186
214
178
177
176
176
175
187
131
127
131
127
128
132
128
129
130
125
131
136
135
132
127
128
130
131
131
129
131
114
116
127
132
137
130
127
122
118
113
116
121
121
134
127
129
132
69
55
62
57
44
42
39
36
56
105
110
116
114
114
115
118
115
116
119
119
120
126
125
122
123
125
125
125
124
125
124
127
125
127
127
127
124
124
128
130
129
126
128
131
129
132
135
130
129
137
129
130
130
131
133
133
137
134
132
128
137
131
129
132
130
129
132
132
133
135
134
131
128
191
221
149
126
132
134
134
171
118
112
116
117
115
120
118
121
119
117
119
119
119
116
121
114
129
211
176
118
121
121
119
120
121
122
122
123
125
124
122
126
126
125
123
123
124
119
123
123
127
127
127
123
125
127
125
125
124
125
127
125
128
126
121
126
223
183
111
125
122
127
128
129
132
130
132
105
194
219
174
176
174
181
184
152
129
126
127
119
46
22
21
20
27
25
21
23
23
26
25
27
62
126
154
156
138
126
123
115
110
108
106
96
90
85
83
83
80
77
81
79
79
86
83
82
79
83
80
80
79
83
90
85
82
75
70
80
80
81
88
87
85
88
92
85
65
66
83
160
122
65
34
34
46
15
10
11
10
18
83
146
150
154
151
163
149
25
173
218
193
141
41
184
154
165
165
186
193
176
169
152
172
100
13
14
12
13
11
11
13
12
11
12
14
19
22
18
18
23
24
23
22
68
121
114
134
126
130
132
130
135
134
134
131
130
128
129
130
129
133
132
137
137
137
134
133
134
133
136
136
131
134
106
22
15
10
16
13
9
9
5
9
7
12
14
15
49
209
172
200
242
206
198
166
143
161
181
173
168
173
174
182
185
196
182
173
171
165
164
173
90
150
138
129
139
139
112
106
126
127
134
137
133
133
134
133
136
136
136
135
132
132
131
132
131
138
131
201
183
209
178
180
177
172
176
179
129
129
129
128
127
126
126
125
124
131
129
127
130
129
129
131
131
128
126
134
123
161
164
133
133
132
132
134
132
129
128
125
123
115
120
123
146
130
67
53
57
50
50
42
38
32
66
107
104
112
116
116
118
117
116
120
119
120
123
124
121
121
121
118
120
125
123
121
122
125
121
121
124
124
120
122
127
128
126
126
125
125
124
130
126
125
129
127
124
126
129
128
127
125
125
126
128
128
129
128
128
132
130
122
129
128
127
128
131
129
127
186
203
188
131
130
132
133
167
115
116
121
119
118
121
120
121
121
121
120
121
119
119
122
113
132
212
170
116
120
117
114
118
120
121
121
119
123
124
126
125
124
123
122
123
124
121
124
124
125
126
128
123
125
126
123
126
125
126
129
130
127
124
118
161
231
144
125
127
127
129
126
127
129
126
129
102
199
214
175
178
175
181
185
150
124
129
116
70
29
20
18
24
27
25
23
21
22
27
27
21
21
39
76
122
140
139
132
125
130
137
136
128
125
121
115
113
106
101
99
96
93
93
88
89
81
82
85
85
90
91
85
82
82
83
75
85
83
80
79
80
76
81
88
82
55
64
94
174
99
73
46
36
44
13
11
9
13
24
105
125
138
143
132
120
120
119
195
214
190
166
12
139
160
176
182
175
170
155
152
148
154
36
13
14
7
15
11
13
11
9
8
13
14
20
22
15
15
19
26
23
29
61
127
111
130
132
130
130
134
135
135
131
132
131
129
133
134
133
135
131
135
135
134
135
132
138
134
132
136
133
131
131
50
24
15
16
16
13
9
10
8
8
9
10
18
19
161
176
133
209
226
208
180
145
139
130
176
165
161
167
189
189
195
179
167
162
166
161
153
94
143
157
143
124
97
87
93
120
134
132
134
131
131
131
130
131
130
132
133
131
131
132
130
131
133
139
204
190
208
171
178
175
174
181
181
125
129
132
134
128
127
127
127
130
130
131
130
131
133
128
129
129
129
131
125
141
222
198
126
138
129
132
132
129
129
130
132
129
124
118
107
121
117
65
54
61
50
50
45
34
35
74
113
114
118
119
119
119
117
118
121
121
121
127
120
120
122
122
121
122
125
124
124
121
125
121
124
124
127
124
123
126
125
124
125
123
123
125
127
123
127
129
127
124
124
126
125
127
127
127
126
126
125
132
130
126
128
129
122
129
127
125
128
129
126
121
187
197
184
133
130
132
133
170
111
121
120
117
118
120
121
120
118
122
121
121
120
120
122
115
133
212
171
120
122
120
121
121
120
122
121
120
122
123
122
122
123
123
124
122
125
120
123
123
122
121
121
121
121
121
119
122
127
123
122
128
126
123
113
197
206
128
127
123
126
125
124
126
126
124
124
102
204
208
171
177
177
177
186
147
121
97
68
72
71
29
15
25
27
24
22
20
18
23
30
31
29
21
32
52
83
122
142
143
134
134
144
142
138
137
136
137
130
128
128
124
126
119
115
116
112
113
112
110
108
111
111
105
107
116
113
112
111
107
103
105
107
99
103
93
63
59
102
173
83
64
53
41
47
12
14
11
15
21
80
95
107
114
110
100
101
77
208
211
192
131
60
108
186
173
166
158
156
151
146
161
107
12
18
14
14
12
12
12
9
8
7
14
14
19
23
14
15
20
27
27
36
61
131
119
115
133
129
131
135
132
136
133
133
132
133
134
135
134
137
131
133
135
135
138
134
139
135
134
137
134
130
137
64
29
22
16
14
12
29
47
5
14
12
10
13
9
88
143
84
84
171
192
140
103
86
54
141
178
154
153
184
198
193
169
158
156
155
149
139
124
108
145
108
79
97
114
95
126
135
135
134
133
133
131
130
131
130
132
132
132
133
133
132
132
131
146
203
193
207
175
179
177
177
179
180
125
132
132
133
129
127
129
130
132
128
130
134
135
133
130
130
128
129
133
123
196
233
176
126
134
129
130
129
127
130
128
128
124
124
125
121
106
90
65
54
62
51
49
45
39
37
70
112
108
115
113
116
120
116
112
119
121
119
125
118
122
124
124
123
125
128
126
123
121
122
123
125
125
124
127
124
125
124
124
124
124
126
124
125
125
125
127
131
127
125
125
125
127
131
130
129
130
129
129
127
124
127
128
126
130
130
128
130
128
129
121
187
196
180
132
129
131
132
171
99
111
111
112
111
112
113
115
113
116
115
111
112
113
114
106
126
212
177
111
113
115
118
116
114
116
115
118
116
119
117
116
116
120
119
118
124
121
123
120
123
120
122
122
118
119
118
119
127
120
119
123
123
120
122
225
172
127
121
122
124
122
125
126
124
126
126
102
212
204
169
168
164
176
187
146
93
64
77
115
120
70
34
18
24
20
19
21
18
19
26
30
35
31
30
24
34
68
98
128
143
146
141
138
137
138
141
138
139
149
145
145
153
152
150
150
151
150
149
149
145
144
151
145
149
152
146
134
129
128
118
115
118
112
114
98
77
53
130
153
80
79
64
46
40
12
13
13
16
16
51
78
80
88
90
120
127
6
206
209
195
86
116
98
187
160
147
152
151
148
152
161
55
29
29
18
19
10
14
10
9
11
9
12
13
15
19
13
17
22
28
34
43
65
129
128
102
128
134
129
133
130
132
132
132
131
133
131
132
134
138
132
131
136
136
138
134
135
135
137
137
135
129
130
54
30
25
14
12
10
33
54
4
13
13
13
10
9
35
76
93
66
66
97
55
37
31
21
70
134
130
140
161
203
193
159
149
154
151
142
133
143
102
117
98
97
123
119
108
131
133
137
137
136
136
134
132
134
135
134
134
135
135
134
135
137
132
153
204
195
203
176
183
179
177
180
176
126
133
129
128
130
129
129
131
130
129
131
133
132
130
132
131
130
131
130
125
223
201
155
129
126
129
128
129
128
129
128
128
127
125
129
132
108
99
57
53
57
51
49
43
40
34
61
106
104
115
111
114
119
119
112
121
122
121
124
121
122
124
125
124
125
128
126
124
124
124
126
126
128
123
127
124
125
126
125
123
124
125
124
125
125
125
125
130
128
126
126
126
127
129
127
130
129
130
125
126
125
130
130
128
128
131
129
129
131
131
125
187
196
184
132
130
131
131
176
82
89
95
101
100
104
108
109
108
106
106
106
107
109
108
102
124
211
175
100
105
107
107
107
106
107
104
108
102
105
104
106
106
107
103
107
110
112
115
112
116
115
119
115
113
115
115
113
119
115
121
118
121
109
160
231
147
125
120
122
121
121
126
126
124
126
127
99
221
203
170
162
150
183
186
116
64
87
126
133
126
114
60
16
19
15
17
19
21
18
21
28
30
28
31
35
29
27
32
63
105
141
145
152
159
154
160
153
153
159
156
158
163
161
161
163
164
161
168
173
174
167
168
166
167
157
148
138
130
127
114
107
102
102
100
90
72
48
171
108
68
97
89
51
27
14
11
13
15
14
46
80
79
88
97
155
132
12
211
210
194
63
154
123
160
152
143
149
147
144
157
126
30
46
41
31
25
16
16
10
10
13
11
10
12
13
13
14
21
21
32
43
46
79
129
131
108
107
134
127
130
129
128
129
130
129
132
128
130
133
135
131
130
134
133
135
134
133
135
135
135
138
133
116
36
30
22
16
15
13
16
23
8
6
10
12
13
13
17
41
113
135
11
16
9
11
14
25
21
48
67
90
101
143
151
136
139
140
142
139
133
140
128
119
137
111
112
93
124
134
135
136
136
135
136
136
132
135
136
134
135
135
136
133
134
140
130
160
205
197
200
174
183
178
176
183
174
126
134
131
128
131
132
130
132
131
131
132
132
127
128
131
130
131
133
128
130
218
173
159
128
126
129
129
131
129
126
131
131
134
131
127
123
113
132
50
51
50
49
46
40
36
31
58
105
110
121
118
118
120
123
120
124
123
126
127
125
122
124
126
125
125
126
127
129
126
128
127
128
130
126
127
127
126
128
128
126
124
124
126
126
125
129
126
127
127
126
128
129
128
129
128
130
126
129
128
131
130
132
132
129
128
130
130
127
136
130
126
189
198
184
134
131
132
131
178
77
77
83
90
89
99
109
101
101
97
105
113
110
112
112
113
131
206
170
115
118
115
114
116
114
112
111
110
106
105
119
138
131
98
103
105
100
102
104
109
108
106
108
104
110
110
111
109
108
110
118
116
117
97
211
205
129
117
119
114
117
120
121
122
123
122
119
94
224
198
169
174
166
181
146
71
89
137
129
123
121
122
58
30
16
13
13
15
19
19
19
23
24
26
32
33
34
34
24
13
23
70
122
162
172
162
166
160
156
150
159
161
160
151
154
156
159
160
165
168
170
167
161
157
152
138
134
136
130
124
122
121
111
107
103
102
75
65
209
90
50
76
96
57
26
14
13
15
13
14
57
102
105
114
141
153
75
39
223
209
189
58
157
161
140
147
138
143
143
144
149
77
35
35
40
44
42
31
20
13
10
12
12
10
12
13
14
21
22
20
36
53
49
100
132
127
125
86
122
125
127
126
130
128
129
129
132
126
130
131
130
129
133
132
128
134
135
133
133
133
133
135
140
93
27
29
19
20
18
16
7
8
12
5
8
9
14
14
19
48
119
119
24
36
25
22
24
21
20
10
10
18
28
37
62
81
94
83
95
133
136
138
138
141
143
60
71
84
134
138
135
135
135
136
135
134
133
135
135
135
133
132
135
131
132
136
123
166
201
197
197
176
179
179
177
183
167
126
137
133
134
135
132
134
132
133
131
129
132
130
128
132
131
130
130
127
143
225
173
159
126
131
133
134
133
130
128
134
132
130
130
124
123
123
135
54
54
48
48
43
39
36
31
63
113
112
119
122
124
122
124
125
123
122
127
128
126
126
128
129
126
127
129
129
129
124
128
128
127
129
127
129
131
131
132
131
129
128
127
125
126
128
131
129
127
128
128
129
131
130
132
133
131
130
131
134
131
133
132
133
130
130
131
133
131
138
130
127
191
197
180
136
129
131
130
143
83
79
79
86
78
87
88
85
86
86
99
99
96
98
106
105
120
206
174
128
127
127
133
135
130
130
139
141
138
151
197
221
190
120
135
135
129
124
125
129
129
122
124
123
125
127
128
125
117
119
120
124
111
114
243
175
121
113
115
109
116
118
114
115
115
114
113
91
228
193
168
187
183
137
78
97
129
122
123
123
126
111
40
46
12
14
12
15
11
15
18
19
22
23
30
31
32
26
25
27
26
13
27
88
96
111
116
114
138
154
154
158
167
174
175
174
185
182
172
172
163
152
147
142
129
126
123
124
117
122
135
135
135
148
157
154
129
103
215
142
68
64
60
54
32
13
14
17
13
18
79
127
131
141
160
86
52
70
227
200
191
93
45
151
137
135
135
122
134
146
129
38
44
32
36
36
44
41
29
20
12
9
12
14
14
14
19
26
20
21
38
61
72
115
123
127
124
112
118
124
128
125
130
124
126
129
130
123
128
127
125
128
132
131
128
131
129
129
128
132
129
122
139
62
23
28
19
9
11
6
8
9
4
5
4
6
11
13
15
36
136
65
41
49
30
24
25
24
24
23
22
18
13
22
27
30
13
15
46
126
139
141
140
133
104
93
58
101
135
134
134
139
138
140
135
134
136
137
140
139
131
132
136
132
134
136
122
175
200
201
193
172
178
180
174
187
160
124
133
132
135
132
131
134
129
134
132
128
129
133
136
136
132
132
131
124
154
228
174
155
123
132
134
132
132
128
129
133
138
131
128
125
129
131
110
47
62
51
52
49
43
40
34
68
113
112
114
118
120
123
124
124
124
125
124
125
125
129
128
129
128
129
128
126
125
123
130
129
127
123
126
127
129
131
131
130
129
131
130
131
129
128
132
131
131
129
129
130
130
126
126
127
127
132
134
130
127
131
128
130
130
132
128
132
131
132
131
129
192
195
177
133
129
130
130
92
94
92
88
88
91
95
90
93
90
85
90
92
86
98
92
86
110
207
181
92
100
107
111
101
98
112
117
116
117
129
130
115
126
124
125
124
123
121
128
128
130
135
129
130
130
130
134
134
129
130
130
138
125
176
233
139
125
134
134
133
134
124
123
126
119
120
115
103
234
211
195
161
73
83
175
136
107
112
114
106
109
87
52
45
10
12
10
8
13
11
13
23
25
22
27
31
29
22
28
27
28
29
16
5
13
60
144
182
188
193
190
194
196
197
207
209
200
178
156
133
109
85
78
69
68
86
105
123
142
162
167
164
165
170
151
131
97
73
70
79
33
32
39
43
38
15
13
16
14
28
113
137
146
157
91
51
86
98
234
197
193
144
4
132
121
123
135
106
133
159
93
33
44
40
38
35
35
40
39
34
19
10
11
18
15
17
24
26
19
24
42
72
99
126
125
128
125
126
125
129
125
120
124
125
117
121
121
125
125
126
127
127
126
127
127
125
128
126
124
127
120
115
116
36
26
30
17
1
7
4
9
8
1
2
2
7
9
10
10
29
108
28
55
54
46
36
33
31
22
21
17
17
22
46
46
50
25
46
48
128
138
145
134
135
110
76
55
143
132
136
137
137
136
135
133
132
134
137
137
134
132
135
131
135
135
138
121
183
198
201
192
177
177
180
172
190
162
122
132
135
138
136
134
133
129
133
130
135
135
128
129
127
131
130
133
122
160
223
169
158
121
131
131
130
129
130
131
134
136
136
134
128
128
125
79
47
57
58
58
52
44
45
33
62
110
114
121
124
121
123
122
124
128
128
126
126
120
122
125
124
123
129
125
123
124
126
124
125
123
122
126
125
124
123
123
130
130
130
131
132
126
126
126
128
127
125
125
127
126
127
130
127
123
126
128
129
130
129
128
126
128
132
128
130
129
129
127
124
190
195
186
127
131
130
128
89
92
99
98
84
98
103
99
99
95
85
90
93
88
93
92
90
107
210
181
86
90
90
95
97
91
95
101
103
100
106
104
108
110
131
123
125
121
123
125
120
115
123
117
118
114
121
118
116
128
121
122
124
107
239
208
125
130
128
119
127
124
125
131
120
126
136
138
137
219
141
87
62
123
205
185
132
127
126
130
117
118
72
45
24
16
13
9
10
13
12
38
22
16
31
33
31
28
23
30
28
29
26
19
21
28
19
41
142
195
191
184
169
161
133
108
92
80
55
32
28
17
18
70
82
120
137
150
157
160
151
134
119
111
108
88
62
60
54
18
21
29
23
21
20
21
19
14
20
11
80
138
143
153
84
47
82
108
131
234
195
175
103
25
60
117
119
131
142
141
143
51
38
37
39
41
37
38
35
38
43
32
18
9
15
12
18
25
20
23
24
44
87
113
121
123
124
126
125
124
124
125
125
123
124
126
128
127
126
129
129
133
121
121
122
117
116
115
119
126
119
123
120
108
23
25
29
12
2
3
1
6
8
0
1
0
1
5
11
10
21
25
50
68
54
49
53
49
34
30
25
21
18
24
49
44
51
31
35
39
117
132
135
142
116
80
72
107
150
137
136
142
141
135
139
138
137
136
136
140
136
139
139
137
134
134
138
117
191
198
202
189
173
179
178
177
188
147
127
133
134
136
138
136
134
136
139
133
137
134
132
136
128
132
134
135
119
161
229
171
165
122
130
131
125
126
123
126
126
129
130
129
131
129
134
107
47
52
52
56
48
41
35
30
62
116
119
119
122
123
122
118
120
122
120
122
124
117
120
122
123
124
126
125
125
123
122
125
130
128
123
126
126
123
129
126
123
124
126
128
124
119
127
126
127
133
131
129
128
126
126
126
126
130
126
126
128
130
131
133
125
129
128
128
128
126
127
132
132
193
192
177
136
129
133
135
88
84
89
90
75
97
97
91
88
80
79
80
83
92
89
93
86
104
213
182
91
86
94
87
86
88
84
91
96
94
95
100
95
99
103
113
113
114
128
118
124
123
127
127
127
128
125
132
127
128
125
126
112
147
251
160
121
125
127
121
125
125
127
125
117
105
82
76
71
104
108
133
177
184
175
175
129
124
125
127
121
121
72
58
12
10
10
11
10
12
31
77
19
13
21
23
28
27
27
25
24
24
24
25
20
26
29
25
21
31
33
34
26
20
17
17
13
10
6
7
12
13
17
92
157
124
124
137
153
146
139
127
105
97
84
61
48
61
25
12
11
18
23
23
28
20
11
17
4
62
141
157
159
97
44
64
99
132
75
240
199
173
54
105
30
118
127
134
144
147
119
34
33
35
33
33
37
44
37
26
31
42
38
15
17
15
19
23
28
27
33
39
101
123
121
121
120
126
126
124
124
121
125
125
124
124
120
123
128
120
125
128
126
120
124
124
123
123
126
125
125
116
130
73
26
26
26
10
4
3
2
5
5
0
2
3
3
2
10
10
19
32
57
69
54
57
65
54
48
41
33
26
20
36
51
68
57
23
25
34
106
124
129
110
98
89
89
124
124
134
130
128
133
124
124
123
134
134
131
128
129
134
129
127
132
138
140
109
200
192
201
186
181
181
181
174
192
142
123
132
130
133
129
129
126
126
136
133
136
135
134
133
130
133
132
133
118
176
222
171
163
128
136
131
129
130
136
126
125
128
123
114
129
125
134
104
39
52
54
59
46
38
40
35
65
110
113
118
117
118
118
120
121
120
119
120
119
123
123
128
129
128
126
124
124
123
129
128
127
126
127
127
124
127
129
129
126
125
125
127
126
121
124
124
125
127
129
128
127
129
130
129
130
129
126
126
131
130
129
129
125
126
129
129
130
125
130
126
123
192
197
179
130
128
129
127
83
82
87
88
83
93
94
97
83
73
82
82
82
93
89
96
90
103
215
167
90
97
96
88
92
94
93
100
92
95
91
101
97
94
94
97
93
100
99
102
101
97
105
109
111
109
110
115
120
125
124
126
116
204
231
128
128
128
130
129
127
126
129
123
129
79
112
114
109
216
179
176
181
178
179
170
124
117
114
118
122
122
71
81
6
12
12
11
11
13
39
118
36
12
15
17
30
33
26
22
27
23
21
21
20
26
25
24
14
21
26
8
9
11
12
13
12
12
10
14
15
16
17
27
119
165
168
176
164
126
95
86
77
58
51
56
53
33
13
11
12
13
18
15
20
19
14
15
21
137
151
129
78
43
75
96
122
70
87
239
198
169
32
127
52
70
124
136
136
124
82
31
29
27
28
30
31
35
41
45
42
43
43
34
15
12
20
20
24
33
29
38
89
96
101
106
109
105
106
112
110
111
114
113
108
114
112
120
116
122
123
122
122
126
125
118
124
123
124
132
131
127
139
55
25
25
21
11
5
3
5
5
3
3
1
2
3
0
9
9
25
41
59
64
50
58
66
56
57
48
42
33
15
47
46
64
42
29
30
30
107
131
117
87
92
84
107
130
129
128
124
127
129
128
129
128
129
132
130
134
127
126
138
131
135
137
134
101
207
194
204
183
182
179
178
177
192
135
125
137
133
132
128
135
131
129
132
133
132
132
135
130
133
133
137
138
113
184
218
166
164
127
136
134
134
130
131
134
127
131
129
128
130
119
120
89
46
56
55
52
49
39
36
31
58
113
111
119
118
119
119
122
120
122
123
121
118
124
123
124
123
124
123
122
123
124
124
124
124
123
124
126
127
124
122
125
125
125
123
123
125
122
122
124
125
123
124
125
126
130
129
126
128
131
131
126
129
129
129
125
125
124
130
128
130
127
124
128
127
196
198
183
130
132
133
131
92
95
100
97
98
100
97
99
97
93
94
91
89
94
92
94
86
107
213
171
89
95
93
91
94
90
90
95
91
92
91
95
94
91
94
92
92
92
89
96
97
93
93
90
99
99
99
99
103
102
107
99
121
231
190
121
129
125
123
120
128
131
134
127
129
84
127
123
125
243
184
178
178
178
176
176
127
119
121
125
125
119
67
88
5
9
11
10
14
11
27
126
61
13
11
24
32
34
32
24
26
22
16
19
22
24
19
20
11
20
25
6
12
12
13
15
16
16
12
14
14
17
20
20
44
124
158
115
79
64
53
57
63
56
49
48
35
13
13
10
12
11
15
14
16
19
16
7
67
148
125
70
51
74
93
111
72
22
105
239
196
166
26
70
79
42
114
113
126
120
58
37
38
33
26
24
25
27
36
50
42
45
43
38
28
18
15
19
30
33
32
27
105
121
119
124
118
118
121
110
119
120
116
113
105
112
114
112
112
102
102
100
102
98
102
98
103
103
105
113
111
109
114
42
25
26
20
9
5
1
5
5
5
5
1
2
5
4
9
9
31
49
62
63
43
63
65
65
64
52
42
35
21
56
47
66
35
29
35
34
110
121
95
95
93
112
125
122
123
129
128
126
129
131
131
131
127
127
127
130
127
126
132
136
137
130
131
111
215
189
204
185
180
179
178
175
195
130
128
138
135
131
131
133
128
129
134
134
130
129
132
128
130
130
132
135
111
193
221
167
153
126
131
132
135
130
126
132
132
129
130
131
129
126
119
77
47
48
55
57
51
43
37
33
60
112
113
116
116
120
120
122
122
122
124
121
123
122
124
124
122
125
125
122
121
122
123
122
124
126
123
125
130
125
124
123
121
128
128
125
125
123
123
123
123
121
124
126
128
132
128
124
127
130
131
127
129
126
127
127
125
126
128
127
128
131
128
129
123
198
196
185
129
130
132
130
101
102
104
98
101
101
100
100
101
102
101
98
97
93
99
92
89
113
210
180
93
90
93
98
95
88
91
91
85
85
93
94
93
94
102
99
100
96
95
100
99
95
97
97
96
95
96
97
98
95
102
90
160
241
146
120
115
111
111
107
115
117
119
116
118
85
116
114
125
238
174
176
179
179
175
173
131
128
126
127
123
122
77
65
10
11
9
12
13
10
14
86
56
11
13
32
35
33
33
31
28
31
38
24
20
21
13
12
14
12
19
23
15
14
12
13
15
18
15
15
14
18
20
23
19
43
71
58
61
78
87
78
60
48
28
22
17
11
11
12
12
12
13
17
16
10
12
36
115
138
93
44
56
64
62
57
27
6
111
236
192
160
36
23
66
52
96
99
122
115
38
40
40
38
33
27
24
23
26
39
39
36
35
38
35
26
19
17
28
30
35
16
110
142
131
135
127
128
129
124
132
132
130
133
129
129
122
123
133
119
123
125
128
114
114
112
101
104
109
105
106
106
89
34
24
25
17
7
6
0
4
2
6
4
2
3
4
9
10
13
39
52
66
60
42
63
67
72
63
56
48
35
29
49
44
66
28
33
34
44
112
106
99
101
101
118
120
118
116
126
124
120
122
128
128
130
127
129
126
126
128
126
123
134
133
129
136
110
221
188
205
185
180
182
178
174
193
125
130
137
140
133
141
135
131
133
139
138
137
137
132
131
132
133
137
138
109
204
218
173
154
133
133
137
136
140
138
137
142
136
135
131
132
133
135
78
54
50
55
57
50
43
36
32
62
114
117
120
120
122
121
121
121
123
124
122
124
122
123
123
123
128
125
124
124
122
125
124
125
127
124
123
126
122
125
126
122
126
125
126
126
124
125
123
121
122
124
126
127
129
126
124
126
127
127
127
131
127
126
129
124
126
125
126
125
129
131
128
120
193
193
184
129
129
130
128
102
101
102
98
99
100
101
101
100
102
103
99
100
99
102
95
93
113
211
183
102
93
98
99
97
94
94
95
94
96
100
101
103
102
105
107
106
103
102
105
103
100
105
107
106
99
101
103
102
102
105
99
201
217
120
118
102
103
100
94
98
103
107
104
114
78
92
97
123
242
169
175
179
176
176
165
123
122
119
116
117
115
82
45
14
12
13
12
8
13
9
39
33
9
14
34
37
31
29
31
30
50
85
66
53
23
21
16
15
27
61
71
29
15
13
13
14
20
18
18
16
19
22
22
17
9
14
26
46
69
78
56
35
21
10
9
9
10
12
12
13
14
10
10
16
35
61
91
134
121
58
33
39
26
22
14
18
6
118
234
191
149
42
21
34
62
57
86
139
92
24
35
36
37
39
35
30
30
26
29
34
32
33
34
34
29
26
17
21
31
33
15
96
140
125
131
129
128
126
132
133
134
133
137
134
129
123
131
135
136
139
142
145
135
134
129
119
119
130
118
116
131
93
22
26
23
14
6
8
0
2
1
3
3
4
3
2
9
9
21
45
53
68
54
41
61
68
72
62
59
55
36
38
43
43
72
26
31
25
58
107
106
103
106
115
119
116
127
121
124
118
114
113
118
117
118
121
122
114
114
115
112
109
117
119
115
114
96
225
184
205
187
180
179
176
178
192
98
107
110
114
115
129
128
124
114
119
123
124
128
121
121
121
119
128
131
102
217
214
177
149
122
124
129
127
128
125
125
125
126
124
123
119
119
120
73
55
50
52
50
51
38
32
32
53
96
107
117
121
121
124
122
120
126
128
127
126
128
124
125
126
127
123
123
125
121
121
125
124
122
122
121
123
122
124
126
122
123
123
124
125
124
124
123
123
123
125
124
125
126
124
125
124
127
125
126
129
129
129
131
128
127
129
131
128
128
129
128
124
191
198
184
126
129
130
129
104
106
108
107
104
103
103
100
98
103
102
97
101
105
104
98
93
113
213
183
107
101
104
100
104
103
100
101
108
112
109
113
112
108
104
108
111
109
106
106
109
112
114
110
113
104
105
104
106
106
98
121
227
174
120
113
99
102
98
95
98
104
107
101
112
82
75
84
125
244
169
175
180
176
180
160
108
109
110
103
111
109
87
40
16
13
15
11
7
11
10
27
24
8
12
22
29
29
29
28
30
56
98
91
71
33
44
28
27
65
107
105
53
17
15
15
15
21
21
19
17
20
23
20
15
15
12
11
9
19
21
10
8
5
17
16
11
9
14
10
12
12
23
32
59
95
111
122
122
79
27
19
14
13
11
14
25
8
132
235
190
145
59
53
20
43
25
75
146
55
15
27
31
32
38
37
38
43
37
34
32
38
36
33
32
31
32
25
19
34
32
23
75
135
119
124
124
123
124
127
127
127
125
122
125
121
123
127
123
132
128
130
134
134
132
129
130
129
134
130
122
148
87
16
25
24
12
9
9
0
2
2
2
4
3
4
2
6
8
29
49
54
65
47
40
63
69
68
61
59
52
38
43
47
41
72
25
24
45
76
101
102
105
119
125
129
128
136
134
130
124
125
124
122
123
118
123
115
110
113
111
111
106
117
115
112
106
106
225
181
205
185
178
179
175
180
192
87
103
95
97
96
108
111
112
101
104
117
110
116
117
114
111
108
113
119
100
225
208
174
139
107
115
108
112
108
108
112
109
114
115
114
109
114
110
65
53
52
50
47
50
35
32
37
44
69
86
99
107
109
115
113
113
121
125
124
130
129
127
128
129
128
127
126
126
122
120
123
123
122
121
120
124
122
123
122
118
121
124
121
121
123
122
123
125
124
123
121
123
124
123
126
122
127
125
123
123
128
128
129
131
127
130
132
129
127
126
127
125
195
199
185
123
127
127
127
112
116
117
116
110
109
108
102
100
105
102
102
106
104
108
100
95
118
213
181
105
106
107
108
112
108
110
109
112
110
115
118
110
109
107
109
116
111
112
108
112
120
120
114
111
107
105
106
110
108
90
158
234
146
128
104
101
100
106
112
111
110
108
104
104
102
80
83
131
241
171
178
180
179
185
161
108
110
111
105
108
111
104
35
18
17
11
12
8
4
12
34
32
7
10
7
14
22
28
30
29
36
54
49
36
45
59
52
67
95
100
95
75
25
18
15
17
24
22
21
19
21
20
16
15
15
11
14
8
7
5
9
9
14
30
28
20
16
12
12
16
32
68
100
120
115
103
125
95
29
13
16
16
19
19
19
27
8
146
236
187
153
107
92
30
30
33
86
133
24
17
22
24
27
30
30
36
46
43
41
39
44
39
42
35
36
38
37
22
32
34
29
61
139
120
122
120
119
125
124
123
122
120
120
125
127
127
127
125
128
123
126
128
132
124
127
125
129
119
123
122
134
47
25
21
26
11
12
8
0
4
4
4
5
3
8
4
6
9
36
54
55
60
42
40
67
70
67
58
58
46
39
41
54
35
57
25
48
99
97
111
92
121
130
128
138
140
139
143
138
138
144
141
140
145
138
135
125
125
131
131
130
122
139
129
132
134
141
220
184
207
182
177
183
174
180
185
115
137
125
125
107
111
114
119
124
123
138
121
124
131
129
124
126
123
127
117
225
199
169
145
121
128
108
115
116
125
127
129
132
129
114
116
132
133
64
57
62
53
51
50
40
37
40
48
62
77
94
94
95
96
97
99
103
105
106
116
108
113
115
116
114
118
120
120
119
120
117
118
122
121
118
121
116
119
121
118
120
119
118
119
119
121
122
123
123
120
117
121
122
122
127
120
123
126
122
120
124
121
122
125
124
125
125
123
124
124
123
118
196
192
184
120
126
124
123
117
118
116
115
110
112
114
109
115
111
112
120
117
111
114
112
103
122
214
176
114
113
112
111
109
112
112
118
118
111
113
109
106
108
111
114
116
113
119
116
112
113
113
113
118
115
113
115
113
114
103
202
201
134
115
101
109
105
112
117
117
118
115
112
112
122
105
79
134
242
166
178
181
182
182
168
122
124
122
120
112
105
109
38
18
16
12
10
6
8
11
27
29
9
9
6
9
9
18
27
22
11
18
26
44
65
65
94
106
104
95
97
92
37
21
18
22
25
20
22
20
21
18
15
13
13
10
11
11
11
10
8
11
27
35
38
30
19
15
13
30
89
124
139
87
68
114
139
59
14
19
23
21
20
20
22
25
8
160
235
188
147
137
106
50
68
57
101
131
22
31
27
20
21
20
21
24
34
41
36
40
49
47
52
39
36
40
42
34
26
33
25
65
143
121
125
122
125
126
123
122
121
119
129
120
124
126
128
119
122
124
122
123
128
124
126
126
121
121
118
125
122
29
29
25
24
9
12
7
0
5
5
6
7
2
5
3
6
15
40
53
56
58
37
42
70
71
66
59
55
48
36
41
66
39
47
49
109
118
114
126
115
128
123
128
138
140
144
138
133
139
139
130
138
133
134
127
133
128
128
133
127
127
127
130
129
127
149
216
186
203
186
178
180
176
184
174
116
134
141
139
132
133
147
144
140
132
135
134
132
127
132
137
138
143
139
137
229
197
168
155
137
141
141
137
135
136
143
144
150
137
109
103
121
114
59
53
58
57
54
55
47
40
45
52
64
78
122
117
114
103
111
104
100
96
94
88
85
88
89
91
88
85
94
95
101
104
105
109
110
114
113
113
112
109
112
115
112
108
112
116
111
114
113
115
118
118
116
119
119
120
124
120
120
122
120
122
119
121
119
121
122
124
120
121
123
123
120
116
194
192
183
112
123
125
127
122
113
117
113
116
117
113
111
125
120
123
141
122
117
127
122
114
133
213
179
130
128
124
117
109
119
120
116
114
111
108
118
110
114
110
119
118
113
108
112
117
118
112
118
118
117
121
118
118
105
119
240
167
126
109
127
122
119
129
112
131
123
128
123
121
125
117
78
144
228
171
174
176
182
181
175
120
125
127
114
115
113
102
52
12
11
10
10
11
10
6
32
38
9
9
6
7
13
16
17
21
16
44
93
116
112
116
107
104
112
104
101
99
44
14
20
25
23
25
20
22
14
13
13
13
11
10
10
10
7
10
11
20
34
34
27
20
18
18
16
34
90
102
87
48
103
123
100
16
22
16
24
28
25
25
19
25
7
176
229
190
113
97
76
92
75
69
76
97
29
38
39
39
31
19
15
15
16
25
31
30
32
43
47
34
35
40
41
45
26
29
20
76
135
123
127
129
125
126
124
124
125
131
129
123
125
129
127
123
121
126
127
127
125
127
127
122
128
127
130
129
124
21
31
23
23
10
14
9
0
4
3
2
5
1
2
2
6
25
47
56
53
68
36
49
69
71
64
67
47
45
34
35
61
42
58
100
95
119
113
111
121
111
120
123
115
124
126
125
122
125
125
122
132
124
121
116
128
122
139
123
124
133
124
130
133
110
152
219
185
199
177
177
178
175
184
176
112
128
130
132
128
127
143
143
133
112
125
134
124
125
126
129
127
140
132
113
232
193
172
138
119
129
133
131
133
123
130
121
123
126
82
80
96
93
51
46
51
56
51
50
46
45
46
54
59
58
114
137
135
148
172
148
140
144
145
130
145
141
134
136
141
129
130
124
116
120
112
115
112
108
105
103
100
100
90
90
91
83
85
82
94
90
91
98
101
106
108
108
110
113
112
114
113
111
113
117
115
120
117
123
120
116
119
118
117
120
122
121
197
192
190
114
122
125
127
120
114
123
116
114
116
119
114
128
126
125
121
115
118
114
123
116
127
215
180
115
116
122
119
124
121
117
115
121
111
113
121
116
110
112
119
116
118
110
110
112
114
117
121
116
123
124
116
121
89
167
224
141
123
106
123
119
104
117
110
116
122
118
116
114
110
115
86
141
234
156
174
147
170
195
153
104
109
111
110
114
112
103
54
18
19
10
11
7
10
10
45
53
7
14
11
9
10
29
16
26
20
15
64
100
110
106
108
112
114
98
126
100
24
20
25
22
23
24
18
16
9
9
9
13
11
11
12
5
12
12
17
38
34
22
16
17
15
15
20
14
26
58
39
59
74
51
22
10
7
11
29
37
40
29
18
30
11
196
219
186
95
84
76
78
50
83
34
50
34
42
46
44
42
39
27
14
11
17
19
30
30
37
38
32
36
45
45
49
32
22
22
80
124
120
119
123
129
128
123
121
127
125
116
124
126
126
127
123
127
125
124
126
126
123
123
124
121
124
124
135
120
23
25
21
27
10
15
9
0
4
2
0
4
4
1
2
7
29
58
55
54
62
30
48
78
70
66
59
41
42
37
34
55
34
90
100
120
109
74
113
119
138
135
132
125
126
118
126
121
120
124
120
111
123
125
124
131
125
128
134
139
126
134
131
127
123
166
221
186
204
173
178
178
176
184
166
106
132
137
129
135
139
125
123
129
130
129
128
119
124
123
128
114
123
126
135
242
198
173
132
133
123
128
129
116
129
140
124
110
100
77
75
84
80
50
51
52
52
51
48
50
46
43
51
56
62
76
92
87
99
115
114
128
130
138
124
130
139
138
134
154
151
155
148
147
142
143
142
152
143
137
144
139
140
144
126
128
124
123
118
108
110
94
92
92
84
79
77
79
77
83
88
93
105
108
113
112
117
116
125
123
117
117
116
116
122
117
117
199
196
187
122
124
122
125
119
117
120
115
111
114
115
117
119
124
120
120
117
111
113
117
116
132
209
183
119
112
112
116
118
121
112
112
112
116
119
117
117
120
120
115
115
119
116
117
118
122
121
126
120
119
119
117
115
81
224
199
128
123
119
112
114
110
115
111
116
117
116
109
106
110
110
95
116
222
172
172
168
120
180
171
109
113
116
102
112
112
115
72
12
16
12
9
8
9
9
64
84
10
14
9
12
10
17
24
35
60
37
28
88
97
107
104
99
97
108
183
96
32
20
20
25
30
25
23
18
12
11
8
7
8
10
11
15
7
14
33
28
21
18
16
16
18
18
18
19
18
14
25
22
14
7
9
6
10
16
35
39
30
25
21
26
12
217
216
189
91
22
82
95
41
77
38
39
38
44
52
51
51
41
27
23
22
20
19
19
23
33
40
34
38
41
41
36
38
26
25
57
101
93
98
99
104
105
119
115
112
119
125
132
126
124
122
121
124
122
125
129
125
120
130
127
131
124
124
129
106
12
28
25
24
9
15
8
0
3
2
0
2
7
2
4
9
34
59
49
60
53
30
52
80
65
67
59
41
39
29
28
56
47
109
105
104
78
102
121
127
125
120
125
129
128
122
130
124
123
127
112
125
131
131
126
128
129
129
126
123
118
122
121
124
110
167
213
188
202
173
180
176
176
190
160
110
130
124
121
127
126
131
117
128
119
128
130
126
118
121
127
125
126
120
146
234
190
172
136
125
128
136
133
125
122
122
125
125
97
67
74
68
58
47
52
48
54
55
55
58
51
53
53
53
63
69
73
83
85
93
94
114
115
121
119
124
123
121
119
123
126
123
125
123
127
109
129
127
118
133
125
127
132
134
142
131
136
138
142
143
142
148
140
142
134
135
119
120
119
113
102
101
88
92
84
84
90
91
88
91
97
103
105
104
103
107
105
191
200
181
108
116
120
126
117
120
119
114
116
125
119
120
116
118
117
122
120
118
117
115
115
130
216
184
114
112
121
123
114
118
115
121
122
116
115
119
123
126
125
124
122
123
124
115
119
114
113
113
104
114
120
123
112
130
239
165
123
119
122
119
114
111
109
116
108
105
112
109
109
108
115
88
169
192
147
174
177
163
128
143
101
103
101
108
103
103
99
72
16
16
16
10
4
11
7
35
59
14
12
10
12
12
19
21
54
99
65
23
79
101
101
101
94
92
154
192
90
51
12
16
22
29
35
30
19
10
10
12
9
11
11
11
10
13
27
26
22
17
20
20
19
21
22
20
20
25
26
28
26
24
18
16
8
8
15
25
30
23
24
25
25
16
240
211
190
82
22
34
57
38
73
59
41
49
51
51
51
42
35
30
33
31
26
29
26
21
27
39
36
38
35
37
37
38
30
26
54
92
81
86
87
91
92
100
91
92
103
102
113
129
130
132
133
134
129
131
134
131
131
129
134
132
138
127
140
100
16
24
22
21
9
17
6
0
2
1
0
1
6
1
4
12
48
61
45
53
51
35
56
72
71
67
43
40
39
32
28
51
81
115
96
80
86
97
115
129
130
126
123
127
129
128
127
126
126
127
107
125
124
125
129
131
134
124
126
129
135
127
124
132
113
189
207
190
198
178
178
178
177
189
156
125
129
121
126
122
122
127
119
120
118
118
114
120
114
116
116
124
132
118
149
240
190
173
136
116
121
132
119
121
131
111
124
125
100
80
68
60
54
59
55
57
62
57
60
66
55
56
60
66
68
74
78
79
83
84
89
94
96
100
97
113
121
125
113
117
116
114
119
118
121
129
135
127
124
129
112
123
125
124
130
130
126
125
128
134
129
126
128
131
133
132
136
135
131
139
136
134
129
139
131
128
131
135
132
122
116
102
97
100
105
102
97
187
198
182
92
90
92
97
113
117
117
117
117
123
122
117
118
122
120
113
111
112
119
115
115
129
217
184
116
109
114
115
115
115
116
115
118
127
125
127
126
123
127
129
119
125
125
119
125
119
123
117
110
118
121
121
101
200
231
135
121
118
125
125
114
113
117
110
111
110
111
112
112
102
108
79
180
214
141
170
173
176
163
119
101
102
97
107
103
99
101
78
19
14
13
9
7
11
12
33
49
14
14
11
10
10
32
37
60
88
86
26
71
100
93
96
91
107
153
156
72
45
9
17
18
26
40
34
30
20
13
11
10
10
9
9
11
24
25
22
20
20
21
24
24
24
26
24
23
26
27
25
27
27
27
27
20
11
14
23
27
24
25
24
27
21
252
205
191
78
24
20
25
31
35
52
42
49
52
46
44
36
40
39
40
38
31
33
32
23
17
26
30
34
31
32
31
32
31
28
53
97
90
89
89
94
97
94
93
95
89
92
91
101
108
112
116
129
134
135
132
130
131
122
128
128
128
125
133
98
22
23
20
22
9
17
7
0
2
2
0
4
6
2
4
17
64
56
49
56
50
28
55
69
71
60
37
39
36
43
15
76
105
93
85
86
97
101
122
128
128
130
125
124
125
128
125
126
126
125
114
126
131
128
129
125
132
129
126
128
134
124
126
128
109
197
203
193
195
179
179
178
177
192
151
121
127
134
131
123
123
129
132
133
131
122
116
126
122
120
118
123
136
126
150
245
185
171
118
119
108
103
100
101
104
97
99
101
90
77
71
67
62
63
56
64
68
67
63
69
66
68
73
74
80
77
82
79
80
77
89
95
96
97
96
97
103
112
104
108
109
109
113
112
114
121
115
118
120
126
116
124
124
129
121
125
124
122
126
119
110
122
129
127
128
124
129
126
126
128
134
135
131
128
133
138
137
139
142
136
138
134
129
130
129
131
130
195
192
180
127
126
113
108
117
117
117
123
117
113
120
120
119
120
114
113
112
111
118
114
115
127
214
188
109
109
109
106
109
118
119
114
118
123
123
121
121
117
119
123
117
120
114
114
119
118
111
110
117
117
116
106
114
243
196
121
115
114
121
121
115
111
117
109
116
112
113
111
111
108
108
86
186
220
152
159
174
172
180
134
91
92
99
93
98
101
102
74
15
19
14
9
8
10
11
48
73
15
14
10
10
11
32
72
74
68
71
36
70
94
89
90
82
112
154
130
57
31
12
17
21
28
39
35
34
30
17
10
12
11
11
10
16
23
20
19
19
22
26
28
27
28
29
26
29
27
28
23
26
28
33
37
27
21
17
24
27
24
24
25
27
24
254
199
186
74
29
24
22
24
24
45
45
39
38
38
40
43
45
43
44
44
38
37
33
24
26
21
25
29
28
30
29
32
30
29
53
99
95
95
96
93
100
102
100
98
92
94
92
96
95
97
103
110
113
115
118
111
115
110
115
112
115
115
113
83
25
24
24
20
8
17
7
0
3
4
1
8
6
3
2
29
70
53
53
57
44
28
56
66
69
54
38
36
31
40
37
99
105
87
91
97
88
94
128
126
133
126
130
127
125
128
129
127
127
124
125
130
132
132
135
132
126
134
131
131
134
127
129
130
108
203
191
192
193
177
179
178
180
191
143
125
128
133
131
124
120
126
130
128
130
124
120
123
124
124
121
124
125
112
152
242
182
172
107
102
91
89
88
83
83
78
81
82
81
71
77
71
70
69
71
70
72
74
69
80
85
80
79
74
86
84
81
83
82
85
89
90
98
93
94
90
94
100
95
101
96
98
105
100
99
104
100
106
122
125
122
123
123
134
121
127
133
136
128
114
115
125
126
130
127
121
126
123
120
118
124
129
126
124
127
126
125
129
132
130
128
132
129
132
129
135
132
197
190
176
132
136
131
131
120
117
118
121
113
110
118
118
120
118
112
118
116
117
115
115
118
129
210
188
104
111
112
110
109
119
120
120
119
116
119
116
116
120
118
119
121
116
114
111
110
113
106
107
110
109
112
92
159
254
153
116
103
106
111
108
102
105
105
105
111
107
110
107
106
105
105
92
183
211
166
159
171
169
180
135
87
87
97
97
95
97
95
64
16
20
14
9
8
9
11
52
84
18
11
11
12
13
36
92
85
76
73
62
74
89
92
87
76
119
156
114
42
22
21
16
21
28
37
34
33
32
24
14
12
11
11
12
20
21
19
20
21
26
31
32
31
29
26
25
27
28
30
28
31
33
38
39
31
29
23
25
25
25
26
28
24
30
254
192
182
68
31
28
27
25
30
53
30
28
29
41
46
51
50
49
49
47
44
42
31
45
119
19
22
26
26
29
27
30
29
26
55
99
95
99
105
99
103
107
106
103
103
106
105
107
105
106
105
109
110
109
114
107
105
110
109
114
114
111
112
79
24
25
26
18
9
19
7
0
3
5
3
8
8
3
3
46
66
51
55
59
38
32
60
68
65
46
44
33
35
61
77
94
92
92
103
99
55
93
124
125
131
122
126
124
123
127
129
123
125
117
124
123
125
128
131
132
122
129
132
132
133
129
127
130
99
217
183
197
190
178
180
180
182
193
136
128
129
124
126
120
117
118
120
122
119
118
115
113
110
114
113
113
110
92
159
241
182
171
94
83
84
82
81
82
76
78
82
82
81
76
79
80
76
74
82
78
78
78
74
84
92
83
80
79
85
87
87
86
89
84
84
83
93
89
89
85
87
93
92
92
87
87
95
92
85
90
89
94
100
106
111
111
113
120
116
119
123
132
125
104
112
118
124
120
124
124
124
126
122
122
119
124
125
126
126
123
126
129
127
124
124
126
124
126
129
131
130
197
193
172
127
128
133
138
116
115
118
115
108
112
116
114
117
115
113
115
115
119
113
116
117
128
211
184
107
112
115
116
115
112
115
120
116
116
119
115
116
127
121
122
124
120
122
119
114
116
116
117
112
111
118
103
207
230
125
117
98
103
102
101
94
102
99
100
102
101
102
103
101
101
100
88
173
188
162
163
164
169
173
126
94
93
97
105
100
94
90
63
19
17
9
9
7
9
10
45
71
17
12
13
15
13
53
104
94
95
98
90
86
95
98
96
85
122
152
85
26
21
26
18
20
25
34
32
31
29
27
21
13
10
11
15
20
20
20
25
28
33
35
36
33
29
25
26
25
28
31
32
34
38
39
34
35
30
28
26
29
32
34
30
22
45
253
183
180
62
29
28
27
20
43
104
45
27
36
48
55
54
56
52
53
49
46
35
26
108
212
33
17
25
25
27
24
25
26
24
59
111
100
108
112
111
110
112
114
111
113
115
115
116
117
119
112
118
122
119
122
121
109
118
112
121
117
116
123
82
23
24
23
20
13
20
7
0
2
4
4
8
8
2
6
61
58
51
57
60
36
31
64
69
61
43
44
48
64
87
91
88
90
98
102
70
34
100
113
120
123
117
114
113
115
116
120
115
120
112
113
115
117
119
116
121
119
119
121
121
124
120
117
118
88
230
181
204
189
180
181
182
183
198
127
112
117
113
117
113
111
108
111
114
108
106
106
101
95
98
98
95
99
77
168
241
181
165
82
74
81
77
79
86
76
83
90
88
82
80
76
84
77
77
81
81
84
83
79
85
86
85
85
86
86
86
94
88
98
84
86
86
87
90
88
87
86
91
90
88
90
83
85
90
82
86
83
88
78
80
91
92
95
97
103
102
101
110
112
91
96
100
112
100
110
119
120
123
119
126
114
119
122
126
129
127
130
127
128
125
131
127
130
125
130
128
133
198
196
168
127
126
129
127
114
117
118
115
112
116
119
115
113
115
116
115
119
118
116
116
112
123
215
181
113
114
113
116
116
107
110
115
113
115
118
114
118
123
118
123
122
123
122
127
122
123
123
124
128
123
121
138
235
177
120
121
107
108
104
106
107
108
107
104
102
103
100
106
103
107
101
81
159
164
143
156
155
160
161
132
99
99
101
95
99
97
96
65
15
15
9
8
7
9
10
54
70
14
17
14
16
14
69
119
104
103
109
107
102
105
104
110
106
123
131
41
18
23
24
21
21
22
32
29
28
26
26
24
16
12
15
18
21
20
25
33
39
42
36
38
33
34
31
28
31
32
33
28
30
36
35
32
36
31
28
26
41
46
45
30
21
62
253
177
175
58
31
27
30
48
99
163
94
38
49
48
54
56
57
50
53
48
44
28
38
181
219
73
12
26
25
26
26
25
22
24
66
126
106
118
115
115
117
117
118
116
116
117
123
120
120
120
116
118
120
121
125
127
119
123
114
116
117
121
126
78
25
23
21
24
17
20
5
0
2
2
3
6
6
2
12
67
54
55
61
58
34
31
68
67
59
43
52
89
95
82
85
100
101
100
73
28
44
106
108
113
117
112
109
107
111
110
112
111
120
118
109
116
113
115
109
110
113
113
111
109
112
109
109
105
87
236
181
206
189
181
179
181
183
200
108
93
102
107
107
107
101
99
101
99
101
100
97
90
90
91
88
89
95
72
180
237
178
158
83
78
80
81
84
84
83
82
93
89
82
80
76
82
79
81
79
81
88
86
86
86
82
90
94
92
94
85
93
90
98
96
95
92
88
94
90
95
92
91
84
90
95
85
83
89
85
86
86
90
86
75
82
82
82
83
92
90
92
95
96
83
86
84
88
87
89
99
109
108
103
113
107
106
109
120
125
119
119
119
125
125
129
121
125
118
122
124
125
196
195
171
117
124
124
118
117
125
122
119
124
128
131
119
120
124
124
125
128
123
123
120
116
130
214
176
126
116
117
119
119
118
115
116
114
116
113
114
120
114
119
122
123
122
121
123
119
122
124
121
125
121
105
171
239
134
129
124
118
116
119
112
117
120
112
118
114
116
113
117
110
108
106
86
143
161
127
141
145
137
171
127
97
101
100
91
89
94
99
46
16
12
11
8
10
10
12
79
84
15
17
13
15
14
77
115
114
108
112
120
109
108
110
113
114
125
72
11
23
22
22
22
18
21
31
28
24
22
28
21
18
15
21
24
25
30
34
41
46
48
37
40
36
41
33
25
31
36
33
30
27
30
30
33
37
35
29
30
53
57
58
37
20
74
254
183
175
56
34
28
57
155
189
154
116
55
50
49
48
50
51
51
51
42
36
42
81
205
209
123
12
28
25
27
28
29
25
22
69
124
110
116
115
108
116
112
113
118
112
118
126
116
120
117
117
122
117
120
128
125
125
121
117
119
118
118
131
77
23
18
22
25
18
18
4
0
3
2
0
1
5
4
19
61
53
61
65
59
29
35
71
67
56
45
91
122
84
79
101
102
102
89
29
25
55
116
110
112
114
118
114
113
119
125
117
114
124
118
118
117
114
116
120
107
114
115
111
110
107
112
107
103
89
243
179
203
185
180
181
181
183
198
89
99
104
108
103
104
101
99
96
95
101
103
93
90
87
95
92
102
100
77
192
232
179
157
89
101
94
91
94
91
92
95
95
92
87
87
85
87
91
90
90
85
89
87
90
77
80
87
94
98
100
85
90
89
85
91
89
88
93
101
92
87
88
86
82
85
86
85
86
83
82
81
91
87
90
86
83
86
89
84
88
83
93
90
91
79
86
81
79
82
82
82
85
87
87
86
102
89
87
97
103
96
101
111
112
117
124
117
113
108
118
128
119
197
193
183
108
117
124
121
112
119
122
119
126
122
125
119
125
126
127
117
117
128
128
125
117
135
210
181
135
126
130
125
130
137
125
121
126
131
119
116
120
122
120
121
125
123
123
125
123
120
123
125
119
114
110
206
203
117
133
126
128
127
119
123
119
118
113
127
124
120
116
107
88
101
105
112
192
121
94
121
137
121
162
114
101
95
99
108
103
83
72
30
17
11
9
9
9
16
15
51
50
12
12
14
14
17
92
122
129
116
121
118
114
116
112
121
103
46
19
21
26
27
22
21
19
22
27
29
18
20
26
26
19
22
27
32
28
40
43
43
31
46
72
62
58
50
43
22
23
29
31
29
30
32
33
41
36
29
30
37
57
59
66
58
27
88
253
189
182
71
37
44
149
222
168
177
200
107
46
55
47
44
39
48
51
28
19
37
97
198
211
160
13
29
29
28
31
28
21
22
62
112
116
114
115
110
111
113
115
117
109
116
113
106
110
123
117
116
121
117
124
125
122
121
124
121
121
116
124
71
24
14
19
21
15
16
6
0
1
2
0
1
6
4
30
52
46
53
66
63
27
35
68
65
51
85
122
82
82
109
106
106
85
70
25
21
63
121
118
122
118
125
115
118
110
121
124
118
119
115
132
116
114
115
119
121
118
116
111
111
105
116
110
105
103
248
166
201
190
180
183
180
184
190
101
114
102
102
108
105
99
100
99
95
97
88
89
94
93
99
99
108
105
85
197
231
184
157
97
102
104
106
101
100
98
101
100
93
88
99
95
97
104
93
104
81
83
84
85
86
76
87
94
91
93
88
80
81
90
93
89
87
88
99
93
84
84
80
77
86
85
80
81
83
83
84
90
83
84
85
79
89
92
94
86
84
96
84
91
95
87
87
82
83
89
81
84
85
84
91
93
88
87
92
85
88
88
87
95
101
98
107
105
101
102
115
113
197
193
182
111
109
117
119
115
113
113
118
114
115
120
121
117
117
116
117
120
124
109
116
112
122
212
182
131
120
127
124
129
121
124
129
124
129
132
133
135
133
130
136
128
126
126
125
132
132
131
128
135
130
144
237
161
134
130
131
126
126
120
119
113
108
106
123
122
114
116
98
117
115
86
85
176
168
89
61
77
122
125
119
103
100
100
113
112
101
48
22
16
12
15
12
10
15
12
55
33
12
15
14
18
35
121
124
120
122
124
122
121
121
117
126
83
13
20
22
27
28
22
21
19
19
20
30
26
18
23
30
21
26
38
36
27
35
24
14
32
123
135
130
133
128
119
93
30
21
27
36
39
36
36
42
34
38
43
46
49
62
72
73
40
104
254
174
183
112
94
88
190
210
165
166
163
185
100
42
38
36
36
45
27
12
9
81
105
205
203
171
20
28
32
34
31
26
23
20
59
110
113
121
116
125
127
124
120
124
124
121
133
123
121
133
114
119
118
117
112
120
122
119
120
123
121
108
112
65
24
17
26
24
13
14
10
1
1
4
3
1
5
4
42
55
53
50
50
54
24
35
65
67
111
123
82
82
119
104
107
100
44
56
19
4
97
133
126
122
131
120
117
119
115
120
118
122
122
118
113
115
125
118
118
120
108
123
109
109
115
124
117
108
119
246
163
211
184
186
179
180
188
186
108
121
102
109
112
96
102
106
110
116
106
108
112
111
107
119
113
109
108
85
205
221
179
144
83
92
94
102
98
103
109
103
97
98
97
101
94
85
92
85
87
97
88
87
79
87
83
85
89
87
89
84
82
82
81
84
97
94
82
82
90
79
87
85
79
90
92
88
78
72
85
84
85
87
90
73
89
92
93
94
103
95
98
96
99
103
88
95
93
83
86
92
88
94
89
94
93
94
88
87
101
87
91
91
86
93
88
90
89
87
85
87
94
198
197
181
90
92
95
100
126
118
114
121
120
100
115
123
119
122
119
118
120
118
112
116
113
126
210
187
116
134
123
123
118
121
124
126
124
108
120
127
125
129
127
123
121
127
125
124
126
134
126
128
130
106
180
228
138
136
126
123
119
126
124
120
121
116
119
118
123
115
116
117
128
122
119
92
79
79
83
74
55
47
54
73
93
91
95
86
59
27
22
16
11
12
11
8
10
7
11
29
16
9
8
28
16
52
134
108
121
123
130
120
115
108
110
100
30
18
18
21
21
21
24
21
15
19
21
30
32
26
17
27
18
22
38
44
85
38
16
24
106
122
116
115
115
115
118
133
108
36
19
37
38
42
43
42
43
46
48
59
60
65
65
85
64
131
254
171
174
124
127
91
192
211
169
169
170
169
193
149
84
28
43
41
34
17
60
121
119
205
202
174
38
27
34
32
29
30
24
21
58
137
112
116
116
124
126
126
119
127
129
124
125
125
121
130
128
129
126
124
121
125
125
117
123
118
117
117
120
60
25
22
23
21
16
12
7
0
1
4
0
5
10
7
47
50
56
55
47
40
19
51
78
100
119
88
84
115
117
109
102
74
56
52
14
6
100
120
118
124
126
125
123
124
123
116
121
119
129
124
116
113
121
118
111
130
119
125
119
121
117
117
125
106
131
250
171
204
182
183
180
180
190
183
100
116
106
114
118
113
118
123
122
119
120
123
113
117
116
95
110
104
110
93
216
220
181
156
100
104
98
110
108
99
109
106
98
108
108
101
107
98
90
90
92
109
89
101
88
88
85
88
96
96
81
96
93
88
80
85
91
91
89
83
104
95
85
91
86
95
88
92
90
85
88
95
88
96
93
92
93
89
93
100
99
92
94
90
91
96
99
96
97
100
92
90
98
98
95
97
97
90
103
95
91
89
91
92
90
91
98
92
97
94
88
87
94
198
192
187
82
86
84
85
137
124
121
121
124
119
122
128
124
121
117
113
120
119
114
119
114
126
206
184
119
125
119
121
124
123
129
123
119
119
124
113
121
121
122
119
121
120
124
132
128
118
117
124
130
119
218
196
131
126
125
119
123
126
121
121
124
121
127
116
116
116
115
115
112
118
117
109
150
104
107
86
69
71
57
35
42
56
62
43
26
23
19
15
14
8
12
6
10
10
10
22
15
9
42
30
14
81
131
112
120
122
127
125
120
126
112
45
22
13
22
23
22
25
22
19
16
19
21
24
32
33
31
30
16
17
11
67
155
62
18
68
131
128
125
121
120
119
122
119
120
95
30
19
28
35
48
47
44
48
51
57
63
70
76
77
74
151
253
172
174
117
125
104
192
204
168
171
168
167
174
154
119
35
33
50
44
75
119
121
119
205
204
183
63
41
39
32
31
31
24
24
44
128
122
125
124
124
126
124
125
118
127
128
124
125
124
128
132
129
139
133
128
127
126
117
117
118
120
116
121
52
23
22
20
23
19
12
7
0
1
2
0
4
9
12
49
51
56
48
43
42
21
51
95
111
118
93
83
126
114
95
60
71
64
57
16
11
110
111
111
121
126
118
119
121
126
117
122
119
127
119
121
123
113
121
108
128
121
119
123
124
119
116
119
105
149
240
172
204
179
177
183
180
189
173
102
115
108
107
109
105
112
117
113
113
112
113
108
107
106
115
115
102
110
92
224
218
178
148
107
109
105
112
106
111
101
101
101
105
103
105
109
114
110
111
111
124
115
107
102
107
102
89
102
102
99
92
103
95
93
92
95
94
102
109
96
103
99
104
98
106
99
104
97
86
92
100
97
96
98
100
92
88
85
88
93
95
99
94
92
93
98
93
95
96
94
92
97
99
101
90
99
94
99
96
96
99
90
95
90
101
94
93
93
97
104
88
97
200
194
189
81
86
90
87
129
130
127
130
137
130
134
127
123
123
120
124
128
121
122
121
116
125
208
183
120
123
122
117
125
127
129
127
124
123
124
118
116
118
122
120
122
118
122
118
119
119
119
133
108
138
234
163
132
120
119
121
120
115
119
114
116
115
109
113
116
117
119
124
127
122
118
113
193
107
102
103
74
68
73
61
39
39
35
24
18
17
16
15
12
11
14
10
12
6
63
60
13
36
78
21
34
109
134
126
119
124
128
122
129
124
61
21
20
19
22
24
22
25
17
15
17
18
18
15
24
34
36
28
21
23
38
33
88
48
48
118
133
126
122
114
117
124
123
125
119
117
98
20
25
57
43
42
54
53
59
64
65
68
67
89
88
160
250
177
168
106
116
90
194
205
166
172
166
169
172
147
133
59
15
38
82
114
133
123
127
204
203
165
111
54
40
40
34
30
27
24
32
133
123
124
130
126
125
125
129
130
125
131
130
131
128
127
126
124
120
124
126
127
117
117
114
115
117
116
123
54
24
17
20
22
17
13
10
2
1
0
0
7
10
19
53
55
54
45
47
40
21
49
105
109
106
72
143
124
89
55
47
73
73
63
19
26
118
113
112
116
119
108
113
113
116
122
119
122
117
119
122
127
117
128
123
118
121
122
118
122
116
119
120
102
146
241
175
206
180
180
178
180
191
166
98
115
109
109
112
112
110
118
114
111
109
109
109
113
116
115
115
117
111
102
228
213
179
140
101
115
117
111
113
116
106
106
107
107
106
115
105
114
114
116
117
119
119
118
112
119
118
110
115
108
112
110
113
110
103
108
108
105
108
117
109
109
104
106
104
113
108
106
99
99
103
103
105
106
104
114
104
99
106
105
104
102
105
102
106
105
100
98
105
108
98
101
100
101
106
96
102
106
104
102
98
100
97
104
100
106
102
98
101
102
102
91
101
196
201
180
81
92
100
95
123
128
126
127
131
133
129
122
122
124
126
132
130
127
129
132
128
127
211
185
123
124
128
126
127
128
131
131
130
128
125
128
120
129
131
127
128
123
119
117
124
128
125
124
92
190
222
144
131
126
119
126
120
115
117
117
114
107
102
106
105
105
107
106
111
118
121
124
209
138
93
82
64
52
53
47
33
23
19
18
18
16
14
12
10
12
12
10
9
24
131
52
16
82
55
24
77
117
124
127
123
125
125
119
129
81
27
17
17
23
24
24
24
19
17
16
17
18
20
12
20
30
38
32
24
24
79
38
36
44
93
135
128
122
119
118
122
128
126
125
121
122
130
73
65
111
83
46
48
64
71
69
62
73
88
106
94
169
246
183
168
109
117
86
200
202
164
171
167
171
174
140
97
38
51
88
112
122
126
128
124
202
204
155
121
70
39
40
35
30
26
26
27
115
125
117
123
127
118
126
130
131
125
133
132
127
130
127
127
124
120
126
125
128
119
119
119
119
120
119
121
49
26
19
21
23
15
12
12
4
3
1
2
9
8
21
52
55
51
46
47
39
12
73
117
104
75
135
148
93
63
41
40
78
72
69
21
40
123
115
117
118
121
117
114
118
114
122
124
121
115
123
121
126
123
120
116
115
119
117
113
117
120
121
117
100
154
226
177
204
179
180
179
180
191
163
93
113
108
113
108
115
106
118
114
114
112
106
111
113
123
118
114
117
116
112
234
209
176
139
103
119
117
120
118
118
111
111
114
116
110
126
110
116
117
116
114
112
114
117
112
114
119
115
117
117
112
118
116
113
107
110
109
108
109
111
110
108
106
109
106
110
111
108
102
105
111
112
106
105
109
113
107
104
112
109
105
108
111
104
113
107
107
110
114
113
106
107
108
104
108
110
108
109
111
112
107
105
108
112
115
110
110
115
117
106
106
99
106
197
197
183
90
100
105
95
119
123
124
121
130
132
125
119
122
125
129
136
130
132
135
143
138
138
209
186
128
130
132
136
132
131
135
136
132
129
132
133
129
141
133
134
135
134
126
131
136
134
136
125
112
234
192
130
134
135
129
130
127
127
125
127
124
117
117
118
116
115
109
104
94
92
99
102
156
117
83
58
44
32
24
24
23
21
22
21
19
18
14
12
11
11
11
12
10
42
99
30
51
75
24
59
110
119
118
124
132
125
122
118
90
36
20
18
22
24
25
24
25
16
16
16
14
18
24
13
19
29
36
33
26
19
77
94
84
98
118
126
123
125
122
126
126
128
127
123
125
129
130
114
112
135
120
99
43
55
68
66
74
101
117
121
100
181
239
183
164
117
125
93
203
199
164
169
167
172
175
125
53
51
105
116
117
121
115
127
114
202
203
157
107
88
39
40
35
32
26
28
22
87
126
120
119
124
121
126
128
127
127
129
132
127
127
125
125
128
127
134
128
129
127
123
128
125
123
122
121
42
27
19
25
23
17
11
12
4
3
2
5
8
8
29
53
53
47
47
46
33
15
109
125
117
101
146
86
54
47
36
40
74
67
73
21
47
124
114
119
124
128
125
123
128
119
120
123
126
123
124
118
122
120
115
111
116
116
112
108
113
116
120
115
95
176
216
181
198
176
179
182
179
190
163
94
111
109
112
107
112
108
113
111
118
119
105
112
114
119
120
116
118
119
116
235
205
172
142
111
119
121
122
115
120
118
114
121
122
112
125
115
121
123
118
116
114
112
113
114
107
118
112
114
113
109
109
113
103
104
103
97
100
104
105
101
108
104
108
106
103
108
104
107
106
108
108
106
102
107
105
102
103
106
104
103
110
112
105
108
103
111
115
113
110
111
111
114
105
103
109
105
108
111
111
110
114
115
115
114
112
111
115
118
110
108
106
107
199
193
182
97
105
103
94
122
120
124
124
134
126
124
117
119
121
123
128
119
122
136
138
133
143
205
189
129
131
132
133
133
130
134
133
130
124
136
133
135
145
129
131
138
145
135
139
143
139
141
123
162
242
158
128
137
136
142
136
137
139
133
138
138
128
134
130
135
131
123
121
103
83
77
77
88
68
65
53
42
32
29
25
29
31
31
25
19
17
15
13
13
11
13
13
13
41
37
63
79
32
41
109
118
117
118
125
138
123
119
117
37
23
18
20
27
26
26
25
23
17
12
14
11
14
27
17
21
29
28
25
29
18
46
125
131
132
123
121
125
126
125
128
130
127
129
124
125
130
128
127
125
125
125
134
37
27
51
79
104
124
133
128
110
192
231
182
163
121
130
96
207
197
164
168
166
167
174
121
65
112
131
120
121
128
116
123
115
206
205
164
108
96
38
40
34
32
28
29
22
69
138
130
129
128
133
130
130
131
135
127
133
132
130
130
124
132
131
135
133
131
133
125
133
127
126
123
119
41
28
17
26
24
20
11
11
4
3
2
4
6
10
42
53
53
49
47
44
29
52
127
116
107
109
80
38
34
34
27
47
71
64
77
20
61
128
116
122
131
132
127
129
128
123
123
119
129
128
125
116
117
116
118
115
119
116
116
112
111
113
119
117
92
188
211
186
198
176
179
180
179
191
156
108
115
114
111
113
114
116
113
114
120
120
110
114
116
113
117
115
122
116
117
237
196
171
143
119
118
121
116
112
119
122
116
118
119
115
116
114
117
121
122
117
112
111
110
116
106
116
112
109
106
105
102
109
93
103
96
89
94
93
96
97
102
99
102
105
99
104
99
108
108
107
103
104
102
106
104
98
101
100
100
103
106
103
102
101
100
106
111
106
101
103
111
110
103
100
102
100
108
106
106
109
116
113
113
105
113
111
109
111
112
112
113
108
201
193
179
99
108
102
101
129
122
126
133
127
119
122
117
121
122
121
118
115
120
131
115
112
130
210
191
115
122
124
122
124
119
123
118
123
121
133
127
128
133
121
126
134
140
127
128
137
139
131
111
217
221
132
137
137
128
146
142
142
140
134
143
146
128
131
126
134
129
128
130
121
103
80
73
65
57
52
53
55
48
50
36
36
32
28
22
19
15
15
14
13
11
13
20
38
40
31
99
57
29
97
132
116
115
119
130
134
120
125
114
14
28
18
24
26
27
28
25
19
16
10
12
11
18
33
23
25
31
27
21
30
23
24
103
119
116
124
127
130
124
125
128
131
126
131
125
124
126
130
131
120
120
122
117
23
29
70
113
128
126
133
130
118
202
222
185
161
121
128
98
214
195
164
167
166
161
174
137
119
151
136
138
133
135
125
123
121
207
209
167
120
94
40
38
34
30
27
29
27
53
150
138
140
136
137
137
133
137
139
132
133
134
134
141
130
132
135
131
134
132
133
129
134
127
127
124
119
42
31
20
24
24
20
12
9
3
4
3
2
7
14
51
49
53
53
45
47
45
92
120
87
66
56
36
38
33
27
25
54
72
58
82
23
82
138
126
130
131
130
130
129
124
126
128
121
125
125
125
120
119
119
124
120
122
121
122
123
118
123
122
118
97
194
201
189
201
176
179
179
179
189
146
117
123
119
116
117
119
121
119
119
121
118
116
116
114
113
114
114
119
110
118
243
185
174
140
117
114
109
113
113
116
119
116
113
111
113
110
113
109
114
119
114
107
110
106
109
106
114
111
108
111
107
106
108
97
107
97
98
104
92
92
103
95
99
102
107
100
105
104
105
109
109
113
105
106
112
106
102
103
101
101
103
105
97
100
104
97
96
103
101
97
99
108
105
104
104
105
104
109
107
106
110
113
112
114
106
116
112
110
112
116
117
118
112
202
194
178
102
110
104
114
128
127
127
132
122
125
129
125
144
149
145
141
156
158
139
121
121
135
220
184
107
120
117
123
120
120
118
113
117
127
125
117
115
113
115
130
124
118
105
112
123
124
112
128
253
181
123
136
135
121
135
137
137
131
134
139
144
131
119
128
126
127
133
131
127
115
94
71
71
54
49
46
44
45
42
33
26
22
19
16
20
17
13
14
9
13
28
61
87
51
47
60
23
85
138
122
119
127
126
137
128
125
142
104
17
26
26
25
29
24
25
21
15
12
12
13
31
61
40
27
31
38
35
29
26
26
19
86
121
123
124
126
129
134
132
131
122
125
126
125
124
131
128
129
131
126
132
112
32
93
136
131
128
126
126
135
118
211
215
187
149
121
125
110
217
192
165
167
166
164
178
147
135
139
139
135
129
127
121
120
114
206
205
165
113
91
42
38
33
28
27
27
29
32
134
139
131
130
130
134
127
132
128
131
129
130
124
134
127
127
128
129
128
130
129
131
130
127
122
127
122
41
29
25
23
23
18
12
8
3
4
4
4
7
22
54
46
54
50
54
67
71
105
103
58
48
41
39
36
32
30
29
56
65
50
87
32
89
144
133
133
124
129
128
133
128
127
122
127
123
123
121
125
127
121
126
127
125
125
124
123
129
130
124
118
101
211
190
192
194
172
180
181
175
187
147
105
125
119
123
117
118
121
118
117
118
120
114
118
113
113
112
118
116
107
125
243
182
176
132
104
110
109
114
118
116
113
114
120
114
103
109
114
111
115
108
116
115
116
108
105
115
112
108
112
122
120
112
115
115
112
109
117
122
113
109
113
107
110
115
112
107
113
115
108
114
108
120
111
110
110
104
107
108
113
112
113
115
110
105
110
97
93
97
105
107
111
110
115
114
110
110
116
112
110
108
112
114
123
120
117
117
110
109
117
122
117
115
116
200
194
171
111
110
110
120
128
129
131
129
127
137
128
137
165
167
172
178
179
171
173
194
206
203
200
181
155
141
138
147
142
148
149
147
147
138
124
118
124
116
123
118
115
112
108
122
124
120
101
179
249
141
126
128
131
123
130
122
123
122
141
127
124
133
127
130
121
125
131
131
134
127
131
124
138
44
33
33
28
27
24
15
19
17
16
18
17
19
15
10
13
25
95
121
56
29
138
75
49
134
127
123
131
122
131
143
130
128
152
85
12
29
28
26
29
26
19
21
18
14
10
38
106
130
37
36
40
36
34
33
27
28
22
86
114
121
126
125
123
134
128
129
124
125
129
123
125
134
135
132
135
138
138
94
108
154
125
128
131
126
129
135
111
218
209
184
156
129
125
118
221
188
167
165
166
171
176
147
124
128
129
125
130
119
111
106
103
204
203
155
93
71
39
34
32
29
30
25
26
31
116
125
116
119
120
120
125
121
116
119
113
120
112
107
108
119
107
117
119
132
120
123
123
126
119
127
111
35
28
22
27
23
19
13
9
5
1
1
3
7
27
55
49
50
46
73
75
62
126
83
57
52
39
35
35
38
34
33
46
60
50
80
38
91
133
129
128
128
130
132
124
124
130
127
132
122
122
115
117
119
119
122
119
125
126
124
128
129
120
123
132
104
218
178
202
191
174
179
176
178
192
143
105
127
116
124
120
119
120
115
114
114
116
117
117
120
108
108
120
117
110
133
240
185
176
129
118
124
121
124
126
125
124
111
119
124
118
122
118
119
122
113
113
114
119
114
116
124
104
114
107
115
119
117
116
121
116
127
128
120
123
122
123
118
121
119
116
121
119
118
116
113
120
118
110
114
116
109
111
113
117
110
118
127
121
110
111
112
110
107
112
118
109
112
122
118
118
111
116
117
112
111
110
120
122
120
120
122
120
118
117
107
121
118
121
206
196
175
110
120
126
124
120
125
120
122
122
127
122
120
112
111
115
113
105
107
108
112
117
129
119
135
168
151
145
132
155
149
159
155
174
138
119
121
133
135
128
128
128
128
123
130
130
134
126
226
213
116
124
123
131
119
120
126
124
121
125
126
124
122
122
127
125
120
123
129
134
123
112
153
244
170
115
49
19
13
28
24
21
24
23
25
18
18
16
25
42
77
76
29
6
108
162
65
119
120
124
132
129
131
132
142
136
132
149
84
15
31
28
31
19
15
16
15
17
7
45
136
138
131
49
34
50
39
35
31
29
28
18
100
142
136
142
140
127
128
132
127
134
128
109
128
131
124
137
137
131
131
126
144
146
118
117
118
131
133
130
126
116
227
199
184
158
124
124
106
221
182
163
169
165
168
172
157
138
129
127
126
120
124
124
113
120
206
209
165
68
46
42
34
31
26
29
25
30
23
92
125
111
121
120
119
120
118
119
116
106
109
110
104
116
96
104
107
115
124
115
119
125
120
129
124
100
27
29
23
23
23
16
10
8
6
0
0
0
6
31
51
44
54
44
42
40
107
102
63
53
45
38
32
36
35
35
34
47
55
46
63
23
96
132
119
122
117
119
125
125
129
123
128
124
130
128
114
105
110
112
113
118
115
118
114
116
117
122
121
134
115
223
174
203
185
177
179
181
180
188
144
131
124
117
119
122
126
122
122
123
119
124
141
120
123
126
121
115
122
112
131
243
173
181
136
117
125
117
114
123
114
108
106
112
109
117
116
124
119
123
114
116
127
121
125
125
117
114
125
130
126
131
122
121
122
119
137
121
120
113
121
120
105
112
119
117
117
117
110
114
110
112
114
123
124
123
115
115
120
120
110
107
116
115
111
112
121
140
127
123
121
114
119
114
115
126
120
124
125
125
116
109
141
130
127
124
126
122
128
126
118
124
123
125
206
195
182
117
124
130
118
124
125
120
121
123
126
128
124
122
123
123
124
121
118
124
121
120
118
124
111
111
116
119
112
115
110
115
114
117
114
120
124
125
120
132
122
124
127
130
141
133
116
147
239
163
126
128
131
134
136
125
128
122
122
124
132
129
123
122
119
122
122
136
130
117
130
115
152
227
161
190
184
138
75
22
13
10
9
10
5
4
7
23
51
102
79
28
22
88
84
60
185
142
135
150
148
140
134
136
142
138
138
150
84
16
27
28
24
22
12
16
14
16
20
139
137
125
135
54
30
34
33
35
28
23
29
21
67
144
132
132
130
141
131
144
141
139
137
132
138
128
133
137
141
136
133
135
144
139
129
136
141
152
137
133
130
125
229
191
186
150
125
125
110
223
179
162
166
169
170
171
143
127
123
133
140
138
133
128
126
116
204
204
159
50
45
43
37
34
25
27
26
32
21
76
135
127
127
131
128
133
131
129
143
131
127
131
125
134
122
124
123
122
116
123
130
130
125
130
132
103
30
31
23
23
22
22
15
10
10
6
5
7
13
38
53
51
56
43
45
62
114
96
63
58
46
30
31
33
31
43
37
46
74
61
65
19
112
122
118
125
119
129
114
122
123
128
123
120
128
129
123
127
118
117
127
131
123
122
130
134
115
125
122
125
120
227
174
204
189
178
177
176
180
186
135
114
124
127
121
124
127
125
131
130
127
120
131
120
126
127
126
134
136
122
147
240
170
178
129
123
125
124
121
122
120
123
119
121
119
115
115
132
116
109
115
119
120
122
117
118
117
126
111
115
113
113
117
124
115
113
127
114
115
116
114
109
114
114
113
114
113
110
112
120
118
114
114
121
118
121
124
125
124
119
119
116
124
117
124
118
123
130
126
127
124
130
128
119
122
123
116
120
132
134
130
122
127
126
124
120
128
118
123
124
127
131
125
122
203
192
176
111
124
125
126
128
130
123
125
131
121
127
125
129
131
125
125
127
129
124
124
122
118
127
121
127
119
121
118
122
119
119
119
115
116
126
122
128
130
132
122
121
122
123
121
120
110
185
231
126
138
127
136
135
132
133
137
135
136
136
126
130
132
136
129
133
126
136
132
120
135
120
166
228
154
164
169
172
169
131
81
73
65
69
72
82
80
76
60
40
42
70
114
71
41
194
195
99
103
107
109
110
103
117
120
116
116
131
79
16
29
26
17
16
13
15
17
10
88
143
128
127
138
97
26
35
35
34
26
20
27
28
39
135
119
129
126
131
126
137
140
124
133
131
131
132
135
133
142
137
126
138
144
139
142
132
143
141
132
146
133
127
229
188
187
147
129
133
103
226
177
165
165
165
166
174
140
133
133
134
136
140
133
122
125
116
200
198
101
34
44
37
34
35
28
30
25
26
24
54
119
134
142
129
129
134
131
116
136
136
127
131
128
133
133
133
123
128
133
130
132
133
130
136
131
108
31
29
29
24
24
25
15
8
8
5
6
6
8
50
54
50
54
43
42
53
81
69
69
54
44
41
36
31
39
40
37
47
74
63
62
17
108
132
123
131
122
126
127
125
126
131
123
127
123
127
125
126
117
125
133
131
125
134
134
136
134
121
123
125
118
231
171
204
187
175
178
175
178
183
129
122
120
120
120
124
120
121
123
120
119
121
133
122
128
122
126
121
124
115
154
235
175
181
123
118
123
119
127
120
116
123
124
122
115
114
118
115
124
127
121
121
114
121
121
119
121
127
124
125
125
124
121
119
125
128
118
122
120
123
123
125
121
121
120
120
124
124
121
116
119
115
118
120
120
123
124
127
128
127
131
125
124
120
123
123
125
126
125
123
111
129
128
123
122
127
122
120
122
136
134
131
126
120
121
122
129
122
115
114
121
118
119
127
203
198
173
109
117
117
125
127
128
124
118
124
120
126
126
126
130
127
126
130
128
127
125
127
124
131
136
137
128
126
134
129
124
124
118
122
121
132
123
126
130
126
121
129
126
126
133
129
130
216
196
121
135
131
132
130
134
133
133
137
135
132
134
138
135
127
133
137
135
137
138
136
131
121
165
232
151
170
168
168
171
152
126
123
116
136
139
135
121
101
105
127
180
171
93
57
160
241
215
181
178
167
175
175
164
167
183
175
186
155
72
18
24
23
17
15
17
18
15
55
122
128
124
125
133
128
56
28
36
33
22
27
30
31
23
129
134
129
132
133
135
133
131
126
135
135
128
131
130
139
147
140
133
141
136
139
135
134
139
136
130
140
129
130
231
177
193
138
128
131
102
230
181
165
170
167
169
175
144
137
134
137
140
138
134
121
131
128
207
129
46
38
41
41
41
38
29
32
26
23
25
39
124
137
142
132
124
137
135
127
134
136
128
131
131
128
132
135
128
139
135
132
132
137
139
144
135
104
30
34
21
25
22
18
10
9
9
8
10
7
15
55
54
52
54
42
39
48
82
74
64
51
47
45
36
31
43
43
42
46
67
65
50
14
106
140
125
131
124
136
139
132
137
139
127
131
132
132
134
133
137
136
139
130
129
134
133
134
137
136
128
122
124
232
165
204
182
176
180
178
183
182
128
133
120
125
128
130
127
127
124
125
120
125
130
123
127
120
120
123
124
117
164
234
178
175
127
118
126
135
129
125
127
126
122
123
122
125
121
125
130
123
121
128
127
124
122
126
126
128
127
125
126
124
121
119
121
129
134
131
130
125
122
119
123
123
125
127
121
123
128
127
120
121
122
116
123
122
119
123
121
121
123
131
128
130
126
126
125
121
123
124
124
133
131
124
118
127
115
124
121
128
128
127
125
122
121
122
125
124
111
110
121
119
113
121
205
197
172
111
119
116
118
126
126
123
118
123
123
126
123
121
133
124
126
134
134
126
124
126
128
130
135
132
122
120
124
123
125
124
123
124
121
139
122
125
130
127
121
126
124
130
129
125
161
232
158
130
129
133
133
135
138
133
131
132
131
126
134
137
132
130
131
130
130
131
135
135
135
123
172
225
140
169
171
171
174
160
125
129
125
139
137
138
131
136
147
159
143
101
79
107
180
193
190
195
198
221
222
228
196
163
166
166
171
151
75
17
23
20
18
16
19
15
27
110
124
126
130
132
131
132
95
54
40
34
27
31
31
35
18
116
146
125
131
127
132
135
133
129
130
134
128
127
127
135
135
142
140
137
136
132
125
126
130
135
130
133
126
130
232
167
195
135
119
121
104
237
180
166
168
167
171
172
139
133
129
131
137
137
129
123
127
110
119
55
30
32
37
44
43
40
30
32
25
20
25
30
116
138
131
125
123
135
134
136
141
138
137
140
136
130
135
135
134
146
142
137
141
137
149
136
135
106
35
36
24
23
14
11
9
11
13
11
13
7
22
57
53
53
51
43
41
48
79
72
62
51
51
49
39
41
49
50
45
49
70
69
44
11
94
125
122
123
123
123
133
128
132
133
132
129
131
133
130
129
133
135
135
137
133
130
131
134
133
141
135
125
132
228
166
207
179
177
182
178
184
181
133
135
135
130
130
138
135
129
129
126
123
129
129
130
126
122
119
124
119
111
170
236
180
173
131
119
125
133
133
127
129
127
125
125
123
131
122
124
127
128
123
130
130
125
124
122
132
129
126
119
123
122
125
123
116
118
131
130
127
126
126
122
120
120
125
126
122
123
124
123
120
115
114
113
120
113
108
108
109
110
112
123
125
128
125
126
122
123
122
123
127
135
129
126
120
122
116
128
124
122
126
119
123
123
122
124
128
126
123
125
122
122
124
122
206
196
176
111
126
127
123
128
129
123
123
129
128
125
122
123
127
128
123
125
129
126
123
125
128
125
126
133
116
117
120
119
123
130
133
127
128
139
124
129
124
123
122
112
118
123
122
114
193
216
138
133
120
130
134
138
133
126
130
126
127
131
128
132
135
135
127
120
119
125
127
130
131
119
179
218
145
165
167
171
180
155
117
130
123
122
117
120
115
112
101
94
78
83
111
131
139
141
145
147
148
182
181
194
167
141
129
138
137
139
83
17
25
20
18
17
15
15
71
134
123
130
132
134
126
127
119
106
64
35
30
32
33
37
24
84
143
124
127
121
126
138
135
128
123
134
128
125
126
128
130
137
136
134
134
126
126
128
128
131
128
130
122
131
233
168
193
134
117
123
109
238
180
168
170
165
169
174
139
124
120
127
128
134
127
118
99
64
40
26
23
22
29
35
35
35
29
28
25
16
24
27
99
136
121
118
124
131
131
131
140
133
136
136
134
145
139
136
139
150
147
141
148
140
153
135
136
107
31
34
22
16
8
9
9
11
14
12
15
10
31
58
52
54
47
41
41
64
70
64
62
48
50
54
49
50
51
51
45
52
78
74
47
10
97
136
129
123
125
115
122
120
126
123
128
125
126
130
128
118
122
131
131
138
127
127
127
128
131
128
135
123
136
226
172
207
178
179
181
177
184
180
131
128
142
134
128
132
135
130
131
127
127
130
132
129
126
122
120
124
119
103
171
230
179
172
126
124
124
119
125
125
127
130
124
129
125
134
127
118
123
133
127
129
128
128
130
126
140
132
129
124
126
130
132
130
126
121
124
129
121
123
129
129
122
120
122
121
121
126
117
121
117
112
114
119
126
116
109
104
106
102
103
116
114
118
121
123
124
129
125
123
125
135
129
130
131
124
123
129
129
123
129
126
127
125
125
131
136
134
133
134
129
129
132
128
205
194
179
122
134
133
131
129
133
127
130
131
129
123
126
128
123
131
121
120
125
129
125
127
127
125
127
133
123
127
131
129
124
135
138
130
131
126
123
125
118
121
121
111
121
120
117
118
223
187
134
120
119
124
128
129
122
120
127
126
127
135
127
130
135
133
130
123
123
126
132
128
126
121
187
216
157
166
162
163
174
148
120
128
118
117
112
107
99
90
85
89
104
126
134
126
124
127
127
122
120
127
131
138
134
133
127
132
133
145
83
17
26
19
19
17
15
29
118
137
125
132
129
134
128
131
128
134
107
42
32
33
32
36
35
45
118
129
127
125
123
135
131
132
125
133
125
123
127
130
134
130
131
135
131
125
128
132
130
127
122
127
120
138
236
169
194
133
123
132
112
235
178
169
171
167
166
176
135
118
114
124
120
133
124
107
89
51
37
24
18
17
22
23
27
28
24
22
24
17
22
26
87
132
123
125
130
132
133
127
139
127
130
132
132
147
139
135
144
146
143
139
143
138
147
137
135
116
45
35
16
9
8
9
10
12
13
13
13
11
43
58
51
51
41
40
40
57
49
64
60
44
48
57
57
52
52
52
47
52
86
74
48
11
99
149
136
128
127
126
121
121
131
127
125
126
126
130
128
111
121
127
128
129
118
128
125
124
131
121
134
120
142
224
173
204
178
180
179
178
184
176
115
120
131
135
129
127
135
137
132
129
133
130
136
127
133
126
124
127
125
112
175
223
176
171
126
132
129
117
118
124
128
131
121
125
125
129
130
118
119
126
126
127
123
128
134
133
138
127
128
133
129
132
130
132
134
131
127
131
125
124
130
131
126
124
125
127
122
128
121
126
121
120
123
127
129
127
120
116
115
105
104
120
113
116
118
120
127
128
124
123
127
129
129
130
135
129
128
124
132
125
124
133
128
129
129
133
132
134
132
132
130
133
127
131
204
193
175
121
133
127
130
129
130
129
131
125
128
122
128
130
131
125
123
125
127
130
128
126
126
129
134
127
132
134
136
134
132
129
132
129
123
117
116
117
121
127
121
124
130
128
107
151
235
163
131
111
128
121
122
121
119
125
129
130
130
129
132
129
131
125
127
126
126
125
131
123
122
119
194
214
159
154
147
157
174
143
114
114
109
118
112
104
99
108
127
142
139
128
129
125
126
131
131
127
129
123
129
124
131
130
134
135
133
149
70
16
24
19
19
17
18
62
137
134
122
133
128
134
135
136
131
130
138
70
33
33
30
36
38
27
76
128
130
129
125
130
125
134
133
132
128
123
129
136
133
128
131
134
131
129
127
130
133
129
122
127
125
145
238
160
196
129
131
130
116
236
174
168
166
171
164
171
126
120
118
123
123
133
124
103
113
84
68
24
19
16
19
18
22
23
19
20
21
20
24
26
83
130
131
135
137
135
135
131
144
130
132
138
130
134
136
132
138
134
133
135
131
130
137
136
126
132
92
57
13
7
8
10
13
14
13
13
10
8
55
54
52
43
36
39
39
28
30
70
55
44
48
54
56
54
55
55
49
47
85
71
36
10
91
144
135
130
126
132
127
127
134
137
132
132
127
129
126
108
122
121
126
125
118
127
129
128
130
130
136
124
156
221
169
202
178
178
179
179
184
172
116
125
121
133
131
133
135
143
136
131
133
130
135
131
140
130
129
129
127
122
181
222
172
173
129
133
130
123
121
126
131
126
124
117
123
121
125
125
119
114
119
121
118
127
131
125
123
116
119
128
127
129
122
128
130
131
131
132
132
133
134
135
129
126
133
138
125
129
131
127
132
132
131
132
129
132
130
129
127
120
119
127
127
124
122
123
130
124
121
123
128
124
126
129
131
129
128
120
130
127
119
129
125
128
130
128
123
123
125
128
124
131
120
129
204
195
171
107
125
119
124
126
124
128
125
120
126
123
127
127
135
119
125
123
125
131
127
122
125
129
130
127
131
128
124
120
134
126
124
128
122
126
118
121
129
130
127
131
132
133
100
202
217
140
126
125
131
122
120
126
124
133
129
129
129
121
135
130
130
123
120
122
118
122
117
125
122
112
199
214
156
121
120
160
184
138
118
128
130
136
135
129
127
124
124
117
123
128
129
121
121
126
125
120
123
126
129
132
133
129
127
128
126
131
57
16
21
23
19
19
23
106
135
125
119
130
129
132
130
130
132
130
135
118
34
30
32
37
35
36
44
101
129
130
131
129
124
127
132
129
143
132
131
134
128
130
134
133
130
137
132
135
139
134
137
137
126
146
237
154
195
124
135
117
132
239
172
168
166
168
165
163
128
128
125
123
124
123
124
110
124
98
74
28
15
17
23
18
18
18
18
22
22
20
28
29
77
137
128
129
135
132
129
133
141
131
136
135
126
131
130
122
119
128
126
135
130
128
135
138
118
127
120
94
28
10
9
13
13
13
11
12
9
15
64
49
50
38
39
34
29
24
30
73
52
50
45
46
53
57
55
54
51
34
74
73
23
8
91
152
135
134
127
122
127
126
126
133
140
136
127
126
125
114
122
120
129
134
128
127
132
135
131
131
131
132
168
211
172
204
175
178
178
180
183
172
141
139
133
135
130
140
131
142
138
134
128
129
130
131
136
127
125
128
126
111
184
222
168
174
125
128
125
123
121
126
133
124
130
122
129
124
118
123
119
111
112
118
118
126
120
114
112
114
109
116
124
141
126
126
128
128
127
128
132
136
135
139
133
128
139
138
123
130
133
128
136
138
133
133
136
132
132
129
133
131
132
131
134
131
133
132
130
127
128
127
125
127
124
133
130
124
122
124
125
126
127
124
126
121
130
126
122
119
119
123
126
134
120
127
206
194
175
105
120
119
123
125
123
128
128
122
110
126
123
124
130
126
128
127
129
126
129
129
120
128
128
126
125
124
122
125
128
135
122
127
127
127
130
125
132
129
128
135
130
117
113
246
191
130
129
123
121
122
119
122
118
122
122
127
126
125
132
128
129
152
159
160
156
159
168
166
170
171
221
210
156
114
137
174
172
174
196
194
197
200
200
195
204
203
191
124
132
133
124
125
130
119
124
126
125
123
126
136
127
127
120
120
123
125
62
15
19
15
15
13
50
133
124
132
135
124
129
134
131
131
135
135
126
145
65
23
39
36
36
35
40
62
120
132
136
129
131
133
131
122
145
135
136
134
128
133
135
142
133
141
139
139
139
134
145
136
120
152
236
165
191
118
127
112
138
237
170
166
172
166
167
166
129
128
128
110
116
108
110
112
112
78
63
25
11
24
28
20
15
14
24
30
21
25
26
30
58
137
127
128
139
127
130
134
126
126
124
127
129
114
115
114
115
127
126
124
134
130
141
135
118
100
89
101
82
19
12
12
11
12
14
15
12
23
64
50
50
41
38
28
28
23
36
74
53
46
44
47
49
55
55
53
51
29
62
89
32
14
84
156
136
138
124
131
123
128
122
126
131
132
132
129
121
141
133
131
132
126
131
135
132
134
130
130
128
124
174
202
185
206
169
180
178
177
180
162
125
132
145
139
135
135
132
137
133
133
137
131
130
126
126
121
122
133
133
116
186
223
166
171
125
129
139
129
126
122
135
133
125
124
124
122
118
114
114
114
119
124
118
122
111
118
123
115
111
120
126
142
132
132
129
131
132
130
131
133
128
133
133
129
133
135
133
132
133
132
132
133
131
133
133
136
130
121
126
129
121
126
129
124
134
132
123
124
126
128
126
125
118
125
127
123
114
118
120
122
117
126
132
125
140
130
117
120
123
124
131
134
127
126
207
193
171
103
120
121
125
131
123
124
127
125
133
134
129
129
130
133
136
141
130
122
130
131
120
130
125
122
127
126
131
127
124
125
134
127
129
131
135
128
128
135
134
133
136
105
166
240
156
130
123
123
119
126
125
122
131
127
124
124
124
132
118
119
135
209
207
210
210
203
199
199
198
197
189
170
155
107
151
159
164
182
184
183
180
186
177
177
178
181
166
120
130
126
125
136
138
133
127
127
131
129
129
128
130
122
138
132
133
150
78
8
19
12
26
10
71
143
124
129
140
126
135
134
126
125
136
139
129
129
136
38
34
39
35
34
36
43
91
137
132
136
135
131
136
130
128
135
130
131
136
131
132
132
128
128
136
135
139
135
132
129
121
160
234
179
187
117
125
115
144
237
169
169
165
162
169
161
116
125
100
145
231
220
195
168
156
119
63
30
35
34
31
22
18
16
53
84
24
23
24
33
40
110
126
122
125
121
122
128
126
132
118
120
131
111
126
119
128
126
131
123
129
131
123
117
105
95
91
92
117
67
11
15
21
20
14
14
13
15
31
59
50
38
29
20
28
23
37
73
54
48
46
46
42
48
56
48
42
34
35
93
30
11
91
149
136
133
126
128
132
128
125
122
126
117
121
118
115
134
124
121
127
130
121
131
131
118
121
130
117
112
182
208
186
200
175
179
174
184
180
165
128
131
143
133
141
144
133
125
139
130
137
144
137
129
126
118
125
129
126
129
196
221
175
166
131
130
126
142
140
134
134
133
132
129
128
134
132
124
131
123
128
122
128
137
126
122
139
122
116
119
134
125
139
134
130
134
124
133
133
134
130
127
135
129
127
127
136
136
125
135
127
126
127
123
124
123
131
129
122
133
130
129
122
120
119
126
129
128
126
131
129
119
128
131
129
129
123
132
129
126
128
127
134
123
129
117
119
124
114
127
133
124
134
127
203
194
175
123
128
126
130
126
124
122
120
135
128
131
131
128
136
132
129
130
127
132
131
130
136
134
120
127
120
128
125
125
132
127
128
126
133
128
129
133
122
126
123
123
119
101
234
221
134
133
128
129
126
132
128
128
134
135
135
138
130
136
125
117
137
189
122
155
156
158
157
153
168
163
159
163
161
122
136
145
171
155
154
151
157
157
164
157
156
169
165
132
129
131
130
133
127
132
130
129
126
143
138
127
134
135
141
140
128
146
83
8
21
22
24
7
105
142
126
136
132
126
129
129
130
128
137
137
129
131
148
111
30
32
37
43
37
36
53
118
131
135
135
132
133
129
121
128
127
128
127
117
126
121
128
127
133
130
135
126
125
134
127
158
227
183
182
113
125
116
149
234
168
169
169
167
164
170
179
185
210
218
214
227
245
239
240
154
42
32
36
38
33
24
22
17
82
120
32
25
24
32
35
86
126
118
114
119
127
126
122
127
123
124
119
126
129
122
129
125
123
128
126
129
122
102
94
91
93
89
116
123
43
18
26
19
9
8
11
8
6
10
27
34
30
28
24
27
44
67
51
43
39
34
42
45
40
32
29
30
35
54
50
81
121
124
129
131
132
119
131
131
125
131
123
111
114
108
95
108
110
117
116
126
114
114
122
126
128
103
106
97
174
201
196
198
175
180
182
180
187
159
128
134
130
135
130
130
128
130
134
138
139
146
133
132
137
133
142
138
143
130
195
218
170
164
125
132
124
132
135
134
127
123
132
125
126
130
135
132
132
129
129
118
138
139
138
135
140
130
137
134
126
128
126
134
138
134
129
131
121
125
135
135
132
135
129
124
129
131
129
133
137
132
133
133
125
128
134
141
140
124
126
121
129
124
125
132
134
130
130
135
132
126
127
131
134
136
131
142
143
139
138
147
132
127
119
131
132
133
131
131
139
132
130
129
206
196
165
125
133
131
133
124
125
121
129
127
127
126
127
130
129
126
125
125
128
122
124
128
125
127
129
127
132
132
128
132
130
124
125
125
130
126
125
130
125
122
123
120
107
139
250
177
129
121
122
127
130
132
132
137
131
132
130
132
130
127
133
118
142
194
150
164
166
171
160
176
163
171
174
160
146
137
146
163
163
159
163
160
163
169
162
155
153
168
169
112
124
123
123
128
130
137
134
134
129
134
134
128
125
136
132
133
122
134
80
12
24
23
21
12
127
134
126
136
141
124
125
125
130
137
126
122
120
125
122
122
74
32
35
42
40
42
44
77
143
133
131
134
135
130
128
122
129
130
131
128
130
126
130
136
130
135
138
127
126
129
120
166
224
180
188
120
133
121
158
234
162
169
163
163
168
164
141
139
155
142
125
139
153
160
115
72
46
35
38
33
31
27
22
17
112
133
53
25
26
25
30
66
128
120
128
128
129
132
138
128
125
125
126
120
121
122
126
123
124
124
122
126
111
97
93
92
91
109
120
127
97
26
16
11
10
10
11
10
9
9
9
13
18
22
24
13
53
76
55
47
40
37
38
32
26
28
26
29
34
65
123
130
124
123
118
113
119
129
121
129
124
127
123
120
118
110
103
97
104
112
119
117
117
117
121
125
131
109
116
96
176
194
206
195
177
179
178
180
185
152
130
132
121
123
129
124
123
132
125
130
135
146
131
130
139
139
136
132
144
130
207
211
174
158
113
127
118
124
124
121
121
124
126
127
126
123
125
126
117
121
123
124
126
126
126
134
127
131
129
134
133
131
125
142
142
133
144
137
128
136
132
133
145
147
141
134
124
142
130
133
140
134
130
136
133
125
124
131
137
132
128
132
132
137
140
134
133
137
136
134
137
132
126
134
135
137
137
132
135
140
134
137
136
127
123
138
132
130
133
135
135
135
132
138
204
197
167
122
132
133
132
125
129
126
126
121
129
125
126
132
128
125
125
125
127
124
119
126
125
125
121
124
133
134
135
130
125
124
130
129
128
130
123
128
124
119
119
113
102
191
246
147
131
112
113
121
125
125
130
125
128
128
129
131
140
131
129
126
135
169
143
159
160
169
160
169
138
150
161
150
155
131
141
148
149
165
155
159
153
139
138
140
153
156
155
111
121
116
121
125
121
126
122
127
131
128
131
128
125
134
126
133
123
130
73
17
27
24
23
12
135
128
128
130
136
126
130
134
135
134
125
126
117
115
115
133
105
34
30
39
41
39
41
45
91
130
127
135
138
132
135
130
131
128
142
132
134
135
135
139
137
136
139
129
130
131
117
171
222
178
184
120
131
117
170
233
159
168
165
164
168
160
126
131
129
125
127
129
129
130
114
83
50
37
35
31
28
25
21
32
113
129
66
24
28
26
30
40
115
121
120
123
122
125
136
131
125
124
124
123
124
126
124
127
124
130
124
121
105
89
94
101
112
115
118
124
123
59
76
27
12
11
11
12
10
10
10
7
7
14
51
77
58
34
32
30
30
32
30
25
23
27
26
36
34
64
124
125
122
124
122
114
118
130
121
124
123
117
121
124
119
113
109
102
104
110
114
106
109
116
111
116
117
116
128
111
190
189
204
193
176
177
178
179
183
154
133
133
121
123
122
121
129
133
126
123
127
136
137
119
124
128
126
130
131
125
205
207
177
155
125
120
125
134
129
124
124
126
121
124
123
115
116
122
108
112
125
117
118
125
121
130
121
136
132
138
134
117
125
131
139
131
137
132
130
134
130
134
141
144
139
134
133
143
134
136
127
137
139
132
134
128
128
132
138
142
128
128
129
135
138
130
125
133
137
135
133
132
137
131
134
137
143
130
127
134
133
125
133
127
128
127
131
134
137
129
138
139
131
141
207
192
172
124
128
124
128
129
128
126
126
121
129
127
131
129
127
135
135
133
128
130
125
126
128
122
127
126
132
128
128
129
124
127
131
133
132
131
130
126
123
126
126
111
118
223
208
136
122
116
116
125
124
122
127
119
119
128
132
130
134
131
123
129
134
139
126
144
143
142
148
136
117
120
134
132
139
122
128
127
137
140
130
134
129
115
122
123
136
134
132
115
120
118
121
126
122
121
123
129
126
123
127
125
127
127
129
130
123
117
54
20
28
25
21
17
130
124
126
127
129
127
133
136
129
126
133
134
123
120
125
133
121
72
34
34
39
40
37
39
43
119
134
129
136
136
133
130
140
130
138
132
133
139
136
143
138
130
130
124
136
131
116
177
220
184
174
115
130
107
167
234
160
167
169
164
168
161
124
126
121
127
128
130
128
122
116
98
66
30
38
30
29
26
18
48
131
131
80
23
29
27
31
24
86
134
119
126
124
125
130
131
128
129
133
126
131
130
128
131
129
129
128
115
100
88
105
112
121
121
116
118
123
105
119
36
14
14
12
12
10
10
12
10
10
13
57
119
87
13
14
13
15
15
16
16
16
21
24
25
63
87
126
122
124
124
123
121
129
126
126
123
126
114
117
125
113
114
110
107
108
109
104
100
98
108
98
108
115
118
124
118
196
192
206
192
174
177
177
182
184
153
129
130
134
127
125
127
127
127
125
124
128
129
131
107
112
119
120
123
123
118
206
203
176
155
128
124
136
134
136
138
134
128
118
129
124
120
114
122
118
116
130
120
124
123
122
128
123
138
132
135
132
123
136
131
138
129
134
129
129
130
129
134
133
136
133
133
139
131
124
128
127
130
133
134
137
130
124
132
134
137
126
120
125
130
134
126
118
131
139
132
133
138
137
141
138
138
137
132
140
135
125
130
129
132
126
128
131
133
138
139
139
132
131
139
206
195
167
121
133
128
132
125
124
121
121
121
124
125
128
125
122
134
134
134
132
134
130
131
131
126
131
128
129
125
122
128
127
129
128
134
133
128
129
128
129
131
132
111
153
236
170
136
120
124
122
128
123
124
126
124
116
125
126
124
124
129
125
129
129
126
121
127
127
120
127
120
114
116
123
123
123
121
122
121
127
120
118
117
121
115
104
114
120
118
116
118
124
125
124
125
124
125
123
126
121
124
126
123
123
115
129
127
126
116
44
24
27
26
22
18
122
124
122
120
122
122
130
132
123
119
129
124
124
121
124
130
127
116
72
32
35
38
38
40
37
81
129
127
130
139
132
127
136
130
127
134
133
136
137
137
139
130
128
125
133
130
120
183
217
192
168
116
128
105
174
233
163
166
169
168
168
161
122
118
121
127
122
127
129
125
111
97
92
38
33
31
29
23
16
45
138
133
101
25
28
27
29
26
51
137
125
131
130
132
124
131
127
131
133
135
135
130
127
129
126
126
124
112
105
103
119
124
126
127
125
123
121
118
125
50
18
16
12
10
11
11
11
11
12
15
55
132
114
9
15
12
12
11
12
14
12
13
18
12
105
123
123
118
127
129
120
126
131
129
128
130
129
125
121
123
113
120
124
118
117
109
104
108
99
103
100
108
113
117
119
120
200
189
212
188
174
178
175
180
183
143
126
136
138
131
129
129
123
117
127
121
123
123
126
109
106
108
115
119
123
115
211
195
175
152
114
125
133
133
139
140
132
137
124
136
136
127
128
128
127
127
135
134
133
125
127
133
130
134
133
134
136
135
142
135
140
136
140
134
135
135
137
139
139
134
131
133
136
132
126
128
129
135
132
133
130
132
122
131
132
129
124
124
125
123
128
126
127
126
131
123
134
134
135
144
137
139
133
132
145
146
125
132
124
136
130
139
134
138
136
139
133
138
133
136
205
195
164
118
134
132
136
118
122
119
116
118
116
115
119
117
117
123
124
129
133
131
132
131
130
131
130
128
126
126
123
124
127
131
130
129
128
133
129
133
131
128
131
113
190
227
145
136
126
129
127
122
130
132
130
127
124
124
120
117
124
126
129
127
127
124
126
121
122
121
121
133
120
122
123
123
122
126
122
125
125
117
120
114
123
120
102
115
117
117
114
119
124
127
122
123
127
125
123
123
123
121
124
123
120
115
121
125
127
121
40
27
27
28
23
20
122
125
121
115
121
118
123
124
123
120
125
116
119
116
121
126
130
130
117
54
31
37
41
39
42
47
96
123
125
131
127
126
124
129
122
132
129
131
134
127
133
130
131
132
126
129
120
188
219
193
167
118
132
108
187
231
163
168
170
169
166
160
126
121
127
128
128
130
132
127
108
94
103
65
32
28
26
21
17
41
128
131
118
27
29
26
26
33
27
122
130
131
129
138
127
130
126
130
132
136
134
131
130
129
126
133
122
115
116
118
127
128
131
133
133
130
126
118
135
63
18
18
14
10
11
12
11
10
8
15
55
137
115
9
18
14
13
13
10
14
14
11
17
15
128
135
123
121
122
130
125
128
124
130
132
133
130
131
132
124
121
124
129
125
124
120
116
118
118
116
113
116
112
119
118
120
203
192
214
185
174
178
177
178
184
133
125
139
128
130
126
127
123
116
128
118
120
120
126
115
111
107
115
124
121
117
211
189
176
144
110
124
127
130
129
128
121
140
131
128
137
133
134
132
132
134
138
143
130
126
130
132
134
133
134
137
134
140
136
134
143
144
144
142
139
136
142
143
142
140
134
137
138
138
133
132
131
138
136
131
128
131
131
134
134
129
123
125
128
128
131
133
138
129
125
120
129
127
137
140
131
131
133
130
136
146
131
132
129
134
129
143
135
140
136
134
130
138
138
131
205
191
167
118
136
139
139
116
123
122
116
114
110
111
114
112
115
115
120
123
127
125
129
123
125
132
129
129
125
129
130
123
125
131
133
125
125
136
134
133
127
126
126
128
220
199
139
132
129
133
128
120
136
134
133
126
132
127
122
114
125
121
126
126
128
123
129
126
124
127
126
140
122
121
123
126
124
125
121
128
126
123
122
117
123
120
117
118
119
123
119
119
121
124
119
123
128
120
124
124
126
119
121
123
122
125
119
124
125
116
35
27
29
29
22
26
126
125
124
123
123
119
120
121
125
122
127
123
119
118
129
123
130
121
130
97
37
37
41
37
35
41
57
98
125
121
122
129
122
130
123
125
122
127
127
121
122
126
129
134
127
128
116
191
218
187
162
117
139
106
194
229
161
171
169
167
167
162
134
130
131
132
139
136
139
127
108
91
94
84
51
27
20
21
17
54
125
126
124
37
29
25
26
34
25
91
129
125
125
137
131
127
128
131
135
127
130
128
131
132
127
138
120
118
122
125
129
128
135
134
134
133
132
127
151
77
14
20
16
13
12
12
12
10
5
17
54
138
112
9
14
12
12
13
9
13
14
14
17
23
136
129
131
128
120
126
131
126
121
125
134
129
130
126
133
126
126
124
123
123
125
134
128
121
132
131
125
125
115
123
118
120
208
200
212
184
174
171
181
180
188
128
123
133
122
120
119
124
126
121
121
120
121
119
126
120
120
119
122
124
119
119
208
189
178
141
114
124
126
127
116
119
117
133
125
116
125
135
126
133
134
134
135
138
125
126
134
128
129
137
133
137
128
140
134
133
140
143
140
141
136
130
137
138
136
140
134
137
140
130
136
133
134
130
138
132
141
130
138
138
139
130
127
122
132
138
139
137
138
139
128
129
131
131
140
140
131
123
130
128
127
132
135
138
138
131
122
130
132
134
134
131
129
128
138
132
206
190
168
118
136
142
138
121
122
121
117
111
111
116
117
120
115
115
123
120
121
125
123
118
123
129
128
125
123
133
133
128
127
128
129
126
131
126
133
127
126
130
118
158
234
167
145
130
133
136
123
131
127
124
129
126
131
126
124
118
122
122
118
125
122
124
125
128
119
120
123
123
122
117
117
128
120
115
120
127
123
127
119
126
125
121
123
118
119
122
120
116
122
122
123
118
123
120
118
122
122
123
120
121
125
125
127
128
125
103
29
27
30
30
21
27
128
123
130
135
122
122
122
124
125
121
126
128
126
132
136
126
126
124
120
128
72
36
40
36
34
45
43
55
118
123
123
133
127
127
128
123
123
125
127
121
120
129
123
133
131
131
121
193
210
186
160
118
140
106
200
226
158
168
165
167
166
165
131
129
127
129
135
134
137
130
113
84
83
82
72
40
22
18
19
84
133
124
133
58
23
23
25
32
35
54
123
123
121
130
128
125
127
128
129
125
126
120
124
125
117
127
109
114
119
133
131
130
134
126
138
138
137
135
140
100
14
19
16
14
12
12
13
12
8
17
49
135
129
10
15
14
13
13
12
15
12
15
12
22
147
136
131
128
129
128
127
122
124
124
128
125
130
121
124
124
124
126
126
124
122
125
120
116
118
125
126
128
116
124
124
123
215
198
211
183
177
163
183
181
187
119
118
128
126
110
118
116
126
123
112
121
120
119
129
133
124
122
127
114
122
121
208
187
179
149
112
125
122
126
117
116
123
129
116
122
122
128
125
136
133
129
128
132
130
128
140
133
125
139
133
131
130
137
141
135
132
133
136
131
133
128
131
132
134
129
126
129
133
125
137
136
130
132
136
131
144
134
130
134
141
124
130
129
132
136
136
135
136
141
129
134
140
136
138
137
138
128
124
126
122
123
136
137
135
127
121
114
126
130
126
123
126
126
129
138
206
198
161
120
131
129
131
126
123
119
118
113
114
121
120
124
121
125
128
126
124
124
124
122
125
121
126
115
127
130
122
123
123
127
118
124
132
125
133
131
127
127
113
192
219
158
134
131
132
132
123
134
126
120
125
125
122
130
132
125
120
126
113
120
121
125
119
128
118
123
124
123
115
106
110
120
116
119
126
128
125
120
125
130
128
124
115
120
120
118
117
112
119
112
121
116
112
119
116
119
117
114
117
119
129
127
127
127
124
94
31
30
32
31
25
25
131
122
130
132
114
124
122
120
119
124
128
121
131
135
127
132
134
132
128
130
125
46
39
37
43
43
45
37
88
131
121
132
123
120
127
125
127
125
138
124
125
132
129
132
121
132
125
201
210
195
160
121
133
104
207
224
154
160
165
162
151
161
127
123
123
111
119
120
119
122
113
79
75
81
68
55
39
22
49
130
132
122
149
81
17
23
24
29
36
47
119
128
120
122
128
123
123
121
124
126
126
130
124
118
125
121
98
110
111
135
131
123
123
128
139
138
138
140
128
114
14
19
17
13
12
13
13
10
10
15
45
135
136
14
20
13
11
9
13
18
13
16
13
32
142
135
130
132
126
137
127
124
120
136
126
127
132
121
131
120
121
125
129
129
119
103
110
115
108
117
117
120
122
118
124
128
217
196
211
181
179
176
181
178
181
108
118
126
124
114
122
118
123
124
122
124
121
122
125
133
124
115
124
119
128
130
212
176
177
143
121
129
118
118
118
114
125
134
125
129
124
115
115
127
130
124
122
144
131
126
128
135
133
131
129
121
129
127
129
129
128
126
136
126
133
133
132
126
138
122
117
129
133
138
132
137
134
141
123
124
134
132
129
123
127
124
126
123
128
137
131
141
145
133
133
127
134
129
134
126
127
126
124
124
118
117
128
126
123
122
117
117
122
121
123
122
125
120
123
134
209
199
162
121
141
131
127
114
119
120
124
125
125
127
130
130
125
131
136
129
124
132
132
134
128
126
133
135
124
128
127
122
121
130
131
130
131
130
133
133
132
126
120
237
200
154
130
136
124
128
123
117
122
121
125
127
125
137
137
133
120
132
132
125
129
122
130
120
121
134
121
130
114
119
121
115
123
116
130
131
129
128
128
130
124
118
127
115
115
117
115
121
117
119
121
117
123
124
124
120
114
118
121
118
123
119
126
129
126
89
28
24
28
25
24
30
136
123
124
120
114
131
131
122
114
118
121
122
120
121
130
129
122
125
123
123
134
81
40
45
44
37
39
45
55
120
128
117
113
121
122
127
128
134
132
121
127
122
127
129
117
117
117
201
201
196
137
97
107
71
217
221
152
149
160
158
156
139
105
106
117
103
123
124
135
126
141
94
62
65
57
45
45
40
104
141
134
126
132
106
23
23
21
26
33
45
73
125
121
130
129
120
123
123
127
126
131
131
116
119
118
111
106
123
125
132
134
129
127
134
132
139
126
124
138
107
16
18
14
17
13
15
14
8
8
13
47
135
118
17
15
16
14
11
12
16
16
16
17
42
138
122
131
129
122
135
131
129
135
136
124
142
132
128
130
119
129
131
139
123
184
198
178
176
155
140
130
118
113
106
101
128
221
198
212
174
175
178
179
179
186
140
125
125
122
126
128
125
131
119
131
125
127
132
137
125
125
128
122
124
120
128
225
182
183
124
116
121
114
118
113
121
119
122
130
129
117
114
109
116
116
117
126
122
138
129
123
125
118
118
128
119
126
135
124
133
137
125
127
131
127
133
131
118
133
124
126
135
124
125
127
129
127
132
119
126
133
121
127
119
126
125
112
120
113
134
130
139
158
133
144
131
134
132
136
132
135
141
138
117
130
126
130
129
124
132
128
122
117
116
118
119
123
105
114
131
204
199
168
119
132
135
125
117
123
122
123
124
125
129
125
120
130
129
125
125
128
127
128
125
128
128
134
123
131
137
135
129
125
127
126
135
127
123
138
135
136
97
159
238
176
152
125
136
144
133
128
132
125
127
130
130
136
138
128
130
129
128
127
128
118
124
125
124
124
130
128
132
119
126
121
119
118
119
122
124
128
112
129
124
121
115
118
119
121
126
122
122
113
117
123
125
123
115
121
120
114
122
113
119
126
124
130
119
126
82
26
24
28
29
25
30
124
124
127
125
127
123
123
121
114
126
116
111
116
117
119
120
119
120
128
125
126
108
48
39
39
35
40
47
35
51
110
121
118
123
117
128
124
119
128
127
107
115
126
116
102
111
119
203
196
184
169
159
168
162
245
219
155
159
153
148
155
179
225
228
230
236
233
230
226
221
228
143
60
55
51
49
45
51
99
109
124
127
129
107
19
23
22
24
25
31
42
115
139
125
123
111
117
119
116
130
127
124
129
106
121
119
121
122
137
135
129
127
132
129
131
133
126
129
128
108
19
18
14
14
14
13
15
13
12
15
55
133
116
15
15
14
12
15
14
14
17
18
17
33
139
133
130
136
135
132
134
137
142
139
131
136
132
139
134
135
136
129
132
119
199
197
172
219
246
245
240
238
226
243
219
230
239
214
205
177
178
178
178
181
188
177
120
99
110
119
119
128
137
125
123
126
128
128
129
125
122
122
122
123
116
136
231
180
188
125
107
109
119
123
112
115
112
119
119
120
120
125
120
107
116
115
119
121
118
120
120
123
119
110
125
127
125
130
134
136
130
126
120
135
134
133
138
145
125
123
122
126
138
126
122
126
125
122
122
133
127
122
126
129
120
119
118
129
117
125
139
126
155
129
139
137
136
142
137
138
146
153
144
144
143
139
130
140
127
134
141
139
126
130
126
126
128
124
122
126
211
200
164
116
131
133
140
123
128
120
116
123
121
126
117
121
123
126
125
121
125
127
116
126
122
127
117
121
118
98
101
120
125
127
123
125
126
126
129
121
123
97
217
226
169
131
126
134
143
126
123
126
123
128
129
132
133
126
133
133
134
125
128
130
124
131
126
128
127
121
126
132
127
125
120
123
128
122
126
130
120
117
126
129
121
117
125
132
127
117
120
125
121
114
125
110
108
118
119
113
120
130
116
125
125
119
124
122
119
93
28
29
27
28
25
28
113
113
128
124
119
116
122
115
116
126
123
118
122
119
114
122
127
120
126
121
118
116
63
40
37
31
35
39
34
40
50
96
125
130
120
127
122
127
123
129
123
125
118
121
202
206
216
223
199
173
213
212
209
209
206
177
157
155
153
149
156
151
164
168
171
163
161
152
148
151
156
133
58
40
39
45
44
46
107
119
118
124
127
118
35
19
26
26
29
28
27
92
136
125
128
119
121
128
118
137
127
131
132
118
138
122
125
123
124
127
124
123
127
125
135
133
133
131
118
112
25
21
16
15
14
14
16
10
15
16
54
123
127
20
16
15
12
15
12
18
20
18
13
46
147
131
138
132
138
141
132
133
135
126
131
133
127
133
141
130
126
130
129
134
125
126
113
129
155
146
140
158
141
185
161
160
157
206
206
176
178
179
174
179
195
207
179
196
167
155
121
121
128
125
122
127
130
130
119
131
119
118
127
124
111
137
229
181
187
135
107
118
120
123
115
124
123
117
122
118
119
125
128
110
122
117
113
110
115
114
111
117
120
122
123
125
127
122
132
134
129
131
122
124
132
120
123
133
140
120
121
117
126
127
122
129
132
113
130
130
125
124
126
128
126
118
122
119
125
132
133
126
141
135
132
137
139
136
141
140
138
142
148
143
150
145
139
137
121
133
146
143
133
141
142
136
138
129
134
138
211
197
171
128
133
128
140
121
117
119
121
125
123
122
121
121
115
120
120
120
117
116
116
119
119
122
122
116
128
155
159
124
107
99
106
119
131
124
124
125
110
128
242
199
165
130
124
123
130
126
122
126
125
131
129
134
128
122
133
133
133
131
129
137
132
136
126
133
133
122
131
128
126
124
122
112
112
116
117
117
116
120
126
124
122
126
126
124
121
117
115
118
123
118
117
107
114
120
113
122
124
126
122
123
121
117
122
126
122
89
28
30
30
27
23
27
132
120
120
116
115
116
123
118
117
119
119
123
118
119
117
121
122
124
121
118
111
110
72
35
34
30
35
36
43
32
23
35
69
114
115
131
120
126
131
122
126
129
116
127
237
150
165
209
197
182
173
162
158
160
161
163
164
162
156
156
156
141
147
155
154
154
151
149
153
157
155
149
65
45
43
39
36
53
102
119
122
119
112
128
61
17
26
28
23
26
22
69
129
119
129
134
126
131
126
131
120
124
126
126
126
130
122
123
123
122
124
121
129
126
137
130
129
127
112
115
35
14
16
14
14
14
17
8
12
19
49
123
125
15
17
12
11
12
16
17
18
19
10
68
150
130
128
126
131
126
134
128
134
122
128
130
129
129
127
131
122
121
129
131
119
120
120
120
123
129
124
130
120
130
131
134
123
216
205
174
177
176
175
187
168
149
148
172
149
149
128
125
127
126
119
129
137
131
125
126
121
124
127
129
121
142
229
180
193
127
114
117
123
127
118
120
126
118
118
116
121
123
124
114
116
118
115
122
117
121
116
124
119
123
122
124
130
123
127
131
131
130
129
125
128
121
121
135
134
127
124
129
118
120
129
124
123
117
121
127
125
118
125
123
121
126
115
114
124
128
126
124
131
134
141
137
137
136
150
143
130
138
133
132
141
142
135
134
137
134
134
136
140
137
139
142
141
132
143
140
208
197
171
128
132
132
142
121
117
122
124
119
122
127
123
121
118
122
122
120
120
115
113
121
123
120
123
104
169
224
224
210
193
164
134
114
111
111
116
120
92
192
243
187
155
130
129
128
137
133
134
134
139
136
128
136
134
129
135
135
129
133
134
135
129
132
124
133
132
123
127
131
129
124
125
119
110
122
116
118
122
117
125
126
125
130
128
121
119
126
117
119
123
116
114
119
120
121
116
119
118
118
123
122
120
120
117
119
118
103
35
29
30
27
22
22
123
117
113
109
116
124
123
126
114
117
120
119
120
124
116
122
116
119
116
118
111
105
84
38
40
30
35
36
28
39
73
81
78
98
122
116
120
123
127
122
121
121
119
123
244
144
152
208
197
188
166
159
158
156
163
158
160
154
156
150
150
139
147
153
154
157
156
153
156
163
158
158
83
34
40
40
35
57
104
110
121
119
115
123
72
27
29
25
24
25
28
52
107
110
113
125
121
114
120
121
121
119
119
125
126
130
123
121
124
122
123
114
122
121
125
119
119
122
109
121
35
18
19
17
16
17
18
10
14
20
49
126
129
22
15
13
13
16
15
19
17
18
14
53
140
129
126
123
130
124
121
126
130
122
127
129
128
122
125
129
121
114
129
125
123
124
130
123
124
128
123
126
117
114
124
122
119
225
197
172
179
177
175
192
158
119
128
126
120
130
129
126
128
125
125
131
135
123
125
125
125
125
128
129
119
149
230
176
194
125
114
117
122
129
123
123
120
115
122
125
120
126
119
118
121
121
118
125
127
124
125
136
118
128
126
124
124
118
129
121
125
122
123
124
129
128
125
123
129
130
128
127
116
109
121
114
114
109
107
120
118
120
118
124
119
122
118
118
122
123
120
126
125
127
134
132
133
131
133
136
130
137
125
125
128
133
126
127
136
132
132
130
135
133
135
134
137
137
138
142
208
196
164
125
136
137
140
117
119
123
124
119
124
126
122
123
128
120
124
124
124
119
120
123
123
122
126
102
185
228
225
226
226
222
208
189
171
141
122
111
111
236
227
174
121
109
116
119
115
112
118
122
122
125
126
128
131
129
131
129
127
127
137
131
128
129
120
133
134
125
126
133
129
122
127
130
117
124
122
127
128
120
126
127
123
130
133
120
119
123
122
123
124
120
118
122
120
124
121
118
116
115
116
117
116
115
118
116
110
110
39
30
30
28
21
25
102
105
107
107
117
128
120
124
119
120
122
122
124
118
119
118
115
117
120
118
110
108
100
51
39
29
27
28
42
100
125
121
106
104
118
111
118
121
121
113
116
117
106
124
235
146
162
215
196
191
165
163
163
159
169
148
152
148
149
143
144
142
152
156
160
162
155
151
156
163
161
154
111
69
32
28
34
71
117
109
114
116
122
124
98
34
28
23
22
23
33
40
73
101
106
111
111
99
107
110
120
118
116
116
128
123
119
120
122
119
119
111
114
114
114
105
110
117
108
117
39
20
18
16
16
16
14
12
18
19
45
116
125
20
16
16
12
14
17
17
17
15
16
41
116
125
123
121
134
128
118
128
129
126
123
123
123
121
124
127
126
118
121
123
123
125
129
120
124
126
125
123
119
121
127
117
125
230
191
173
179
178
178
196
153
118
123
120
118
124
127
130
134
120
123
129
126
122
127
119
119
119
124
128
120
150
227
178
195
125
115
119
125
123
124
123
119
118
123
126
122
128
117
120
127
124
128
128
132
121
125
136
122
125
125
125
121
112
123
117
124
122
123
122
120
125
124
124
132
129
126
122
116
117
114
110
109
108
102
115
112
121
118
118
119
116
118
120
116
121
120
125
118
119
119
125
125
121
114
123
122
126
121
120
121
121
124
125
125
122
131
126
123
126
120
123
128
137
126
136
208
196
165
120
133
134
134
118
122
120
124
124
126
125
121
123
125
118
121
124
120
122
123
119
123
123
127
106
188
217
208
207
209
222
233
235
227
206
186
172
186
248
215
178
155
141
143
145
140
139
141
141
134
133
124
121
126
125
126
124
129
121
132
123
126
126
121
127
131
127
129
135
126
127
127
128
127
124
125
128
127
125
127
124
124
128
129
121
121
119
124
124
125
126
124
122
114
124
126
121
119
110
118
118
115
112
123
125
112
114
39
32
32
28
20
25
93
104
111
115
121
121
123
120
123
125
118
122
126
114
121
112
118
115
117
112
110
114
117
61
35
29
23
35
92
142
133
124
114
114
108
120
114
116
120
114
115
116
97
133
217
138
160
218
192
192
160
158
154
149
160
140
141
139
132
135
137
139
153
155
156
150
139
135
142
161
160
146
118
112
73
59
64
99
117
111
108
116
121
124
116
45
23
22
20
22
27
29
42
75
111
114
107
103
108
106
115
116
118
116
130
121
115
118
122
117
115
119
120
115
111
107
115
115
113
114
51
18
17
17
16
16
12
13
19
18
40
112
101
16
19
17
12
13
19
17
16
14
20
32
87
119
120
121
133
127
124
125
126
123
120
118
120
121
122
122
128
121
119
121
119
126
124
118
117
125
131
121
124
125
129
118
136
233
189
175
180
180
178
198
147
120
122
132
132
128
126
134
131
121
122
125
121
127
128
118
116
115
116
120
117
149
224
179
191
123
121
122
130
117
127
123
122
125
122
125
125
125
124
120
127
128
135
132
126
115
115
125
121
124
119
121
122
119
120
121
126
126
120
119
113
120
120
125
126
127
127
122
119
124
119
114
113
119
109
119
116
121
122
114
117
115
115
121
117
122
123
122
114
115
114
121
117
114
113
114
114
113
112
117
115
117
126
125
122
122
125
114
118
126
109
115
119
130
122
132
208
195
174
117
129
128
127
122
122
119
123
122
124
125
120
121
115
118
116
118
113
121
115
117
123
121
122
117
194
220
221
223
217
219
218
223
225
234
245
238
239
240
216
205
225
213
204
181
183
182
179
179
182
171
133
126
125
125
126
126
128
123
125
117
121
121
122
120
123
126
128
133
128
132
123
125
132
124
123
122
122
124
127
124
126
125
119
123
123
122
124
121
129
126
123
127
113
120
129
123
122
111
126
123
122
118
128
130
125
120
39
35
33
26
22
21
99
110
117
124
118
114
124
117
120
125
111
117
121
121
116
110
120
111
109
109
110
116
124
78
32
30
28
70
130
126
119
124
119
106
88
117
120
111
120
123
114
116
103
135
179
127
143
219
192
196
143
145
137
135
138
132
124
119
117
124
124
122
139
137
137
126
120
116
113
149
144
136
106
119
123
114
109
118
108
113
109
120
115
117
114
66
22
22
21
20
18
21
30
43
83
112
116
116
119
116
116
118
120
122
132
121
118
119
126
121
124
128
127
123
111
117
120
116
119
123
67
22
23
20
19
18
14
16
20
19
47
121
79
22
22
17
14
18
19
19
16
15
23
28
71
111
120
120
123
123
125
120
121
114
120
116
119
120
117
120
125
121
124
119
117
123
123
120
118
125
132
125
127
125
127
119
147
233
187
177
180
180
176
201
137
118
124
131
137
130
122
131
124
125
124
124
123
128
124
124
121
120
119
116
111
151
225
174
185
119
125
127
133
117
126
123
123
128
121
129
129
123
135
126
125
129
132
132
124
116
115
118
115
127
117
118
127
131
125
124
126
126
114
123
118
118
117
116
116
127
129
127
120
118
122
121
123
125
118
124
121
123
116
121
118
115
116
121
122
123
123
121
118
117
119
119
115
115
116
116
117
111
107
117
114
118
126
120
122
128
122
107
116
127
114
118
115
125
122
135
210
194
177
116
129
126
123
121
121
123
119
115
121
122
118
117
116
115
116
119
116
117
113
118
118
123
118
130
175
201
219
220
215
217
213
205
200
189
204
191
194
205
200
206
206
228
223
181
176
158
149
155
174
178
142
130
123
126
129
128
121
126
123
122
122
115
118
123
123
121
124
126
128
125
122
129
127
122
120
120
120
123
130
127
126
124
119
124
121
121
125
116
130
123
118
129
120
116
123
122
123
123
126
123
130
125
129
125
134
119
41
40
34
27
29
25
98
110
110
118
108
113
116
112
122
121
110
120
116
121
111
116
120
115
114
115
111
115
118
106
47
36
42
110
127
109
112
113
109
73
52
79
118
111
118
117
108
113
110
120
123
107
125
222
195
207
108
120
115
120
114
119
107
104
112
116
113
105
112
111
122
115
113
114
97
124
125
126
111
113
116
120
119
115
110
118
117
116
114
117
112
88
25
22
24
16
19
36
56
53
39
75
118
123
123
124
120
123
119
120
127
120
121
129
126
125
133
124
120
126
110
112
114
117
114
124
75
34
32
21
21
21
15
17
24
21
63
127
85
40
23
19
15
20
19
21
20
21
26
42
89
107
123
117
116
124
120
121
119
113
119
113
113
120
112
125
125
122
123
122
123
120
124
120
129
128
125
129
125
128
123
114
151
230
185
176
179
178
176
204
120
115
122
123
126
124
120
121
124
121
121
122
126
129
119
125
125
129
131
127
116
157
227
172
186
117
123
127
129
120
121
120
123
125
116
132
131
125
136
132
125
125
131
129
130
125
129
123
115
123
120
124
133
132
125
126
124
126
119
129
124
119
121
112
120
127
123
129
118
116
118
126
128
122
119
119
118
124
111
128
123
114
119
118
119
119
122
119
121
118
123
120
117
121
115
127
124
117
116
123
121
115
126
118
119
127
122
117
112
121
124
128
121
129
122
134
211
199
172
113
129
129
128
122
130
122
118
125
124
126
121
116
123
118
122
129
122
120
120
117
120
127
120
121
128
169
161
144
147
136
145
124
138
126
128
118
123
131
134
143
143
191
187
210
210
163
129
93
106
111
111
119
122
126
123
120
122
125
123
125
124
119
117
122
123
114
117
123
121
125
125
119
125
127
124
123
127
127
128
123
123
127
124
126
120
114
119
115
116
119
117
124
120
117
119
123
121
119
120
118
126
125
118
124
128
113
45
41
42
37
33
30
67
113
102
100
114
109
113
118
127
123
120
123
118
117
114
128
121
120
124
119
122
123
120
119
111
66
72
125
115
114
95
62
34
21
27
25
63
104
113
116
103
105
111
110
90
100
122
225
193
213
94
107
105
106
103
111
108
107
108
111
105
107
104
106
115
117
115
124
107
109
119
122
117
118
114
113
113
117
121
112
117
107
115
122
114
104
39
27
26
12
43
90
118
111
94
58
78
122
119
115
113
117
118
113
115
127
114
126
119
121
119
112
115
114
111
105
113
114
111
100
66
40
33
34
30
20
16
19
27
24
65
117
102
66
27
21
22
19
21
27
30
37
39
47
126
115
118
118
121
119
118
120
112
120
121
119
112
115
115
127
125
122
120
115
124
118
120
115
126
126
123
128
121
122
117
111
160
231
183
176
175
175
179
205
105
113
121
120
122
115
129
123
123
119
121
121
125
132
124
122
124
129
124
125
129
163
223
178
188
115
122
121
122
128
126
121
121
124
120
127
125
125
123
124
129
125
135
128
131
129
130
131
129
125
124
127
125
127
125
125
125
130
124
128
128
124
133
111
130
129
124
121
118
123
129
130
121
127
123
116
118
122
126
123
121
121
127
127
121
119
124
122
122
121
122
123
121
123
124
129
124
121
121
131
124
122
125
129
132
130
124
120
124
125
133
132
130
134
128
133
208
200
170
115
129
133
136
126
130
125
131
135
121
126
123
124
140
121
125
134
123
127
123
129
128
126
115
119
126
138
151
138
143
136
131
132
141
124
122
125
126
117
129
120
124
141
112
134
142
165
189
159
180
123
118
116
118
120
110
116
122
117
126
119
113
114
111
120
122
119
117
118
121
123
119
118
130
122
124
119
125
125
124
119
111
118
125
117
115
112
113
121
107
113
107
104
111
108
105
108
121
101
108
107
113
114
117
112
121
114
43
45
41
32
25
27
28
107
124
108
120
116
121
125
118
132
118
117
119
118
126
117
120
116
125
117
124
124
122
121
116
89
88
119
104
78
34
20
15
27
39
35
49
101
97
108
109
99
108
102
93
101
122
222
197
214
90
102
104
97
107
111
106
109
99
104
92
107
108
103
100
109
114
111
109
106
116
119
111
117
112
116
115
120
119
113
118
115
121
121
118
113
76
37
19
47
107
131
129
131
149
145
90
104
109
117
118
114
118
107
117
119
103
110
114
120
116
116
115
108
104
95
104
107
104
104
69
56
45
46
60
31
31
30
31
35
63
87
89
77
30
34
35
35
36
43
39
31
37
38
104
115
112
114
113
109
119
114
110
131
118
121
118
118
107
117
116
112
109
113
108
118
109
110
114
116
123
114
116
115
120
111
173
227
179
178
175
173
178
195
105
121
132
125
128
127
132
137
130
134
126
132
127
121
117
120
119
118
118
118
113
173
225
174
183
104
122
115
115
123
116
117
121
119
125
116
126
122
119
131
127
123
121
122
133
129
117
120
130
125
128
122
116
131
122
112
121
125
123
124
129
127
133
129
132
134
128
129
116
127
131
124
128
130
130
122
121
118
130
127
123
132
127
123
130
119
122
136
134
131
120
119
125
125
119
122
123
122
127
125
126
131
124
127
127
125
132
129
148
131
134
141
129
149
133
143
214
204
173
113
133
130
126
120
123
120
121
125
120
128
125
129
135
120
124
128
127
124
122
128
126
123
114
121
127
121
129
113
113
119
116
119
118
114
112
115
114
117
118
118
115
116
132
118
115
105
115
130
152
128
118
117
117
114
116
120
125
112
121
115
112
117
105
117
119
113
122
112
116
119
121
121
127
117
113
114
115
123
127
115
117
115
112
115
119
113
105
110
103
109
104
105
109
97
100
102
105
92
104
102
103
103
101
105
118
81
42
41
33
26
30
40
30
72
115
114
120
119
117
118
116
117
112
112
112
108
118
111
115
112
110
108
109
116
115
110
106
93
71
91
53
17
19
23
26
29
27
42
107
117
110
119
113
108
110
109
114
103
126
225
196
206
98
99
104
100
109
97
100
103
96
107
97
106
101
86
102
110
105
102
95
107
119
112
110
111
113
109
114
117
124
116
120
127
119
120
122
118
118
57
56
131
120
128
139
147
143
148
145
115
109
114
114
117
123
110
113
110
111
112
109
111
106
115
108
108
107
110
116
104
113
95
83
79
68
79
72
59
53
44
46
52
66
82
74
69
43
49
46
41
54
54
43
31
37
21
84
112
106
111
114
105
111
115
108
117
109
110
112
111
98
108
108
104
106
115
95
103
111
105
122
111
120
112
114
116
113
108
180
224
179
176
174
175
181
188
110
117
132
127
127
131
125
128
122
120
130
127
123
115
109
119
115
120
110
109
115
171
223
176
184
95
109
116
108
116
111
119
121
111
119
112
120
120
120
117
112
103
111
109
118
121
118
123
122
126
125
126
108
120
121
116
116
124
122
117
124
126
127
124
124
132
121
132
119
130
129
116
126
130
142
138
145
139
127
128
130
128
132
141
127
129
123
130
122
117
118
120
126
122
123
122
123
121
126
124
127
132
126
122
125
123
125
115
101
107
108
115
118
122
120
137
218
208
180
112
132
128
128
117
122
121
121
118
123
126
134
130
132
129
123
128
126
126
130
127
126
118
121
116
109
122
120
117
115
117
113
119
118
118
121
123
122
114
121
116
120
125
122
120
112
112
111
111
111
116
114
116
114
118
111
106
114
126
113
108
119
110
109
112
116
111
121
114
112
115
112
115
114
106
112
114
117
109
111
115
117
109
119
111
110
109
115
108
110
110
111
109
106
110
112
107
109
105
101
100
99
94
109
108
98
71
60
65
57
51
53
44
45
46
46
79
108
98
102
107
103
105
101
107
104
100
106
106
112
109
101
104
104
102
103
103
107
95
61
36
16
13
11
15
18
30
51
105
130
121
105
108
114
105
109
103
111
101
134
228
196
205
87
109
109
103
106
101
110
104
103
116
106
103
105
105
104
103
102
106
102
111
116
114
116
114
111
115
110
114
113
117
114
116
117
116
115
115
89
41
77
116
118
138
137
128
113
116
116
130
122
115
108
108
115
115
107
110
119
115
109
116
114
111
111
111
110
112
109
111
106
103
100
100
95
91
85
84
65
63
68
68
73
84
88
69
68
57
56
58
62
57
57
37
33
84
63
92
104
93
96
103
98
107
103
112
105
103
99
103
105
108
107
95
105
123
98
103
116
112
109
111
114
119
108
112
127
109
190
223
179
180
178
176
179
188
110
135
130
127
133
130
128
129
126
118
117
118
122
125
122
117
118
132
117
126
125
171
225
168
185
115
113
119
114
120
113
117
116
108
106
116
110
116
117
104
106
110
106
106
104
116
116
124
119
121
124
123
107
109
109
115
115
121
119
129
120
125
126
125
136
128
115
124
122
115
127
120
117
135
138
133
132
134
138
132
135
131
128
130
137
137
129
122
130
127
127
129
129
116
131
131
126
128
129
128
127
131
136
112
128
130
126
177
191
172
150
137
119
118
121
120
204
218
169
82
112
110
102
115
118
124
120
110
127
127
136
133
125
125
122
126
126
124
122
120
124
118
117
115
118
116
117
121
115
117
117
119
114
119
116
115
121
118
121
115
128
116
107
123
112
110
108
105
122
121
112
116
107
109
103
99
103
128
115
111
110
109
105
113
119
114
114
109
109
113
107
112
118
112
111
115
118
110
111
106
112
111
113
111
113
109
109
99
111
111
105
108
102
104
105
100
105
103
99
106
105
98
104
100
100
92
76
73
87
79
79
63
61
59
60
59
76
86
90
94
93
94
94
93
99
99
98
96
102
102
95
98
98
96
93
100
101
96
88
70
69
78
50
38
45
60
105
109
111
109
107
109
106
95
99
98
103
96
137
225
202
195
92
105
103
103
110
114
105
114
102
98
108
107
119
111
110
110
113
110
110
121
114
112
114
118
113
122
117
112
109
112
108
107
113
115
113
113
82
49
60
82
73
68
55
41
48
40
41
57
85
117
104
109
119
115
112
119
114
113
113
112
111
111
107
109
109
105
108
106
109
109
101
97
94
93
93
92
84
89
103
91
85
93
101
80
89
81
76
80
66
64
66
58
47
115
34
68
97
93
91
100
92
94
92
110
104
104
102
98
98
107
103
108
108
110
111
110
109
100
92
92
87
92
85
91
96
79
193
222
174
174
166
166
186
169
84
101
99
99
103
98
97
98
107
118
116
120
121
123
118
123
125
128
124
106
115
188
224
179
169
123
119
112
121
121
113
123
106
98
114
109
103
110
112
99
113
109
110
113
117
118
120
115
123
135
121
115
120
126
118
117
121
121
120
125
125
126
123
117
125
126
126
116
134
118
123
130
127
134
129
127
130
126
138
132
135
133
130
138
134
136
129
127
135
132
137
137
146
135
118
129
134
123
128
128
127
130
134
132
115
117
104
176
202
210
213
222
211
219
221
219
230
215
199
146
150
165
179
118
120
121
125
120
127
129
131
129
123
126
126
122
118
116
122
123
114
121
123
114
119
124
118
121
117
122
117
121
114
116
119
123
117
124
123
120
119
113
116
110
111
126
106
113
118
113
107
118
113
104
103
99
107
111
113
114
113
105
109
116
113
108
115
105
112
112
105
111
116
112
110
115
110
103
111
102
105
106
105
118
120
112
109
112
110
112
105
109
107
105
108
96
110
101
100
100
103
103
96
101
103
97
97
93
98
100
95
84
73
75
73
77
75
89
87
96
96
96
95
94
97
98
96
93
95
96
98
96
88
93
95
99
97
97
99
100
103
99
91
83
85
84
106
103
99
96
92
98
95
89
92
95
94
97
145
226
202
188
81
98
97
107
108
110
109
108
109
100
109
112
111
113
107
107
113
112
115
118
110
106
111
119
112
118
115
114
112
113
111
108
111
115
117
113
100
62
35
46
36
27
27
20
27
19
23
26
35
73
98
107
113
113
114
117
108
111
110
105
114
116
109
115
116
107
105
108
109
104
107
105
101
108
102
104
101
103
107
105
99
101
102
100
99
97
93
91
84
84
67
65
77
93
34
61
84
92
100
96
96
92
104
109
100
109
101
105
100
106
102
105
110
93
102
102
108
111
108
116
117
117
119
129
132
136
215
224
175
172
163
163
175
183
161
168
170
172
175
176
178
183
165
117
114
117
115
115
118
122
115
116
120
109
107
186
223
181
171
120
121
118
116
113
113
126
115
107
124
109
107
106
103
114
113
121
117
119
123
122
129
116
129
134
125
121
120
119
130
120
127
120
120
120
126
121
126
129
128
124
128
125
134
129
123
125
125
130
129
129
131
126
130
133
141
129
126
128
137
138
130
126
137
132
139
134
133
142
123
122
127
121
129
127
130
132
131
142
143
140
155
186
173
209
215
217
208
212
234
230
228
196
235
224
221
223
214
124
128
131
128
128
124
129
133
128
124
126
124
123
124
121
122
123
119
118
122
123
121
126
123
122
122
124
120
119
118
120
122
124
120
121
117
120
117
115
120
109
116
123
110
124
114
115
108
118
114
105
109
108
110
109
112
115
114
112
116
118
108
108
120
112
114
114
112
108
115
121
114
114
112
103
109
105
105
105
113
116
121
116
109
122
111
115
111
110
109
112
112
103
112
108
106
101
106
102
96
108
110
103
103
110
101
105
100
94
92
93
94
94
93
100
98
101
101
107
96
98
97
100
96
92
91
92
96
94
93
95
99
101
93
95
101
106
101
100
100
100
94
93
101
95
89
91
83
87
86
91
91
92
94
96
149
227
204
178
79
99
100
103
105
101
110
107
114
115
110
115
108
111
100
108
112
112
117
107
102
102
107
110
106
113
113
110
111
112
107
110
110
115
115
109
108
86
60
25
26
22
22
22
23
20
23
24
29
35
85
103
105
108
110
109
109
111
109
107
115
111
111
115
117
114
108
108
109
105
114
114
107
111
106
113
109
106
104
110
111
106
100
112
104
104
101
97
90
105
90
80
94
85
71
86
90
94
102
93
97
97
105
105
100
108
104
108
101
102
106
103
107
97
101
105
164
193
195
196
200
200
201
206
203
204
222
210
177
173
167
171
174
185
203
203
204
205
204
204
207
209
211
130
106
119
118
111
115
119
114
112
123
111
103
191
222
176
169
109
123
125
118
121
114
117
120
117
121
113
117
110
114
122
113
120
121
113
109
127
130
117
121
128
126
122
124
114
126
115
121
123
123
114
125
118
123
131
130
123
127
131
123
129
125
120
124
112
121
131
127
124
122
119
129
128
123
121
139
134
127
124
133
125
132
133
127
133
134
123
126
134
132
122
128
130
128
134
167
152
165
171
151
162
163
175
169
170
183
188
188
156
190
212
203
218
219
128
127
132
126
122
123
130
134
128
125
120
120
125
127
124
120
116
128
116
121
132
123
119
124
116
121
121
119
114
121
118
120
123
121
117
109
119
121
111
114
120
121
118
119
122
119
121
116
117
120
111
114
117
117
115
116
118
114
120
119
121
114
117
124
117
118
116
120
113
114
118
117
115
119
109
112
112
111
108
116
110
113
112
107
117
113
112
113
116
114
119
110
110
112
110
111
105
109
104
106
106
110
107
104
108
107
101
101
95
111
102
106
103
109
104
106
104
106
112
98
96
94
100
90
88
90
89
97
99
99
99
102
101
96
94
101
99
96
99
97
98
93
93
96
91
90
93
91
90
86
98
93
94
95
92
156
227
208
167
83
102
101
99
101
100
103
111
111
116
108
111
110
109
102
106
111
110
110
97
97
99
102
99
101
111
113
107
107
113
105
108
110
112
110
106
109
106
101
56
28
20
21
21
20
22
21
22
31
39
86
98
101
106
106
106
112
110
113
112
108
103
110
112
109
115
105
103
109
109
116
114
106
108
108
112
114
105
103
105
109
107
101
115
103
102
106
105
94
109
109
100
102
102
100
110
104
104
104
99
100
99
100
104
104
104
106
108
102
103
110
108
108
108
106
116
204
209
213
206
207
209
206
204
202
200
194
185
176
171
166
173
180
166
178
182
183
183
182
179
182
181
203
138
102
119
121
114
111
119
119
115
123
111
107
195
219
175
169
112
120
123
124
124
120
115
121
123
122
120
122
117
125
119
119
114
116
105
101
126
131
122
119
123
126
120
127
113
129
112
116
125
121
117
121
120
121
127
123
119
122
128
122
122
121
124
123
108
121
129
121
122
113
119
121
126
121
120
135
130
126
123
128
123
122
129
129
125
134
124
128
140
122
121
123
127
126
124
145
133
136
132
137
131
130
143
139
139
142
150
140
129
133
158
151
190
186
128
124
134
130
119
122
128
126
125
123
113
124
123
120
126
121
114
125
111
119
127
117
113
117
114
111
113
109
113
122
110
119
119
118
117
111
120
125
109
113
130
121
123
129
115
122
122
125
117
134
118
119
122
125
119
122
122
121
121
120
124
123
125
123
117
123
118
122
125
114
112
116
116
121
116
117
118
115
113
111
112
109
108
107
109
113
106
114
121
115
116
110
113
115
106
111
106
107
108
113
102
103
108
108
102
111
104
107
102
117
103
103
108
110
103
107
107
108
108
103
93
93
100
92
91
94
94
104
106
97
100
102
98
99
97
101
96
99
96
96
93
94
95
87
89
93
94
99
96
93
101
97
98
97
88
162
223
205
160
82
101
98
102
97
101
99
110
105
105
106
104
106
106
108
101
108
106
103
98
97
98
100
96
103
106
107
103
102
110
106
106
111
108
100
101
107
110
109
101
60
35
28
24
25
32
34
40
52
80
99
101
101
109
106
108
112
108
112
112
104
105
105
105
108
110
104
106
111
106
113
111
104
109
107
105
116
103
101
101
104
106
101
118
102
101
106
113
100
105
108
107
106
111
109
113
110
107
108
105
104
101
104
107
106
104
110
104
115
112
113
113
114
114
103
124
195
162
172
168
164
169
167
165
165
172
168
173
172
159
164
168
179
158
161
167
165
168
173
167
171
172
188
123
106
116
122
116
114
121
120
116
115
120
112
196
214
181
163
119
118
115
118
116
127
117
117
123
126
123
119
112
122
118
129
128
114
116
113
124
131
125
127
122
125
119
125
113
128
114
114
123
115
121
118
120
120
128
119
117
118
120
123
116
113
127
125
118
123
125
121
120
110
135
130
126
119
118
126
127
127
119
126
126
117
123
125
125
127
124
126
132
114
122
122
125
124
126
120
119
121
115
130
132
128
128
123
127
130
130
119
123
118
126
128
161
139
125
129
143
141
129
121
123
120
123
124
115
129
118
119
132
127
121
118
109
113
117
113
113
108
118
108
107
101
115
119
112
122
110
118
117
119
123
130
115
125
134
123
125
129
118
122
123
129
120
137
121
123
124
124
131
127
124
128
126
124
127
125
126
123
122
127
119
120
125
119
120
117
118
122
123
116
117
114
116
111
116
116
114
110
108
113
108
113
115
113
107
113
114
116
107
109
108
107
109
115
110
105
111
108
105
107
114
116
116
111
110
104
107
103
108
109
107
105
107
105
96
102
104
111
108
102
107
110
108
96
102
100
101
101
100
103
102
99
92
93
90
91
99
83
85
88
90
96
93
96
98
99
96
101
83
162
219
203
156
77
98
95
101
98
99
103
106
103
102
107
102
99
101
105
102
103
102
105
107
99
100
103
101
107
100
98
97
98
102
104
105
108
103
91
92
99
103
96
105
105
83
54
52
59
64
72
87
103
112
105
111
103
111
106
107
110
104
107
105
106
110
101
98
116
110
111
113
114
102
111
114
106
109
103
105
112
105
102
101
107
107
99
128
109
106
105
113
105
109
103
108
106
108
116
110
111
103
112
104
102
108
113
107
108
110
121
109
130
118
119
117
120
118
98
129
175
156
172
169
168
179
175
176
171
178
171
168
149
142
167
165
172
167
177
171
170
173
181
170
170
176
187
107
112
119
124
112
119
121
119
114
112
127
112
201
209
186
146
108
122
112
105
113
123
113
110
115
119
117
118
105
114
128
131
146
120
137
126
129
128
121
123
123
121
118
122
120
110
114
111
123
116
115
121
116
119
129
123
123
124
117
108
119
113
120
127
117
119
125
127
118
114
136
132
134
119
120
120
122
125
118
122
126
120
123
121
125
126
131
127
127
121
121
123
125
122
130
134
128
126
130
130
131
125
125
121
128
128
123
124
121
116
119
122
128
123
125
129
132
137
136
130
126
127
129
127
118
124
119
130
123
125
124
120
128
121
123
120
121
112
108
118
114
111
119
114
123
121
112
123
123
123
129
133
122
134
126
129
125
122
123
124
122
123
124
120
126
125
123
124
141
128
128
128
132
126
128
125
126
126
124
128
120
120
122
128
118
121
124
123
128
115
117
117
115
111
116
120
116
111
111
114
113
109
107
123
109
113
115
113
111
109
113
117
116
122
115
117
109
110
107
109
110
110
112
104
112
107
108
110
113
110
107
101
111
102
107
117
108
123
116
110
118
110
109
103
110
109
109
115
105
101
102
96
92
100
98
100
103
85
89
89
88
98
94
91
93
95
90
100
87
167
221
217
146
72
99
94
95
100
101
101
103
108
111
105
106
100
101
97
105
101
101
102
104
101
101
105
102
105
100
103
102
97
101
101
99
99
92
96
87
92
98
92
95
92
106
105
106
116
112
113
115
114
107
107
107
107
108
108
104
109
99
106
101
102
109
103
107
114
111
113
106
108
115
115
114
115
104
105
116
109
112
117
99
113
108
112
140
116
113
113
109
116
109
111
118
111
120
113
118
114
116
121
108
105
118
118
107
118
119
122
130
124
112
115
122
126
121
109
126
144
144
149
137
153
168
160
155
157
154
159
134
106
137
154
156
158
164
166
150
168
166
174
165
160
161
153
118
117
122
119
113
115
122
119
119
113
120
114
206
207
193
150
99
125
122
112
113
114
118
115
117
107
119
124
119
114
131
122
126
120
138
127
126
125
123
115
123
120
115
121
124
119
116
117
118
121
119
126
126
135
132
128
123
129
127
95
132
121
116
117
115
131
126
130
123
111
132
125
134
120
130
122
127
116
126
115
123
123
121
123
126
125
128
132
129
126
123
119
122
119
119
136
129
128
134
127
134
127
126
119
120
128
123
125
123
117
126
126
123
123
129
123
130
128
135
135
132
128
127
129
122
128
128
124
123
122
117
119
126
127
119
128
127
116
120
125
117
111
122
122
133
131
119
127
127
134
131
126
126
133
132
124
130
123
128
118
119
122
119
124
120
127
126
126
126
125
127
127
129
128
121
126
125
116
124
124
124
126
129
127
126
124
125
126
129
124
126
125
118
115
121
113
112
122
116
123
112
119
114
118
116
116
113
114
119
113
115
130
119
121
124
122
117
113
116
114
108
108
114
110
113
108
113
117
110
111
105
109
109
113
117
119
106
114
108
110
117
116
103
108
112
115
115
121
117
107
118
102
98
103
103
103
109
103
93
96
96
103
95
94
96
96
105
112
93
177
224
218
142
86
107
104
106
105
108
102
104
110
112
105
107
102
97
98
97
98
96
101
102
101
104
102
101
96
100
102
98
96
104
101
95
97
94
99
93
94
99
101
105
94
98
100
104
114
103
92
108
112
107
107
104
105
103
105
108
110
109
106
111
105
102
109
108
109
112
108
107
109
109
111
109
112
103
113
118
118
109
116
110
119
119
118
121
124
112
116
110
115
115
121
118
111
123
127
127
123
116
120
116
112
117
124
115
124
121
114
118
112
112
109
118
126
119
116
123
124
127
133
120
126
143
151
136
131
122
121
117
109
145
136
133
131
155
131
135
136
137
156
129
148
140
123
114
115
125
118
120
122
125
125
122
120
122
125
206
207
191
156
117
123
124
124
118
121
124
120
120
121
123
120
123
113
119
119
118
120
117
119
119
118
126
116
127
113
107
120
122
116
122
121
120
118
120
123
130
124
130
121
119
126
132
119
120
121
128
124
137
128
126
117
121
125
134
128
130
126
135
132
129
111
123
117
122
122
112
114
122
120
122
131
130
126
123
123
126
126
111
128
128
127
123
125
125
120
122
116
120
125
128
118
118
123
121
122
117
126
141
131
126
130
135
128
123
118
127
131
129
129
121
126
132
132
127
118
131
135
140
133
138
132
126
120
120
117
123
125
125
124
126
129
130
129
126
115
122
127
115
115
127
127
125
111
121
127
122
128
126
122
121
128
123
122
123
134
124
127
126
126
122
127
112
125
123
129
133
117
126
125
118
128
131
119
125
124
126
121
120
124
120
129
126
116
123
123
118
117
119
120
118
118
119
121
113
118
116
114
119
122
126
124
120
113
112
103
132
116
111
110
104
114
106
114
113
118
108
112
120
111
112
109
110
113
119
117
116
117
122
112
111
115
120
112
120
123
111
111
110
100
95
89
102
97
104
115
123
110
116
120
110
112
94
183
223
221
153
103
116
114
113
103
115
109
113
112
103
110
106
100
104
100
94
98
94
99
93
105
104
100
99
101
100
100
95
87
103
103
103
95
96
100
103
102
106
101
100
101
98
102
99
100
101
97
106
107
113
113
101
100
103
92
102
106
118
108
113
118
114
120
103
105
106
112
113
117
106
104
100
92
103
114
116
126
111
121
125
126
113
109
117
124
116
119
118
128
125
111
118
124
125
121
120
116
114
123
120
116
119
125
125
116
117
113
116
114
114
103
106
117
119
115
126
118
111
119
117
111
125
120
125
109
116
113
119
103
116
116
116
118
123
115
127
103
118
118
107
113
123
117
109
117
118
120
125
129
125
120
111
120
139
129
216
201
195
148
108
126
120
122
116
120
118
120
120
128
129
122
126
120
117
120
118
116
125
120
118
113
109
109
129
119
119
111
115
103
112
122
125
128
115
117
126
123
128
118
129
127
128
138
129
123
132
131
145
129
125
126
133
129
137
134
131
124
151
133
121
123
119
132
113
112
112
120
109
120
124
127
126
131
121
119
114
123
115
123
118
113
111
117
106
115
114
111
113
117
117
115
125
106
115
117
119
131
126
128
122
131
130
128
123
117
123
138
132
129
145
134
129
123
125
133
141
125
134
132
129
119
120
130
127
131
124
124
130
123
133
134
118
124
129
121
121
129
118
124
128
123
126
107
113
117
122
123
122
126
121
132
126
127
128
130
128
124
125
131
123
121
121
124
125
118
125
124
129
126
124
130
126
122
129
124
123
120
114
115
117
119
119
118
125
120
126
119
131
122
119
118
120
121
124
123
128
126
115
118
115
116
123
125
116
118
127
121
113
124
120
117
115
116
114
112
104
121
111
120
110
116
112
118
115
111
121
114
111
119
118
116
115
114
111
113
109
114
119
132
135
144
117
97
95
96
86
99
109
109
109
121
103
199
227
231
133
100
116
108
108
103
109
104
100
100
102
102
104
105
115
103
100
109
101
96
93
95
106
103
100
104
101
99
99
102
102
102
106
101
107
103
102
102
109
105
100
99
93
93
105
102
98
97
108
105
101
102
98
98
106
103
105
103
113
107
101
105
107
112
111
115
110
115
108
113
106
100
96
75
98
101
105
116
126
120
119
116
111
115
105
120
113
111
108
126
120
125
127
125
122
112
120
123
114
117
112
123
121
125
122
120
117
116
114
101
116
119
119
118
113
116
114
115
123
120
116
118
125
125
110
109
112
114
115
107
115
120
116
126
125
109
116
121
120
117
119
116
119
120
119
120
120
119
112
118
121
119
123
117
132
120
221
205
195
137
109
126
116
120
113
118
127
122
111
114
121
119
125
124
112
115
112
123
127
125
123
117
114
123
117
118
122
118
115
126
119
132
125
130
120
123
123
127
131
124
126
128
124
137
130
123
120
122
123
125
131
124
124
123
122
126
129
134
130
130
132
120
115
131
120
124
112
115
122
119
119
120
123
120
127
122
124
119
110
122
108
109
114
107
110
115
112
107
109
112
109
103
108
114
122
115
115
123
128
137
134
125
125
125
132
130
131
136
138
125
134
132
130
128
132
135
132
130
127
131
129
118
125
119
122
130
127
119
130
129
126
117
125
122
128
126
123
129
127
129
122
119
127
120
120
124
124
120
133
130
126
127
125
124
122
133
131
125
128
129
128
133
127
126
127
123
127
124
128
129
128
137
119
120
123
120
121
116
119
122
122
118
122
119
118
119
115
118
124
125
123
115
122
122
125
120
119
125
121
124
123
116
124
124
119
123
120
123
121
119
132
120
120
119
119
113
119
121
112
134
116
109
112
121
121
119
129
110
118
118
111
113
116
116
112
111
110
111
112
160
183
223
196
194
176
167
161
143
125
123
105
114
95
203
220
220
123
97
110
110
113
118
119
119
119
115
126
114
114
112
104
108
103
107
101
103
107
103
106
104
107
112
112
102
101
109
106
102
105
99
97
97
95
96
98
90
97
97
94
92
90
92
95
97
105
109
100
101
103
100
113
112
110
103
105
114
108
104
109
107
111
112
111
115
116
114
100
104
105
91
90
89
99
100
114
114
116
115
111
107
112
100
95
105
107
126
121
121
122
114
119
124
125
123
122
111
116
121
113
117
124
123
122
121
117
110
122
123
113
115
115
128
115
116
122
119
116
117
120
114
110
121
117
125
118
122
122
125
123
125
126
122
121
124
122
119
122
124
118
125
125
116
117
116
116
123
120
117
128
112
123
124
219
206
197
134
109
130
126
120
114
122
126
120
122
118
121
123
127
128
120
123
121
120
124
119
125
127
122
131
122
120
123
125
119
126
131
133
127
125
124
126
123
118
124
123
122
120
124
125
124
117
113
114
121
127
116
121
112
119
119
114
126
125
120
117
125
121
118
124
122
119
122
127
122
132
124
122
138
126
128
130
129
129
132
123
122
116
108
114
115
115
112
115
112
110
113
110
116
131
132
133
129
133
136
135
128
128
131
132
131
134
129
134
136
125
136
130
133
135
131
133
133
141
135
123
130
124
126
123
125
125
127
113
126
127
123
116
125
120
124
126
127
123
124
124
121
121
121
123
122
125
124
122
133
128
131
129
124
121
125
124
123
129
123
122
127
134
114
129
129
126
124
122
122
130
131
128
126
122
120
121
128
124
121
116
117
120
118
124
118
118
119
118
119
122
113
117
117
124
123
119
118
120
126
128
127
129
114
119
119
118
122
119
127
126
128
121
128
123
121
119
130
120
124
129
120
114
117
119
119
118
124
115
120
110
111
122
113
114
114
115
117
113
108
141
128
160
154
177
186
191
209
205
192
196
205
189
170
205
214
215
164
199
204
180
170
196
185
179
175
180
175
119
100
115
112
116
109
107
107
112
105
111
113
113
111
115
110
107
108
104
103
102
101
97
96
99
94
96
98
86
96
96
95
96
86
98
102
104
100
108
102
105
110
103
114
115
108
108
111
110
116
114
110
113
118
117
114
117
117
116
118
113
105
103
85
94
94
103
117
117
120
117
111
105
98
86
92
105
101
122
107
121
126
116
110
123
120
119
129
116
120
119
116
109
115
127
122
121
127
113
128
128
123
121
116
125
117
121
117
118
118
118
119
115
110
116
120
123
121
114
118
121
114
118
118
127
126
123
123
115
117
122
118
119
129
126
120
121
126
125
120
123
125
114
117
131
219
201
202
126
117
128
125
119
116
118
125
115
122
132
128
123
122
119
122
129
118
119
126
121
127
126
124
127
125
121
122
126
121
122
126
135
135
123
129
126
128
128
118
120
121
123
122
125
123
113
113
117
121
119
110
119
115
112
112
107
121
122
128
123
115
121
120
129
125
118
128
130
112
127
124
128
135
129
126
127
132
129
144
128
122
123
116
119
121
123
122
125
122
121
120
124
125
131
124
132
130
130
136
128
121
129
132
128
127
125
119
126
124
124
130
126
128
136
134
137
134
133
134
122
134
131
123
129
125
124
128
119
124
122
126
125
121
119
121
131
128
121
125
118
120
121
123
120
120
125
118
124
129
127
125
134
121
123
124
121
118
122
125
120
123
124
118
131
124
129
129
121
120
127
127
125
126
122
124
130
126
125
120
120
114
115
120
120
119
118
121
122
118
125
117
124
120
117
121
118
116
121
126
124
122
127
120
119
120
118
126
117
126
125
128
125
132
124
122
124
128
123
128
127
124
123
120
114
120
116
117
116
117
109
114
122
109
119
119
120
119
115
110
119
96
164
167
186
178
171
156
175
177
163
181
166
161
153
172
191
149
196
211
192
201
206
220
209
203
203
195
142
131
127
118
115
117
114
116
118
110
121
121
117
112
114
108
112
114
114
104
103
104
102
111
100
102
104
101
95
113
100
97
100
96
102
105
112
104
106
108
111
116
110
113
116
116
114
114
110
118
118
111
114
120
116
117
121
118
120
119
121
108
109
105
107
109
114
117
114
117
113
116
113
96
100
105
115
113
121
113
127
128
125
114
126
123
119
126
118
120
118
119
106
108
129
125
124
119
119
127
119
127
125
120
126
117
115
115
115
117
121
119
113
110
117
119
118
116
109
115
115
109
121
112
124
117
118
119
111
118
117
118
122
127
126
116
117
126
121
117
127
125
120
118
131
220
200
202
121
118
123
120
115
121
120
122
121
124
123
124
126
124
122
119
124
122
122
125
127
121
121
123
126
124
118
124
125
123
119
127
130
130
124
135
124
127
130
123
123
127
125
118
125
125
120
119
125
122
118
113
125
118
111
119
114
121
121
127
130
120
122
121
119
125
118
124
129
118
125
124
123
125
126
123
125
126
122
132
130
126
128
122
121
124
127
125
122
122
126
124
124
122
124
126
130
127
124
132
125
118
126
126
125
127
125
124
119
118
123
123
123
126
137
133
137
135
125
122
129
132
131
124
127
125
125
130
128
122
120
123
125
123
119
121
130
129
120
126
120
120
118
122
124
122
121
115
124
126
124
122
132
125
126
127
127
121
123
130
122
124
121
126
129
118
131
133
123
131
124
128
127
124
124
124
141
131
128
123
124
118
112
122
120
119
118
116
120
115
122
124
120
123
117
130
124
118
122
121
120
118
120
125
122
122
120
127
117
118
119
123
127
123
123
124
126
126
123
127
129
126
123
122
118
120
121
121
119
117
116
121
114
114
126
120
124
124
123
117
114
100
175
173
165
146
131
109
126
131
115
117
121
121
120
131
138
124
141
156
164
174
168
205
199
202
208
207
191
182
150
121
118
124
118
116
115
121
127
119
114
120
112
113
117
118
118
116
110
111
113
117
109
103
107
103
105
123
110
105
105
104
110
114
116
113
113
120
120
122
119
118
118
123
117
116
118
120
121
114
113
118
112
120
120
119
122
116
120
113
115
116
114
122
119
119
118
113
111
116
122
117
115
118
125
128
119
124
127
125
127
121
125
122
118
123
116
118
118
118
111
117
131
117
122
112
124
124
120
122
126
125
129
121
114
122
121
118
116
117
117
118
119
117
115
111
113
110
115
108
114
111
118
114
116
117
111
112
115
118
121
119
119
117
114
113
115
116
124
123
115
114
129
223
198
205
120
109
118
119
113
121
117
116
121
123
123
121
124
123
124
119
118
122
119
123
131
119
122
123
126
124
122
123
124
125
120
125
121
120
126
132
126
127
130
123
120
128
126
123
123
126
127
123
123
123
122
122
127
121
119
125
123
126
120
126
126
119
124
119
113
122
117
124
134
125
120
125
117
123
123
126
125
124
122
118
129
127
124
123
122
126
123
124
118
122
125
124
121
114
124
130
131
123
119
127
125
123
122
121
125
126
132
134
118
119
120
121
126
136
136
128
131
133
126
120
131
124
128
125
125
128
126
131
126
123
119
116
119
130
118
117
126
124
119
123
126
126
120
123
126
122
120
125
125
124
123
124
126
127
123
131
128
122
126
130
124
127
123
128
134
125
130
129
121
139
126
136
131
122
125
119
140
138
131
127
124
127
122
121
126
121
118
120
115
115
118
124
118
120
122
133
134
127
121
116
121
117
119
122
123
121
121
126
115
113
119
118
119
115
120
124
122
125
121
125
126
128
122
126
128
123
123
130
126
122
122
127
114
122
125
120
129
132
132
124
120
108
142
139
120
118
110
112
115
117
114
108
122
115
127
120
106
121
116
119
135
134
134
154
166
178
189
191
200
173
152
114
125
125
117
115
112
119
124
116
114
122
118
119
118
118
113
122
114
113
123
113
119
104
108
109
108
119
114
114
111
105
126
125
121
120
126
125
123
127
127
123
121
123
119
122
122
122
123
119
117
122
120
124
120
118
124
120
115
118
118
114
114
119
122
123
125
111
112
118
125
134
121
121
127
130
119
121
121
117
126
123
119
115
114
122
112
115
122
117
118
131
130
112
117
111
121
120
123
120
125
125
127
126
126
127
125
121
113
118
124
128
118
115
112
109
116
109
119
111
108
114
117
115
116
120
119
108
114
117
117
117
115
119
116
106
114
118
118
116
114
109
132
228
197
206
116
106
116
122
113
115
113
113
114
120
128
122
122
117
120
122
120
121
116
122
125
122
125
125
119
124
128
121
124
126
122
122
120
118
123
124
126
128
131
120
118
124
124
128
122
125
125
123
119
125
127
128
125
124
126
124
124
128
122
123
125
117
123
120
118
117
114
123
130
125
115
128
119
124
122
127
125
125
127
121
127
127
119
123
121
127
123
125
123
124
124
124
123
110
127
128
128
121
116
123
127
129
122
122
125
123
129
131
119
123
119
120
129
140
130
130
129
126
126
128
125
121
124
121
126
126
125
126
113
125
116
118
121
130
115
115
126
119
121
123
127
130
127
127
122
122
127
136
125
119
126
126
124
122
121
126
120
120
123
129
125
126
126
129
142
137
128
126
118
136
130
136
132
118
121
116
130
132
127
125
126
133
137
124
126
125
122
136
121
125
126
123
133
120
120
122
132
135
122
118
126
119
120
123
121
120
122
125
119
116
122
122
112
117
120
120
117
123
122
122
121
127
125
132
133
130
122
134
126
126
124
123
119
122
121
122
132
133
130
128
123
113
122
122
120
125
120
120
114
121
112
115
128
121
128
124
115
119
111
110
112
119
116
105
133
141
142
140
148
123
129
104
126
119
116
120
116
111
117
119
119
114
127
118
117
117
112
110
110
113
125
114
120
113
116
117
106
119
117
118
116
110
133
125
132
124
129
122
119
129
128
125
124
121
123
126
120
122
120
123
123
131
128
126
124
116
127
119
114
120
116
121
111
114
125
120
123
111
114
125
122
130
124
122
123
125
126
111
120
114
124
121
117
111
113
117
108
113
121
117
118
133
125
122
116
105
115
118
119
123
122
125
126
127
134
123
121
122
123
124
123
130
120
113
110
107
116
115
118
115
118
123
122
112
115
121
126
117
113
118
125
126
117
116
119
115
117
118
117
115
126
113
138
229
199
200
107
114
121
126
110
113
115
114
114
119
119
120
124
116
122
119
122
126
118
118
116
120
122
123
113
122
122
121
124
122
122
123
124
122
116
121
121
126
127
122
124
123
119
121
123
121
122
124
123
126
129
129
124
124
126
122
120
120
125
114
131
125
123
123
118
116
112
117
115
121
117
127
126
120
122
121
127
125
126
132
126
130
121
126
120
126
128
125
127
124
124
125
127
115
126
125
124
121
118
127
132
126
129
126
130
123
125
123
121
125
122
119
123
130
122
132
127
130
129
127
125
127
118
122
122
117
118
118
110
123
118
125
122
122
115
118
129
128
123
126
123
123
123
124
125
134
134
131
124
121
128
131
131
122
127
120
117
125
131
127
128
125
130
128
132
133
127
129
120
138
130
131
124
117
121
121
131
128
123
122
128
132
141
127
123
130
130
139
134
134
134
119
137
126
118
120
115
130
126
127
131
126
120
122
121
123
123
124
127
121
124
129
118
113
122
115
121
126
124
124
122
122
129
129
130
123
129
131
125
131
125
119
116
124
124
123
127
124
125
130
122
120
122
119
120
124
121
124
114
121
111
109
129
123
120
116
119
126
119
113
115
117
118
109
120
121
129
128
121
128
121
117
123
116
118
123
123
119
119
116
119
116
125
110
120
123
112
107
111
115
116
117
119
118
119
120
110
127
133
127
121
119
122
124
135
126
120
127
119
127
122
127
125
119
129
123
122
120
119
122
126
134
116
118
119
115
122
114
115
118
116
121
110
113
121
116
122
118
120
119
117
123
122
129
120
124
129
113
125
126
117
115
120
112
112
113
110
112
113
117
114
128
122
120
111
104
119
121
123
121
122
127
131
129
128
123
128
127
132
126
121
125
122
115
110
106
113
107
112
118
121
130
123
119
121
118
128
121
116
123
128
130
128
124
122
120
124
118
126
127
124
114
142
228
194
198
100
121
128
125
110
120
118
118
118
115
117
117
119
117
127
113
117
124
121
114
117
116
119
120
115
123
117
119
124
113
116
119
122
125
116
121
121
122
122
122
121
123
118
120
121
122
129
128
121
123
121
129
120
123
121
117
117
116
119
116
123
123
127
119
117
126
117
121
116
110
121
117
131
119
125
118
125
129
126
132
122
125
120
126
123
122
124
122
122
119
124
126
130
122
125
122
120
121
117
131
126
128
125
118
123
125
125
113
119
113
124
121
127
127
116
125
121
133
119
124
134
117
121
127
119
118
116
119
117
117
123
121
119
127
116
120
130
126
126
132
126
118
125
133
121
128
129
127
131
137
125
135
133
127
122
126
127
127
128
128
129
125
140
138
130
127
126
127
131
136
133
139
131
119
131
141
127
144
113
121
124
122
128
124
127
130
137
134
136
131
127
117
117
124
117
120
121
121
133
129
121
126
134
122
118
124
121
126
117
125
127
131
119
118
117
122
129
128
124
129
125
128
119
124
125
126
122
115
128
129
125
120
124
135
123
125
121
123
126
123
126
127
120
125
127
124
121
126
121
118
119
113
127
123
123
119
119
126
121
120
120
122
119
118
114
128
125
124
123
126
123
124
115
123
124
128
125
119
127
119
115
121
122
110
117
129
119
102
109
116
121
120
122
122
114
121
128
129
122
130
124
119
127
118
119
121
117
125
116
117
119
114
118
118
117
128
121
117
125
125
126
130
117
117
112
111
118
106
112
116
115
121
117
118
122
118
122
133
124
117
119
120
116
134
122
121
126
123
126
121
112
117
115
110
111
112
116
110
113
112
109
124
119
116
118
114
120
119
118
117
122
110
121
128
123
123
115
126
126
124
123
132
124
124
125
115
114
110
123
128
123
129
132
127
124
125
129
116
125
121
127
118
131
134
126
124
126
122
126
124
116
121
144
230
190
194
109
115
128
119
117
117
130
124
126
116
123
114
115
118
125
109
116
118
126
120
115
124
123
117
114
122
120
121
124
117
112
112
113
120
121
117
114
120
114
128
111
121
119
118
111
127
116
120
118
115
115
124
121
120
115
122
122
118
116
117
117
122
123
119
121
124
129
125
122
114
126
130
129
126
120
132
123
124
122
114
121
122
124
128
113
116
117
116
119
113
125
127
127
126
123
112
116
122
122
120
117
133
122
112
124
121
122
124
115
125
125
119
139
117
123
123
125
129
125
137
123
118
112
121
125
121
121
125
119
131
124
122
116
128
133
118
121
120
124
113
124
117
126
132
120
126
134
132
122
126
130
138
123
112
126
134
135
132
129
122
125
125
128
132
138
135
130
125
116
130
140
130
136
131
122
122
119
120
118
118
112
117
119
127
137
124
131
131
123
133
124
110
126
107
113
121
116
114
124
124
132
122
119
121
120
121
122
129
110
132
124
121
120
131
117
118
128
114
126
124
137
123
116
126
133
132
124
126
142
136
133
127
138
128
133
131
132
128
137
131
131
121
115
130
128
124
131
114
120
128
128
123
126
124
119
122
124
124
125
122
120
135
124
128
128
129
123
124
126
125
127
131
133
129
121
133
113
112
125
125
130
132
111
114
125
136
129
109
123
119
115
112
116
126
122
133
126
116
119
132
138
114
121
120
115
115
118
122
112
118
130
117
114
134
121
138
116
116
117
121
121
116
124
124
125
117
108
107
118
115
116
115
120
120
114
110
120
128
118
118
121
129
111
116
121
124
121
119
132
126
121
117
110
118
115
114
113
116
124
126
120
115
113
121
119
122
111
124
121
116
114
108
110
116
126
135
116
127
126
120
125
116
123
126
126
130
136
126
132
125
126
118
139
128
130
120
120
121
123
122
132
128
120
120
122
122
124
116
122
126
131
119
147
224
192
198
94
109
113
113
125
121
116
117
120
116
124
112
116
124
115
124
124
125
127
114
114
115
111
109
129
129
121
130
115
120
120
112
110
123
122
111
115
115
112
128
109
121
126
110
112
111
120
116
124
124
107
122
119
123
123
118
120
118
115
120
124
121
114
116
124
120
122
121
117
126
116
122
120
115
119
125
118
124
122
123
127
116
120
120
111
116
115
119
117
118
116
124
123
120
109
105
115
120
122
126
127
127
129
129
116
119
122
123
126
122
120
133
124
116
129
132
121
119
125
115
104
114
116
119
122
122
126
123
123
114
118
118
119
121
123
129
122
110
125
119
126
131
120
130
125
130
130
129
132
136
126
123
129
132
133
135
138
135
122
125
125
129
123
124
121
122
131
127
117
133
134
132
144
119
138
137
132
122
131
125
127
118
129
126
131
133
124
121
120
133
117
118
113
111
124
128
119
107
113
114
126
127
119
138
126
120
127
131
136
127
130
130
123
128
127
120
122
115
128
134
131
131
133
124
125
124
129
127
133
141
132
123
138
132
128
127
127
131
138
133
127
134
125
126
127
129
136
126
128
129
129
134
130
126
129
125
133
117
122
133
119
122
138
126
124
121
115
124
126
126
133
135
121
137
118
131
125
121
122
118
125
127
113
124
130
123
120
125
120
122
127
108
125
127
121
126
113
120
132
125
127
117
115
123
113
116
119
114
114
119
128
120
122
106
123
126
119
128
116
120
118
113
127
123
116
124
118
116
118
114
122
119
119
120
115
122
110
119
123
122
120
123
121
122
120
117
116
128
128
129
131
117
115
115
125
133
125
116
130
123
118
114
125
124
122
115
115
122
120
121
111
120
120
116
116
129
121
127
130
126
126
114
124
129
125
124
128
134
132
124
118
135
134
125
125
135
138
128
121
125
128
128
117
124
131
129
129
122
129
131
122
112
158
229
196
191
102
124
116
120
117
123
117
122
129
118
122
124
125
125
125
123
124
115
114
115
120
120
122
119
125
123
119
118
116
109
115
112
112
118
111
114
113
117
117
115
123
116
115
113
111
114
131
113
117
128
117
120
115
115
121
121
117
120
118
119
118
116
119
124
123
118
130
128
122
124
119
127
120
118
116
118
122
124
120
121
122
122
117
126
129
122
118
116
119
123
118
118
124
119
113
123
118
115
117
125
123
120
126
128
123
122
123
123
128
126
124
128
120
126
130
130
126
116
119
123
113
116
115
117
120
122
124
125
125
128
120
115
124
118
121
130
125
116
123
122
120
127
130
133
124
128
128
132
127
124
129
136
134
122
133
132
130
125
133
124
121
121
120
119
125
132
132
133
126
135
123
127
136
128
135
135
132
135
137
135
140
132
134
125
130
130
129
133
124
127
129
124
122
131
134
130
125
122
123
118
123
128
129
131
128
129
134
140
133
130
127
131
137
139
136
132
129
130
137
141
134
129
138
129
134
133
128
128
128
128
129
126
125
126
124
120
123
136
131
132
128
131
135
132
125
131
127
127
128
133
129
134
126
126
127
131
125
127
129
134
127
134
135
127
125
126
120
129
133
128
128
127
126
131
131
134
126
125
130
126
128
123
125
132
126
127
130
126
121
127
127
118
126
124
120
126
125
130
126
121
118
127
126
118
118
127
125
123
129
120
118
123
139
119
132
125
122
121
116
125
121
110
126
123
119
115
124
121
119
118
127
130
118
119
117
122
118
109
122
123
123
110
111
115
116
115
108
121
128
131
130
122
128
125
124
127
127
118
129
124
123
127
125
127
127
128
129
123
119
113
116
123
115
114
119
126
128
123
131
124
123
121
127
128
127
126
124
135
133
133
127
132
131
129
124
133
139
128
125
126
121
126
122
122
129
123
126
124
127
126
132
118
158
227
197
195
92
124
121
123
117
117
127
128
133
135
115
126
128
129
116
122
113
116
117
123
121
122
125
124
122
127
123
120
112
120
120
112
114
123
109
111
114
124
114
121
112
113
106
118
121
113
121
112
110
118
115
117
117
109
117
120
118
122
117
124
117
114
122
123
112
115
129
119
132
124
124
124
129
113
124
122
121
124
122
124
123
127
125
125
129
122
121
121
113
120
123
116
115
117
129
128
121
115
117
130
126
116
122
120
126
116
120
129
124
118
123
127
122
126
134
127
129
128
128
123
129
138
124
118
124
120
120
116
119
128
122
120
127
125
125
117
117
125
122
127
124
129
126
121
130
125
128
131
131
129
132
128
130
131
124
125
132
127
140
127
121
123
127
121
129
130
123
130
129
129
119
125
130
129
123
129
123
128
128
132
131
127
130
136
132
138
129
133
133
130
134
128
127
131
129
135
135
132
134
125
125
133
130
132
131
127
135
137
121
136
127
127
137
138
132
130
133
139
139
131
133
127
130
131
134
133
134
125
123
129
133
133
126
125
127
124
131
122
128
129
127
128
126
121
125
136
122
122
131
129
126
125
128
129
127
124
127
122
127
126
128
133
138
130
128
123
126
123
132
129
123
127
124
125
130
131
121
122
131
126
130
122
130
130
124
129
134
129
120
130
124
119
126
126
118
128
134
125
118
119
120
125
128
116
122
133
126
116
134
124
125
121
127
127
132
125
125
127
122
120
125
122
122
127
118
124
129
114
115
118
125
129
118
113
112
116
116
111
114
116
120
122
121
118
116
111
114
118
121
124
124
127
122
125
125
126
128
124
123
127
125
126
121
132
132
130
129
130
127
115
122
122
120
112
123
126
131
127
127
125
125
129
129
128
128
130
123
127
134
129
128
129
126
126
123
122
131
131
128
125
127
128
122
130
126
128
124
130
122
125
136
120
170
222
192
175
114
130
124
129
126
124
131
131
131
136
129
129
128
131
120
130
117
123
111
114
122
117
126
120
113
123
124
116
117
118
117
121
114
121
124
115
118
126
118
124
123
121
121
120
120
125
137
125
115
120
110
117
116
113
117
114
113
120
118
122
115
116
121
121
120
122
132
125
124
121
125
123
127
123
124
123
124
121
124
146
116
123
120
127
127
122
119
121
121
121
130
117
118
125
129
125
120
114
115
130
129
123
118
114
126
118
126
128
123
120
120
126
124
125
132
129
128
131
127
123
141
132
127
122
133
123
118
127
124
118
133
130
131
125
122
113
115
127
123
127
125
125
123
124
131
121
128
128
130
136
132
124
124
127
124
128
134
129
135
128
127
131
130
122
128
127
123
119
128
128
121
123
123
124
121
122
123
122
121
126
126
125
133
129
127
135
129
126
135
134
132
132
130
133
130
138
138
134
132
126
134
128
132
133
136
135
135
139
127
135
129
124
135
141
133
128
134
129
129
122
127
130
125
123
137
131
137
128
122
128
135
132
132
124
128
129
131
120
127
123
123
118
117
116
121
124
122
122
137
125
122
130
139
127
134
133
134
125
130
127
129
130
131
129
129
126
134
122
131
129
124
130
128
126
131
132
121
122
122
124
128
126
131
122
120
129
128
131
132
130
123
118
124
128
121
128
130
118
119
117
118
117
121
122
120
130
118
121
127
125
132
129
123
122
125
124
127
127
124
121
120
129
125
133
124
128
128
119
122
118
122
126
119
114
114
117
109
119
118
120
119
131
126
122
121
119
115
119
118
121
116
126
120
122
124
120
134
127
118
125
122
126
122
129
126
125
133
128
122
120
120
124
119
120
125
123
126
135
126
130
123
130
124
125
124
127
125
125
122
119
116
126
127
124
120
129
124
133
127
123
127
128
118
131
124
129
125
124
124
125
125
110
181
227
193
169
122
129
128
129
130
127
130
131
129
132
127
126
128
134
125
131
128
125
114
120
131
123
130
121
121
122
128
119
124
116
121
124
124
122
121
124
122
130
121
125
130
121
127
126
129
125
138
127
119
131
119
120
113
112
112
116
116
117
117
120
117
121
120
115
126
124
124
127
123
126
123
122
123
122
126
123
120
116
118
132
126
124
118
125
124
122
116
121
126
124
125
121
123
131
124
121
120
118
120
133
129
130
123
120
126
127
128
126
126
122
127
129
127
126
128
129
126
127
126
124
136
127
136
129
136
130
127
140
128
117
136
135
136
126
121
125
123
127
125
136
131
120
125
132
130
127
131
129
130
134
126
126
126
120
123
126
126
130
127
123
128
132
130
129
123
124
124
120
125
133
127
124
119
122
125
121
124
127
125
127
123
126
130
121
130
129
127
134
133
133
132
132
133
140
136
139
137
132
129
129
136
124
135
134
135
137
132
142
135
135
131
125
135
136
136
134
132
128
124
123
125
127
129
123
138
130
136
135
126
124
134
127
134
126
129
132
120
124
122
120
116
111
114
113
117
111
122
122
139
126
118
124
133
130
129
131
134
125
132
129
127
127
131
130
128
133
130
123
126
125
128
126
128
126
129
126
121
117
118
122
127
128
126
116
120
126
120
127
136
130
124
122
125
126
124
123
125
124
127
122
120
116
123
127
126
128
119
121
123
126
130
129
124
121
121
128
130
125
122
120
120
130
125
134
126
122
124
125
126
122
123
122
117
123
122
117
112
119
121
123
119
132
125
123
123
120
113
123
121
121
117
120
121
118
123
114
130
124
117
127
123
130
130
125
124
123
131
118
117
123
119
124
122
131
123
119
122
128
124
131
120
123
116
118
123
129
119
124
114
120
122
123
127
120
117
130
124
132
124
122
125
125
122
129
126
128
128
119
129
125
124
103
181
218
199
172
116
128
128
128
129
128
128
132
129
127
127
123
128
132
128
134
131
126
122
125
134
129
127
124
131
125
131
127
128
120
126
127
134
122
117
127
129
134
123
132
126
122
123
124
130
122
129
123
121
131
126
124
115
106
109
113
113
115
112
117
119
123
121
121
124
123
125
123
125
124
120
120
121
118
120
118
117
113
113
114
125
126
121
122
121
118
116
121
127
127
120
122
121
129
122
123
120
123
130
137
138
135
134
131
134
130
124
127
127
126
137
134
134
127
123
130
125
129
127
126
127
135
142
133
133
132
135
139
130
124
132
131
135
131
130
137
133
130
132
148
136
126
128
135
133
133
135
134
134
129
125
127
129
118
118
119
114
123
123
112
118
124
131
130
119
120
121
127
123
133
125
127
122
118
127
124
123
128
133
125
121
122
123
121
128
127
126
142
130
133
131
133
136
137
136
137
135
129
130
131
132
126
134
137
132
134
130
138
131
130
129
131
133
128
134
138
131
134
130
128
126
124
129
126
134
130
133
135
130
122
134
127
129
128
127
126
115
123
116
117
108
105
109
111
114
112
123
118
133
127
120
113
116
128
124
122
128
124
129
128
125
125
132
130
127
132
123
120
122
120
125
122
126
123
127
121
121
114
117
125
130
126
117
118
121
123
117
122
130
126
123
124
126
123
122
121
120
126
129
129
129
125
130
129
132
130
122
119
129
127
125
124
122
122
120
131
130
123
124
118
123
127
120
128
121
121
123
127
122
123
125
120
115
126
129
116
120
120
117
123
120
129
125
121
121
121
118
123
122
119
123
117
118
116
122
118
122
121
121
128
126
132
130
123
125
124
123
117
121
125
120
115
124
131
121
115
121
118
121
128
118
120
118
119
123
130
116
123
121
130
135
124
126
118
118
124
123
128
125
123
124
124
126
125
127
127
128
123
128
130
133
107
182
205
202
170
110
131
129
130
130
128
129
135
130
124
133
125
127
127
131
134
131
125
127
123
128
125
120
123
129
128
129
128
128
125
127
127
131
124
128
125
134
136
128
133
126
128
125
122
127
129
124
123
125
126
122
126
125
110
117
109
103
120
114
118
124
124
124
128
121
122
129
118
121
119
114
117
114
118
116
110
112
115
116
113
118
123
121
117
116
112
120
126
124
126
121
121
118
124
121
123
118
122
132
136
148
138
141
137
143
128
129
130
128
134
141
136
144
132
122
133
130
134
130
129
131
138
132
132
130
126
132
134
131
130
130
127
128
130
136
136
133
134
136
148
133
131
129
137
135
130
137
135
135
127
130
128
126
124
120
117
110
112
124
105
110
116
129
122
120
121
119
127
125
129
120
130
127
118
126
124
121
124
127
117
119
119
123
122
120
128
128
131
127
132
128
135
134
128
130
134
127
130
132
127
129
126
129
137
132
135
132
133
127
126
129
136
131
126
132
135
133
136
135
133
125
130
123
123
129
131
129
130
131
125
134
131
131
133
120
118
117
115
116
114
109
102
109
118
111
115
122
116
126
122
129
115
110
116
127
124
123
123
126
129
127
129
124
127
123
123
122
114
117
119
119
127
127
121
127
119
121
119
115
129
134
121
112
124
118
118
117
121
124
119
122
119
122
121
122
124
111
116
127
130
138
132
130
128
129
128
122
126
130
128
122
128
117
118
119
129
124
121
126
122
123
121
118
121
118
126
128
130
121
119
122
120
119
122
127
118
125
128
116
127
124
124
128
119
119
128
127
118
117
115
121
118
117
118
121
123
120
123
127
127
127
128
119
122
123
122
120
124
124
125
120
106
123
123
121
115
119
120
121
125
119
127
127
129
124
126
124
125
128
132
132
128
131
121
124
125
119
127
127
126
122
126
123
122
126
123
129
130
125
135
132
114
197
212
204
165
108
131
132
130
132
125
129
137
128
124
131
127
130
128
131
129
129
119
127
121
123
122
117
119
121
130
126
122
126
128
126
123
124
127
137
127
130
136
135
127
129
130
131
130
132
138
124
129
125
128
122
125
131
123
127
117
110
129
124
124
133
128
126
126
128
122
122
113
116
118
112
114
106
114
115
110
110
117
116
116
119
118
118
111
116
115
124
128
118
123
125
121
120
121
118
120
118
119
123
131
133
131
138
139
138
132
141
136
134
132
142
138
144
149
135
135
138
131
135
126
136
134
125
131
132
124
133
134
121
132
126
132
125
119
130
131
127
132
130
139
131
121
129
137
132
127
134
124
134
130
129
127
131
140
125
117
116
112
125
115
109
109
120
120
124
129
118
129
128
126
133
132
127
137
127
124
123
130
117
124
121
128
124
122
129
129
128
122
123
127
131
133
124
128
125
129
119
128
130
125
126
123
126
130
126
131
131
131
133
134
132
136
138
126
135
133
137
141
137
136
131
136
130
130
127
129
126
132
133
132
130
130
151
147
118
117
113
105
119
119
122
118
123
128
113
112
116
125
128
116
132
124
116
119
120
124
122
116
125
135
131
135
122
128
120
119
121
109
105
121
120
130
128
117
119
114
120
126
121
124
131
118
114
127
117
114
119
125
117
119
125
118
115
121
131
124
109
122
128
124
137
131
131
123
127
130
128
131
115
128
123
130
116
121
125
131
116
124
121
127
127
122
119
122
122
127
131
129
125
121
119
120
129
122
116
121
129
125
118
130
124
120
128
120
118
121
130
119
117
112
111
118
123
115
121
118
114
127
127
130
132
119
118
121
124
122
120
122
123
123
122
115
128
124
118
123
124
124
123
124
122
126
128
131
129
130
128
127
121
124
128
130
132
121
123
123
116
124
121
124
120
122
123
125
125
122
131
132
127
135
126
112
213
224
202
161
109
128
127
131
129
123
126
133
123
125
124
130
133
131
127
130
122
118
129
110
125
126
122
124
122
132
126
120
126
127
125
127
128
123
127
135
126
132
141
132
127
129
128
136
133
136
124
131
124
135
133
126
126
125
124
129
129
131
128
131
138
135
124
128
145
125
123
116
120
116
118
113
106
105
102
114
115
115
112
117
112
118
120
115
123
125
120
115
119
125
127
122
123
118
115
120
118
123
115
119
118
119
114
123
130
138
135
133
131
122
142
139
134
140
142
132
141
134
131
126
130
138
142
130
140
130
132
130
127
126
123
129
133
129
134
136
134
125
136
133
131
121
129
131
126
132
128
118
131
134
125
124
138
134
119
117
123
119
119
125
101
113
118
111
129
135
122
126
128
123
135
126
121
137
127
126
123
125
129
132
129
135
126
129
132
119
130
125
125
127
133
137
130
132
128
122
123
118
126
131
131
117
127
131
117
130
119
127
131
133
135
134
137
136
128
132
133
126
143
135
139
137
143
144
129
128
128
128
148
132
125
142
160
146
121
113
115
115
121
121
125
131
133
122
123
121
119
130
124
120
127
134
127
127
127
123
124
129
129
129
125
123
123
131
125
126
121
113
120
125
126
122
123
122
118
130
120
137
123
114
126
124
112
117
126
122
127
125
135
121
122
111
113
125
126
125
132
128
126
123
135
128
124
129
130
135
128
133
122
133
128
127
133
126
129
133
128
123
129
131
128
127
131
134
125
123
125
123
124
130
117
117
129
127
127
124
117
119
126
125
120
123
116
117
117
117
125
117
125
119
113
121
125
114
118
133
114
121
118
122
128
126
117
121
124
119
122
117
120
120
120
128
131
119
122
126
121
122
121
121
117
127
122
128
128
126
123
121
122
123
126
126
126
123
119
119
107
105
106
109
111
114
121
118
123
125
120
129
128
133
132
105
208
219
196
149
106
120
118
125
126
117
116
114
122
132
124
126
128
130
121
125
131
127
120
119
124
124
132
135
138
123
121
121
121
120
129
122
119
127
127
139
128
128
139
128
130
133
134
134
139
127
125
130
127
129
129
137
130
126
119
124
126
124
135
137
130
139
129
128
136
125
128
131
120
120
122
113
109
103
104
113
111
112
118
113
114
119
125
132
123
127
127
120
128
131
124
113
119
123
115
115
118
122
109
118
123
107
117
109
122
132
126
116
131
131
129
132
130
129
150
130
133
131
144
134
128
134
137
140
122
126
133
136
140
131
129
127
127
127
137
136
133
126
135
135
131
125
128
127
130
132
125
126
126
120
125
130
120
130
122
125
120
133
133
136
118
126
124
126
126
120
125
130
128
126
124
131
130
124
128
126
136
134
122
128
137
135
134
145
128
129
131
127
130
126
127
136
128
135
133
126
130
127
135
125
128
131
126
118
124
125
125
134
131
126
135
131
145
135
126
130
128
125
139
134
133
129
130
138
134
129
139
120
134
127
129
143
130
134
128
124
119
127
140
123
118
129
130
119
129
121
129
127
117
125
138
126
136
125
136
138
130
123
134
122
115
126
113
133
118
130
122
123
129
126
146
112
128
131
132
138
130
135
125
118
128
134
145
147
128
127
121
123
140
126
124
125
123
153
132
131
126
126
129
122
123
128
140
130
128
133
128
154
124
125
137
136
133
129
134
130
130
129
123
132
132
129
131
129
131
119
118
131
132
124
125
129
135
125
121
124
128
122
122
129
119
122
122
119
115
109
120
119
123
118
113
119
119
126
116
118
119
119
123
124
123
138
126
120
119
119
121
112
121
120
115
121
125
121
126
120
110
112
120
123
119
132
124
127
124
117
124
126
127
119
121
123
129
124
121
136
200
206
190
171
168
154
133
118
107
90
91
98
93
109
119
74
208
222
207
120
81
89
90
97
114
91
95
98
108
101
108
129
131
133
137
123
125
126
121
139
125
126
133
127
127
125
124
127
115
111
120
123
131
121
132
133
134
130
124
131
129
139
132
131
134
133
132
132
124
129
129
132
123
132
124
125
124
128
132
131
125
125
128
137
117
113
122
130
122
130
121
121
125
120
131
125
121
115
124
115
131
113
121
133
125
117
119
128
128
137
117
112
115
117
119
123
121
119
109
113
128
113
123
108
118
117
125
116
136
136
133
130
131
132
137
133
129
121
134
140
126
136
142
126
118
145
131
125
143
137
135
143
145
129
135
139
146
122
122
131
131
139
128
126
124
116
123
134
122
121
122
127
127
120
127
126
121
121
137
131
131
127
125
122
132
140
133
132
125
133
132
131
128
150
129
130
126
136
121
134
132
128
128
128
141
138
131
143
134
141
131
133
133
133
139
134
131
133
135
129
136
125
122
127
131
127
124
125
132
125
124
131
134
137
140
127
126
126
136
133
134
136
132
124
131
134
134
131
131
129
137
146
123
130
129
136
129
126
128
121
129
137
120
121
126
123
125
131
126
126
130
130
129
138
134
137
139
118
128
131
123
120
126
123
115
125
134
125
120
118
126
123
140
127
120
128
130
125
150
129
120
126
132
139
137
128
124
140
138
136
133
134
135
133
143
136
127
127
130
119
130
125
136
127
131
133
126
139
130
126
130
131
133
137
130
129
132
128
128
129
127
126
124
130
124
117
114
134
128
132
128
126
123
127
129
123
123
122
126
126
121
118
124
119
119
124
119
118
114
120
116
129
117
121
118
128
118
108
122
114
115
108
123
117
117
126
123
121
121
113
117
113
119
113
117
112
118
119
118
118
120
125
112
125
122
114
121
124
122
115
115
122
131
127
116
136
172
188
203
200
204
195
204
206
202
212
189
168
155
131
129
128
215
213
193
186
170
180
182
202
211
210
221
223
225
226
186
124
126
132
131
127
125
123
127
132
139
128
126
126
137
133
120
127
116
123
114
119
127
127
132
124
128
129
121
129
131
130
122
128
131
133
136
132
126
124
124
127
125
125
122
128
129
129
129
132
129
127
133
131
130
121
123
135
135
138
126
126
128
129
131
131
127
127
127
130
144
130
127
131
124
136
122
123
126
143
127
120
114
111
137
121
119
120
126
128
124
122
136
114
124
132
134
130
131
132
127
131
136
138
129
129
126
124
131
130
136
139
141
127
132
134
134
135
141
126
135
142
133
136
133
147
135
131
137
134
132
134
129
120
128
123
130
128
122
119
124
135
143
124
113
124
122
126
127
122
134
134
145
137
133
132
130
134
138
137
134
128
123
134
137
139
133
135
125
135
133
135
128
139
149
130
132
134
134
125
130
129
123
130
129
128
125
137
126
123
132
133
132
132
136
131
121
122
121
122
125
133
139
137
140
131
136
142
132
137
123
126
129
122
127
127
129
131
121
126
129
127
120
123
133
125
120
113
123
123
128
128
120
122
120
130
130
129
129
129
129
129
133
136
131
128
131
134
123
129
130
134
137
129
119
118
129
120
135
130
125
123
131
128
117
125
119
129
133
137
127
120
123
133
143
130
127
134
132
145
146
133
137
131
140
144
130
127
129
121
137
132
137
128
130
127
144
132
132
126
132
130
132
135
132
134
133
128
131
129
129
131
125
133
132
128
124
122
129
127
126
134
133
123
135
126
127
130
121
119
125
125
121
124
128
135
120
128
128
131
127
126
124
123
133
125
124
120
121
116
117
116
128
115
113
119
129
125
119
118
119
120
124
121
127
114
117
126
122
117
126
116
114
120
124
121
111
115
115
117
114
125
126
125
108
117
119
140
145
158
172
151
187
198
201
211
219
236
236
229
228
230
241
231
197
238
238
226
228
187
187
171
155
149
141
134
163
118
112
130
122
126
123
130
127
128
127
130
131
126
127
135
123
131
126
122
120
120
118
123
128
129
127
125
120
110
129
125
120
130
124
124
127
121
128
123
127
125
124
111
120
124
120
126
121
127
129
129
128
126
128
122
132
134
131
129
131
131
130
132
123
118
125
131
135
122
131
127
122
121
126
124
128
130
134
133
121
114
117
122
141
120
114
122
135
133
133
135
129
123
129
142
121
134
132
135
130
132
135
134
135
131
138
134
129
133
138
138
134
129
139
144
135
128
144
139
138
139
135
145
126
139
133
131
130
128
133
127
133
135
136
130
129
135
123
126
132
138
126
127
124
139
136
136
124
137
135
133
138
129
123
124
129
126
131
133
130
137
135
131
140
133
132
128
130
133
126
129
136
135
139
133
136
135
138
133
130
130
119
127
127
120
124
127
126
130
128
132
131
125
132
125
130
125
125
125
124
140
138
135
132
131
132
144
125
131
122
123
130
119
122
125
124
127
124
123
126
132
130
114
120
119
128
115
130
129
128
121
124
123
126
134
128
131
129
125
128
127
124
135
125
125
128
131
125
126
123
128
136
124
116
121
123
134
125
127
124
121
133
127
125
125
122
138
128
134
127
119
131
129
130
133
136
123
126
126
138
129
137
129
125
134
126
130
125
134
134
124
137
135
130
123
148
144
138
134
136
131
133
144
134
133
127
136
134
124
127
136
142
130
130
127
132
134
134
140
132
135
141
137
131
125
131
133
125
120
122
124
120
122
125
133
129
135
130
125
132
121
121
123
130
122
119
125
119
121
120
126
124
119
123
120
120
127
125
127
128
120
128
128
129
126
124
131
127
119
122
120
121
121
122
120
109
113
110
112
115
122
125
127
120
116
113
124
123
144
167
158
205
189
198
166
200
198
186
182
195
163
177
193
163
198
182
178
195
172
188
196
177
168
172
125
143
128
118
109
114
126
117
118
126
125
127
125
130
120
132
128
122
128
125
118
123
123
130
123
121
129
125
122
127
114
126
121
119
126
123
120
122
116
129
122
135
124
122
118
119
119
125
125
124
131
121
122
122
130
134
124
122
123
127
122
127
125
125
126
130
118
123
129
132
124
122
121
121
118
131
124
125
129
124
124
129
120
118
138
132
123
124
129
134
131
139
147
118
123
139
129
117
124
122
132
127
128
128
126
135
127
132
134
128
130
145
139
144
136
137
150
132
130
140
136
133
138
132
126
123
130
131
130
130
131
134
126
133
136
138
135
128
137
134
135
138
139
122
131
129
144
138
131
129
137
137
139
131
124
122
120
124
129
131
125
127
133
136
129
132
132
131
123
133
135
128
126
134
129
132
135
133
140
144
136
134
132
133
134
128
127
135
127
134
132
128
131
131
125
131
125
135
128
134
132
126
138
138
136
131
132
134
138
122
130
123
125
129
116
120
121
121
124
118
124
124
123
123
115
114
111
115
120
128
130
128
124
119
122
125
125
125
125
127
121
122
124
117
130
126
126
129
127
130
132
118
126
140
120
119
124
126
137
128
125
127
119
125
127
125
126
125
128
130
135
129
128
132
127
125
133
135
123
128
128
133
129
135
134
125
130
119
132
124
135
130
126
129
135
130
126
138
149
135
133
138
134
140
143
136
131
132
134
138
135
129
135
146
133
130
138
132
133
143
140
136
145
140
147
133
125
129
139
133
126
122
129
122
121
123
124
128
131
134
123
131
120
124
124
125
121
120
125
122
125
126
128
123
124
124
122
122
129
128
129
124
131
129
130
125
125
124
128
128
121
123
114
125
127
122
120
120
121
110
112
128
122
124
122
124
119
115
122
123
133
147
130
169
153
156
133
152
150
137
137
158
131
137
153
139
150
147
140
154
140
145
158
161
153
179
154
153
180
174
176
144
137
117
113
124
121
131
123
130
122
135
127
125
124
124
125
128
135
130
127
125
131
129
122
134
120
126
126
122
124
128
120
122
125
130
127
130
125
121
125
123
122
127
125
123
128
119
121
122
130
126
121
121
117
118
116
119
118
120
114
118
115
120
124
126
121
122
122
123
122
121
123
124
127
125
120
128
127
122
139
126
125
127
129
129
129
135
141
121
130
143
126
125
122
124
132
125
128
131
131
134
124
127
126
127
129
143
138
146
142
138
142
132
136
130
123
126
131
121
104
125
125
126
132
131
134
128
126
128
128
130
133
131
137
135
134
135
134
126
140
128
137
134
127
132
130
137
141
132
125
126
120
120
128
129
120
123
127
134
131
130
133
130
129
130
134
128
127
124
128
129
135
125
137
139
136
134
131
142
136
133
133
137
133
136
131
131
131
132
130
132
127
134
134
135
136
134
133
135
142
136
137
133
125
128
134
126
130
128
118
124
122
123
126
116
121
121
113
118
123
113
107
109
125
120
128
129
124
118
120
126
122
121
117
121
119
120
126
119
125
128
131
133
126
135
136
122
125
132
121
129
127
134
135
127
129
131
120
117
124
128
128
125
122
124
130
128
129
129
128
126
133
130
135
139
132
133
127
130
134
123
128
120
128
126
131
132
134
128
133
130
129
137
145
133
132
133
135
142
141
135
128
138
136
137
143
134
138
140
139
134
145
130
133
143
138
136
142
141
146
139
136
131
141
133
127
129
127
123
123
123
120
125
124
135
126
127
127
132
125
127
122
128
124
123
131
131
126
123
124
120
125
122
128
129
129
122
132
130
129
127
125
124
131
129
125
127
112
127
132
127
124
129
125
117
120
133
126
120
120
119
119
117
124
123
121
131
119
126
127
122
118
125
126
123
128
134
126
125
133
127
122
139
129
136
129
113
123
134
131
140
143
136
159
159
180
144
139
121
119
125
118
128
127
128
125
131
131
130
124
121
127
126
138
125
127
125
128
127
126
131
122
124
129
124
124
130
125
126
125
126
130
127
125
120
126
130
125
126
122
124
121
118
126
125
127
117
123
121
116
119
114
113
112
116
110
108
117
127
117
122
120
119
124
123
117
115
121
122
127
126
118
124
126
121
129
126
125
124
123
125
132
131
130
136
138
147
135
132
131
135
133
131
133
138
139
137
131
133
125
130
131
133
137
138
136
138
134
135
136
127
124
132
124
121
103
131
128
125
133
133
127
122
129
131
123
127
131
137
136
130
126
126
129
126
140
127
133
131
125
128
139
133
140
135
127
127
127
128
127
126
122
125
127
134
135
132
129
132
137
127
131
123
124
117
127
124
131
123
129
126
136
134
130
141
133
135
134
135
136
133
131
139
134
129
134
134
132
133
140
130
139
138
133
137
145
140
139
133
127
135
136
128
133
127
127
129
125
126
136
125
122
119
116
119
125
114
113
122
124
120
131
128
124
123
117
129
124
123
116
120
125
122
127
128
124
130
131
134
129
138
133
125
127
117
121
132
127
134
131
120
130
131
128
121
122
128
128
123
124
121
122
124
124
126
126
124
129
128
139
144
131
130
127
128
132
121
126
132
128
135
130
136
132
132
130
128
135
141
142
133
132
128
135
140
139
132
129
139
146
136
135
136
141
139
140
133
141
133
132
139
141
135
132
139
137
139
144
140
136
131
132
133
120
127
129
128
123
126
122
131
126
124
128
134
125
127
120
123
123
122
130
127
120
122
124
121
128
120
125
127
128
125
129
132
126
130
128
122
133
129
126
125
123
127
131
135
129
124
124
122
125
132
129
120
124
119
117
124
127
121
117
129
126
116
122
118
121
123
120
123
124
115
114
117
128
121
119
131
124
129
132
119
119
123
126
118
119
116
118
116
126
121
132
127
127
125
123
125
127
123
126
124
131
131
125
116
124
127
131
122
122
121
127
124
127
128
121
121
126
124
121
126
124
126
119
122
126
128
122
118
127
128
118
126
118
122
123
124
127
125
123
120
124
123
115
119
116
116
116
123
112
113
119
133
112
113
128
115
120
122
117
115
119
118
128
120
113
118
122
116
119
123
119
123
124
125
134
133
132
142
140
151
132
133
136
135
134
137
137
139
138
138
137
135
130
135
128
131
138
136
130
135
136
136
131
126
132
137
124
134
121
138
135
133
133
135
121
125
133
135
128
139
134
138
134
128
126
121
126
127
129
127
131
131
124
127
150
125
138
132
126
131
136
136
130
127
128
134
131
132
136
130
131
136
139
122
132
128
125
121
129
124
125
122
127
117
130
134
131
137
132
134
137
138
138
135
133
143
139
130
135
132
141
136
138
130
138
135
133
146
143
138
140
138
143
138
136
127
136
130
136
132
130
131
144
130
131
125
125
117
124
120
125
133
117
126
135
127
128
123
119
127
124
128
118
128
133
131
128
132
127
131
127
126
135
133
127
120
128
115
119
123
121
128
129
120
125
128
132
125
124
120
127
122
121
125
120
121
124
122
121
119
124
128
130
137
133
126
129
130
132
128
127
138
136
140
130
133
120
135
133
130
139
134
139
130
132
128
135
138
133
129
129
142
148
137
125
134
143
138
134
126
135
138
125
137
137
130
131
131
126
136
139
144
132
132
142
133
123
135
132
135
131
128
123
130
127
122
121
128
123
122
117
110
123
120
122
117
116
122
125
125
127
124
125
124
128
127
130
132
121
124
129
124
128
126
123
118
130
125
126
136
131
117
124
124
127
134
130
123
127
128
116
128
125
119
119
125
124
121
120
123
131
121
122
123
116
112
107
108
124
120
124
125
118
121
125
127
115
119
121
124
118
117
127
123
119
124
125
128
129
118
129
127
120
122
126
123
130
128
125
118
122
132
129
121
121
121
131
122
124
130
118
119
122
119
117
119
118
120
116
123
123
125
118
115
126
117
110
123
119
119
128
131
123
119
122
124
121
126
114
113
118
123
127
131
117
122
116
128
115
108
135
119
116
122
126
119
119
114
126
119
110
113
122
118
117
118
117
126
124
124
132
132
134
134
139
143
124
134
130
129
141
141
134
136
136
133
130
131
132
136
128
139
136
136
138
138
140
134
127
123
136
122
130
140
140
138
134
136
134
131
132
132
133
133
139
148
130
130
134
128
133
128
124
129
126
132
124
134
132
134
133
118
125
127
130
138
137
129
126
129
130
133
135
132
137
126
144
136
137
117
142
142
138
134
141
135
124
119
129
120
123
130
129
135
136
134
139
138
142
139
133
134
138
137
135
129
143
139
129
136
130
130
131
144
139
130
144
143
143
143
134
133
140
141
134
137
139
140
140
130
135
137
130
117
131
132
136
133
119
123
133
130
132
120
127
128
123
125
122
133
130
143
133
128
132
130
132
118
129
123
123
113
120
123
123
124
119
121
130
127
125
126
121
119
128
119
125
121
119
123
125
122
123
121
119
119
125
127
125
129
136
129
133
130
129
134
129
128
133
132
130
131
120
141
139
138
132
121
133
129
137
130
130
131
127
130
124
142
131
131
125
133
146
122
125
123
129
136
125
129
120
125
129
124
121
134
133
139
133
135
140
139
136
136
131
137
135
126
124
136
132
124
122
127
120
122
117
110
124
120
119
117
122
121
122
124
125
125
130
129
129
130
124
128
118
118
130
134
126
123
125
117
124
121
121
129
131
127
126
128
131
133
130
122
130
133
121
125
120
118
120
119
130
124
119
125
126
124
124
117
115
119
110
104
114
118
111
122
115
116
124
119
118
124
117
121
117
106
123
131
139
140
117
124
121
116
126
123
119
127
120
131
133
125
129
126
122
130
132
122
127
123
123
116
120
122
117
119
118
113
121
113
117
116
110
124
123
116
114
117
117
112
115
118
124
124
120
122
120
118
126
116
121
118
113
116
122
128
130
123
124
127
121
126
127
119
132
127
120
120
122
129
124
113
120
128
121
118
126
131
124
120
126
126
113
117
135
132
123
137
129
148
137
136
124
125
140
143
134
136
132
120
126
135
144
135
137
140
142
133
137
140
134
136
126
130
148
132
138
140
141
128
129
133
127
132
138
126
134
137
134
135
128
134
136
138
127
123
133
127
127
144
136
135
135
139
128
125
125
131
135
140
139
130
129
138
136
135
133
139
135
124
136
139
137
141
146
139
135
138
144
134
124
132
131
139
122
126
128
142
151
134
134
127
134
134
131
131
136
130
129
134
134
133
133
125
131
134
138
134
135
131
145
146
139
142
137
145
135
136
129
157
144
128
138
130
139
145
137
129
133
140
134
125
125
137
146
132
139
132
132
133
129
126
125
127
130
133
141
127
133
131
135
111
118
125
120
113
115
119
120
133
120
114
113
126
130
122
121
140
122
118
119
119
119
115
132
127
122
116
132
128
124
122
125
125
131
133
141
131
133
139
135
130
132
134
131
145
136
130
131
133
135
126
134
131
138
140
126
127
128
141
126
131
113
120
125
134
124
118
120
118
115
127
123
123
125
124
126
127
122
122
134
142
136
137
126
133
138
125
134
140
118
130
130
143
135
128
125
135
120
124
117
114
125
129
122
133
114
126
124
124
126
129
132
134
126
132
123
130
125
125
128
127
122
121
134
126
129
123
127
135
134
132
131
133
129
135
128
128
132
127
127
128
121
121
114
125
125
120
131
124
128
140
125
115
119
119
116
113
116
115
115
117
121
121
127
117
124
119
120
125
132
117
126
127
125
134
118
127
119
125
120
111
120
123
116
127
125
124
131
132
127
127
121
117
123
111
115
114
110
116
117
120
114
116
133
119
111
117
109
125
123
117
113
118
113
121
118
113
119
120
124
125
123
120
128
116
124
125
116
130
130
129
128
119
125
132
133
131
125
121
125
131
125
124
119
131
132
126
121
132
137
125
120
127
126
121
125
126
126
121
122
135
131
131
135
139
127
130
138
132
133
127
126
127
125
120
118
135
123
117
131
137
130
121
128
142
137
131
124
133
127
134
128
132
140
122
135
132
128
131
143
130
124
131
129
132
134
134
128
135
139
132
133
130
147
136
139
135
129
139
131
136
149
125
136
125
128
132
121
134
129
137
135
139
122
135
130
132
129
135
134
133
136
138
130
141
135
128
130
147
126
134
135
146
118
133
125
118
125
136
133
128
136
139
138
146
133
126
139
137
141
136
135
139
125
139
142
135
137
134
131
138
136
137
140
137
129
139
143
128
134
139
130
131
136
133
125
127
130
140
146
136
134
135
130
140
134
125
126
128
123
123
136
131
128
126
120
115
120
114
124
120
110
128
110
127
131
131
122
127
122
112
116
128
124
127
131
122
127
126
128
111
128
122
136
132
127
127
133
133
131
129
134
138
134
139
138
130
140
135
133
143
134
144
128
133
139
144
121
137
135
139
128
129
119
132
145
132
134
128
124
134
133
121
128
117
128
125
122
134
114
126
136
132
131
116
121
135
134
128
134
127
134
129
120
131
134
130
142
145
134
127
124
129
129
123
134
129
135
124
125
146
117
138
129
124
123
132
130
131
127
120
147
134
129
128
129
138
123
129
131
128
129
124
134
132
130
122
124
127
124
128
127
131
130
128
119
127
122
130
128
128
123
131
126
124
129
128
124
129
131
130
123
122
125
118
118
119
123
124
134
132
124
125
131
133
134
123
125
123
127
129
131
127
132
128
127
129
125
130
121
114
124
123
118
103
112
117
131
114
116
108
110
114
105
121
113
112
118
117
113
123
118
125
116
112
116
123
117
117
111
123
115
118
119
112
114
112
126
119
118
119
121
127
122
125
126
123
123
125
124
128
137
136
133
123
128
132
124
126
122
118
132
128
119
123
129
123
122
127
126
125
126
129
130
133
125
136
136
136
127
124
113
120
134
143
120
119
129
128
146
126
127
131
133
136
133
135
140
130
129
152
133
128
128
133
132
141
131
136
142
141
140
140
130
130
129
130
134
158
140
131
132
131
124
126
142
139
136
128
139
137
142
144
142
147
135
134
141
144
129
118
120
124
128
132
128
134
134
129
116
131
127
136
132
131
127
131
136
124
125
121
123
126
136
130
126
132
127
135
129
138
134
136
140
129
135
132
135
125
156
144
137
145
138
136
139
142
133
132
144
138
132
141
135
134
132
133
133
134
132
140
131
131
137
133
134
128
114
118
136
147
128
126
130
134
129
135
128
143
135
142
136
133
147
137
129
129
128
125
126
129
130
132
135
137
135
122
135
139
118
130
130
129
127
128
132
126
124
135
125
134
129
130
130
130
128
123
123
123
124
139
143
128
132
126
127
127
129
133
135
136
135
143
132
130
127
132
135
130
136
135
129
139
139
131
127
136
140
131
132
133
131
132
142
129
131
136
136
118
127
125
135
136
148
127
121
136
133
140
126
127
125
132
130
127
131
131
131
125
126
133
136
130
148
139
130
133
131
128
124
123
141
113
140
137
121
138
140
128
133
123
102
128
122
130
137
148
140
134
131
131
129
125
126
126
125
133
123
123
124
129
134
128
126
124
131
126
135
131
128
136
120
122
125
129
137
122
118
141
129
127
124
129
127
136
135
124
120
134
131
126
135
128
128
134
133
140
128
134
139
130
127
137
129
136
133
132
127
131
139
135
124
131
131
135
127
107
127
116
115
106
123
111
110
120
114
120
115
111
117
122
117
112
116
113
120
125
121
128
125
130
116
125
117
121
117
119
121
118
125
124
121
123
122
126
126
124
126
130
129
126
130
125
120
120
118
110
126
130
123
126
128
127
132
134
128
127
127
121
115
123
122
128
117
120
125
122
118
123
127
125
128
126
133
136
133
126
122
131
129
129
117
120
132
128
137
123
136
129
137
125
132
131
130
139
126
141
139
139
139
126
131
133
135
139
138
143
140
135
131
138
133
139
137
143
129
127
131
132
133
134
135
131
131
135
132
131
134
140
135
128
130
135
128
132
126
127
121
131
133
123
122
128
131
134
131
129
127
126
133
103
117
126
125
116
118
110
114
120
120
137
125
125
127
118
127
125
132
140
123
122
124
124
126
116
134
145
145
134
130
129
131
135
132
135
141
133
133
143
137
138
132
136
133
137
134
137
132
127
139
134
126
135
119
120
127
133
139
123
129
124
122
121
131
153
134
133
128
121
136
141
130
135
133
131
135
134
134
143
134
138
133
133
148
133
141
136
133
133
130
129
136
126
133
134
125
129
133
127
131
132
131
134
129
147
130
129
132
121
138
136
137
130
129
127
120
132
141
134
130
131
139
144
137
133
137
133
134
138
130
130
129
132
140
150
140
148
134
136
137
131
135
133
151
126
130
129
134
131
133
129
138
140
141
131
134
141
135
138
135
141
132
130
118
137
131
136
141
144
136
144
136
134
134
133
128
133
138
137
146
141
132
137
135
133
141
134
113
123
129
137
127
141
130
125
127
127
117
123
123
113
116
129
120
124
124
127
130
121
123
114
124
121
127
126
121
124
128
123
125
131
127
120
124
133
128
120
115
122
122
128
131
133
128
131
130
127
125
139
131
130
131
136
129
132
130
128
135
127
125
133
130
131
130
128
131
132
123
123
131
132
133
122
132
123
118
115
130
117
108
118
120
124
116
118
121
122
130
120
120
119
130
121
121
127
135
131
123
128
120
124
129
128
125
125
129
125
128
122
121
127
114
124
124
124
128
124
127
120
115
116
119
117
128
125
115
119
122
126
120
121
126
132
116
117
120
121
100
135
124
120
124
121
118
119
121
118
129
133
132
137
137
134
134
123
121
120
120
121
123
138
132
125
137
134
136
124
134
129
128
137
128
142
139
142
135
137
132
128
135
128
123
140
136
132
128
141
127
135
134
123
134
140
134
139
137
129
140
132
131
127
133
135
134
134
146
118
127
134
130
123
133
132
113
119
132
123
123
134
134
136
124
135
137
134
127
108
123
120
113
122
119
113
114
117
120
123
125
123
123
117
118
120
124
129
115
118
125
124
121
119
128
132
137
144
136
126
132
132
137
135
134
132
133
132
130
132
133
132
135
138
134
137
134
130
134
130
128
130
121
126
124
132
149
124
122
121
121
121
135
140
134
132
126
121
133
132
127
135
131
132
127
143
136
132
129
126
127
133
138
135
141
141
140
134
132
131
137
135
133
133
128
130
131
137
141
131
130
133
133
141
130
127
126
127
134
138
138
123
121
128
129
136
136
133
132
129
132
141
146
127
130
136
144
133
133
140
128
137
136
143
144
138
138
126
139
140
135
130
144
126
129
131
128
142
133
126
132
131
135
136
135
135
138
127
134
135
134
141
135
137
135
135
141
142
136
135
134
140
135
128
134
139
135
153
143
135
138
130
140
137
138
134
126
128
125
125
128
135
132
120
124
127
131
106
104
118
114
121
135
118
125
128
126
121
123
116
122
122
132
125
125
128
131
130
128
130
123
120
134
137
130
128
126
130
125
132
131
129
128
127
123
130
126
133
125
129
124
133
136
124
129
126
133
119
119
127
131
128
126
127
126
131
124
129
129
126
130
130
126
128
128
123
128
134
123
130
132
124
127
126
127
131
126
133
131
126
122
128
130
124
128
135
120
127
127
125
120
127
127
127
126
124
126
122
126
124
120
119
117
124
123
127
127
121
114
121
118
123
127
124
122
116
121
125
129
120
118
126
122
122
122
127
108
126
119
126
122
119
117
116
123
128
131
135
131
136
126
128
127
117
123
124
118
134
135
142
134
131
137
133
128
129
136
135
135
138
142
134
131
130
131
134
132
127
120
117
121
138
127
128
128
135
127
136
136
121
129
142
130
139
135
128
135
131
137
132
131
136
131
137
145
122
131
133
130
128
139
131
121
123
123
124
126
134
128
123
124
137
137
135
125
125
131
128
118
128
130
120
122
123
122
115
129
122
121
123
118
126
125
123
115
125
129
126
127
129
134
130
136
142
141
127
131
135
134
133
132
131
128
126
130
127
136
133
137
138
137
138
137
134
126
131
129
131
128
129
132
135
145
134
126
121
124
132
141
139
138
139
127
125
131
131
127
135
130
125
126
136
131
131
133
130
128
134
135
134
136
135
137
130
140
135
130
134
135
136
127
132
130
141
142
136
127
128
134
129
130
128
124
135
128
133
135
125
129
134
137
140
136
135
132
131
131
135
148
135
134
137
142
127
132
141
133
139
129
128
140
138
135
121
144
137
137
134
133
126
126
125
127
140
132
120
120
126
129
135
136
134
136
128
130
126
135
147
146
140
140
134
137
139
136
134
131
138
133
125
131
137
131
142
146
136
140
128
139
144
140
136
130
133
123
124
131
131
128
127
135
129
137
125
98
118
126
125
141
126
124
130
127
125
124
126
125
130
132
133
130
133
129
129
131
133
130
122
136
140
134
133
133
139
123
129
127
126
130
133
124
131
127
130
128
134
129
132
131
125
128
129
127
122
124
123
129
127
133
131
122
126
127
136
130
127
130
137
124
124
132
130
129
138
131
137
132
126
135
130
132
135
130
135
139
137
128
128
138
130
128
139
124
124
127
133
122
122
128
140
128
127
124
125
127
127
130
115
117
128
128
126
126
118
119
122
120
123
124
121
117
113
122
123
129
122
124
126
123
124
123
125
121
124
118
124
114
119
119
117
124
123
128
129
129
130
123
125
122
121
135
138
127
137
139
137
132
136
137
134
133
137
136
139
140
149
155
143
132
126
139
131
131
128
117
120
127
139
120
126
130
132
136
136
138
135
127
145
133
139
136
134
128
139
141
139
134
134
131
138
141
134
133
131
132
140
138
134
136
133
122
123
121
128
122
116
129
134
133
134
131
139
138
143
133
131
130
127
135
129
130
122
138
127
120
116
120
135
133
123
125
128
130
136
133
132
132
130
137
143
141
128
127
137
132
142
138
130
127
126
127
132
137
133
134
134
134
134
130
132
125
131
131
128
128
125
131
138
132
128
134
127
127
135
140
142
145
139
135
128
127
132
136
133
143
131
124
135
130
139
137
137
133
136
136
128
135
128
130
131
136
142
128
129
135
137
130
133
133
136
140
138
131
129
131
124
130
134
125
138
125
130
132
127
131
139
135
139
141
134
131
130
133
131
139
140
135
133
136
124
123
137
133
137
132
127
134
139
132
123
134
131
134
137
133
124
125
127
132
134
133
125
120
122
125
126
130
139
138
130
127
133
136
141
143
139
136
132
132
133
135
134
133
134
128
124
129
133
128
133
145
132
132
134
141
147
142
137
132
129
127
131
131
134
133
128
136
128
134
145
113
127
141
129
127
130
129
134
130
129
128
130
133
140
131
143
139
141
126
133
137
138
133
126
132
138
139
136
134
137
129
129
128
130
137
138
129
133
128
130
132
132
130
132
124
129
128
129
128
127
128
121
122
123
133
133
122
125
126
132
135
130
134
136
130
133
130
133
136
133
131
136
129
115
135
130
128
132
133
130
135
139
137
128
135
135
131
137
129
123
126
133
130
131
122
137
126
128
126
127
127
128
129
120
122
131
129
129
126
117
123
129
124
124
126
122
120
118
127
119
126
129
129
126
124
124
125
126
127
127
129
123
107
113
119
122
128
123
127
126
128
134
125
127
126
129
142
140
136
129
135
133
132
133
134
138
140
130
140
134
138
153
144
153
140
131
141
138
130
132
127
131
133
134
122
132
130
133
143
135
135
141
135
142
135
140
136
133
133
147
143
137
138
135
135
136
131
133
131
123
139
140
134
137
139
133
127
126
121
126
125
128
130
131
128
127
131
141
139
142
143
132
127
132
138
130
130
131
134
130
125
115
124
137
137
125
133
130
132
136
134
128
128
126
131
137
138
124
126
131
123
140
142
127
129
127
126
132
126
128
129
127
123
131
124
127
129
131
133
128
126
125
126
138
125
126
136
133
135
132
136
142
149
135
142
126
123
135
140
134
146
141
127
141
134
140
142
134
133
135
134
131
131
130
126
124
130
143
133
132
136
133
132
133
133
128
139
135
140
133
131
114
126
136
123
138
127
130
130
132
127
139
134
136
141
136
132
128
134
129
127
147
133
129
134
121
121
131
134
136
141
132
131
132
130
124
127
131
131
135
136
121
125
131
133
132
128
131
128
122
127
128
127
139
139
130
128
140
137
140
135
134
131
134
135
123
133
133
132
135
126
125
125
127
126
127
131
133
123
135
139
141
137
133
135
130
130
129
132
138
139
129
134
133
132
141
128
135
144
139
125
131
133
134
129
131
130
129
136
139
133
141
137
147
130
135
143
136
139
142
127
132
138
137
136
131
135
133
133
134
136
134
128
132
133
126
134
127
126
128
122
126
128
132
139
132
129
126
120
121
126
127
125
128
123
131
138
130
132
128
133
147
130
131
132
126
128
133
134
116
126
127
121
132
137
126
129
134
135
130
130
133
135
135
128
124
128
130
131
133
125
130
123
130
132
133
128
128
126
135
123
131
128
134
128
121
123
135
129
127
128
127
131
127
134
126
128
133
127
130
130
128
125
129
129
129
141
128
116
116
118
128
130
131
135
129
130
140
130
133
127
134
144
132
134
127
142
132
142
127
134
146
137
121
145
125
143
146
126
143
141
132
131
138
121
133
134
134
133
122
129
135
133
135
139
129
128
131
138
133
131
135
132
125
136
138
138
132
136
135
135
133
123
120
129
118
144
132
134
134
135
132
135
135
132
132
129
136
124
130
125
117
124
135
135
130
137
135
132
135
133
130
125
129
126
130
132
125
132
137
136
128
132
132
134
123
134
127
126
120
121
123
129
122
128
126
115
124
134
124
126
132
129
127
115
126
126
125
116
132
126
127
133
129
134
134
130
133
128
136
130
139
131
136
142
133
134
142
144
132
137
122
125
137
134
136
133
136
135
142
137
137
143
129
133
132
129
139
130
137
129
117
135
136
134
138
138
130
129
131
129
129
136
134
142
135
136
116
121
130
123
136
131
128
130
138
124
136
135
134
132
134
135
129
136
131
126
146
133
128
134
122
126
129
139
134
139
133
130
126
130
123
131
136
129
131
133
123
127
130
131
134
127
134
132
129
132
136
133
134
133
131
130
138
134
146
131
132
130
136
140
120
132
130
130
136
129
127
122
123
123
118
125
136
123
131
133
132
130
131
138
141
133
127
134
134
136
136
137
139
130
130
137
135
139
144
132
133
131
127
128
131
127
129
133
131
132
129
127
141
133
125
141
130
143
150
129
124
129
134
136
127
131
130
133
136
126
124
120
125
131
120
129
122
125
121
124
117
125
134
144
137
133
131
126
123
124
121
127
130
122
142
139
131
128
129
133
143
137
131
128
125
130
134
134
131
119
123
119
134
141
125
130
134
129
128
131
130
138
136
129
128
132
130
133
128
136
136
128
129
140
137
130
131
129
141
127
129
128
136
131
125
127
132
133
128
127
129
135
128
135
134
129
130
126
131
132
131
127
126
131
131
142
132
133
126
125
130
128
135
144
132
135
130
138
138
126
140
146
134
133
135
147
134
152
128
141
152
139
138
144
124
157
141
128
130
132
134
136
127
113
129
131
127
128
118
131
130
137
131
130
117
119
122
132
133
131
127
130
125
127
122
125
129
126
127
135
134
130
122
126
127
140
135
135
128
137
137
144
141
138
137
127
124
122
135
123
115
122
134
135
127
125
133
134
130
137
133
131
123
135
129
129
131
139
138
137
135
128
129
129
121
132
132
125
118
118
125
120
129
129
126
126
124
124
124
122
141
125
132
125
125
126
128
125
133
126
131
134
127
135
134
130
140
135
136
138
136
129
139
140
136
133
140
136
130
129
123
136
132
133
131
129
127
135
140
138
143
132
131
139
130
123
136
143
137
134
130
138
131
128
133
137
132
127
133
129
138
132
136
135
136
135
138
128
129
129
132
131
127
136
131
126
138
131
128
125
128
129
131
140
134
132
123
133
127
130
124
125
131
138
126
127
131
128
129
134
122
131
138
122
125
130
136
133
133
130
140
141
140
131
134
134
132
137
132
129
134
133
141
133
137
132
133
130
133
134
132
133
126
135
130
134
134
129
123
121
120
144
128
124
132
135
131
127
132
139
145
136
134
135
129
135
139
136
138
126
135
147
136
136
132
125
131
125
122
132
130
124
125
129
128
125
127
129
131
127
120
139
131
133
130
133
117
124
126
129
122
126
122
125
135
121
117
114
118
114
115
116
114
120
123
129
110
123
126
128
134
136
127
129
123
128
125
126
130
124
142
136
130
131
136
137
130
139
140
142
132
133
135
116
125
123
123
125
136
138
131
133
142
132
125
131
132
136
134
133
133
134
127
143
143
132
139
135
122
138
134
131
137
132
129
137
125
123
134
135
127
134
128
133
129
126
126
130
121
127
122
126
123
129
115
126
130
135
122
130
134
132
128
132
125
136
130
125
131
144
138
145
130
130
130
131
140
141
143
135
134
127
143
140
127
141
142
138
151
132
138
147
137
133
135
128
136
146
143
142
145
130
129
129
126
136
136
122
114
126
118
119
126
138
131
134
124
136
133
126
126
122
125
122
118
142
141
131
132
133
137
126
133
132
123
129
133
142
132
135
133
124
135
131
147
121
110
113
125
131
125
122
123
124
113
132
132
129
128
128
125
131
139
133
129
129
130
124
128
132
129
126
129
134
123
133
127
127
138
126
125
126
126
135
123
129
132
117
138
127
126
121
134
135
137
127
132
127
141
143
130
130
143
136
142
139
129
128
138
141
141
139
132
136
138
127
131
146
128
139
128
134
136
126
125
128
140
126
131
145
139
135
126
137
133
123
133
127
138
133
129
138
133
132
136
130
144
132
131
131
130
121
123
145
134
118
126
132
134
137
124
140
131
134
126
123
147
115
133
139
131
119
130
129
124
126
121
125
132
135
121
122
126
129
131
126
125
128
133
127
123
134
140
139
133
131
149
137
136
127
137
139
139
139
132
125
135
138
133
141
127
133
135
137
142
131
140
129
130
129
127
134
143
129
129
125
139
156
127
121
134
133
123
132
132
142
138
131
135
132
137
131
132
144
142
133
137
136
129
127
130
143
130
122
125
133
127
123
124
125
112
125
127
131
138
131
131
149
133
126
123
115
118
124
117
118
116
125
127
112
128
126
117
113
116
109
111
112
111
108
125
126
107
125
123
118
128
128
126
125
123
126
121
122
132
123
115
123
122
127
123
134
136
134
136
140
127
126
135
121
116
129
128
132
137
136
139
130
150
138
132
129
131
132
133
131
128
129
129
145
152
125
135
137
121
132
140
128
137
133
145
137
121
123
137
144
127
127
123
130
126
116
122
123
119
125
119
119
121
124
111
125
126
125
118
125
133
128
118
124
125
132
128
127
127
150
133
134
138
136
135
151
129
139
148
135
131
129
137
137
141
144
149
150
146
134
139
152
143
135
131
141
145
139
139
139
125
128
132
140
127
136
133
121
147
122
121
123
122
122
122
127
140
132
114
124
126
122
115
130
121
133
145
141
139
124
139
138
117
140
117
130
132
134
147
133
129
126
136
125
123
127
110
119
117
115
121
115
116
131
119
132
137
119
128
138
122
131
144
126
135
123
133
125
133
135
129
125
127
125
125
135
125
131
122
126
128
128
126
136
133
132
127
137
136
134
137
143
136
129
136
130
138
120
128
133
131
137
133
134
143
135
145
136
137
146
143
134
127
127
130
131
137
137
134
127
128
147
142
127
125
134
127
134
131
137
136
152
121
130
127
130
142
134
145
138
127
131
140
139
130
128
130
138
133
130
127
123
121
142
132
128
121
137
139
133
138
133
127
127
129
127
144
124
128
124
136
134
132
126
131
129
132
119
133
131
126
117
123
127
124
117
126
129
133
139
134
127
138
139
133
136
136
136
138
130
132
128
136
139
132
122
136
135
132
143
138
130
122
134
134
133
147
136
130
138
140
128
141
122
126
138
137
128
135
133
126
131
128
138
138
135
144
143
135
126
137
124
132
136
130
134
135
126
123
118
139
127
125
123
121
128
127
134
120
124
102
130
120
123
135
134
108
149
126
117
135
107
112
121
112
118
124
130
124
122
117
121
113
116
114
120
106
116
103
109
112
101
109
119
128
125
125
123
125
133
130
118
114
113
119
124
117
116
116
122
127
142
139
142
134
144
136
127
136
143
138
132
131
128
127
126
129
133
138
131
133
124
128
125
132
133
127
130
134
135
131
132
135
133
135
134
134
130
134
131
147
137
128
128
127
127
125
124
124
128
135
121
121
120
115
118
127
121
113
116
132
123
124
121
113
120
129
118
112
122
118
119
124
130
124
143
135
134
143
138
156
151
136
139
138
142
141
133
140
143
119
150
144
151
134
135
144
152
135
139
124
146
139
140
150
119
132
129
129
149
125
138
125
146
150
123
130
124
122
114
123
146
142
120
112
121
120
134
131
117
125
131
127
131
136
123
135
137
122
142
131
139
132
143
126
133
139
125
131
127
129
148
137
128
122
133
118
121
113
122
135
139
129
129
120
145
130
145
133
140
141
120
123
147
139
130
143
138
140
123
121
124
125
125
122
124
126
126
146
129
125
131
127
126
127
128
136
132
125
128
122
131
133
133
139
130
139
144
124
136
130
128
131
133
125
134
133
133
131
127
133
130
132
121
124
131
135
129
125
122
109
112
127
138
116
127
146
143
134
142
140
147
142
127
130
127
129
135
142
138
135
144
126
132
134
133
136
121
126
134
131
134
115
125
121
125
129
130
133
126
127
123
127
126
128
122
139
138
117
126
132
121
126
109
125
130
129
126
125
120
121
125
123
122
130
135
129
131
133
138
142
127
131
134
138
136
134
141
134
128
138
131
140
128
133
134
134
138
133
131
129
126
130
147
133
134
127
134
138
137
129
144
135
116
132
125
124
138
132
134
134
132
135
133
134
130
141
141
132
125
134
130
136
135
132
133
139
132
134
128
134
143
138
131
129
119
128
130
127
125
126
131
150
128
128
118
130
128
115
120
123
133
140
123
123
128
111
122
122
131
123
123
120
120
106
119
117
100
108
116
124
122
125
119
131
133
134
128
130
126
116
115
115
111
112
127
125
129
125
138
125
131
127
127
132
121
130
127
126
132
126
128
132
129
128
119
123
133
129
136
134
131
125
130
127
144
139
141
128
132
135
132
119
130
132
131
131
124
119
126
131
117
123
123
134
134
132
110
119
131
128
126
123
127
114
112
118
122
121
128
124
133
128
123
115
112
122
122
124
127
122
140
129
133
138
158
140
144
135
136
137
142
147
127
134
138
125
147
140
144
133
136
135
140
137
132
131
143
144
166
133
135
157
141
141
142
136
147
141
153
123
131
136
125
130
148
138
150
141
144
136
128
130
131
136
116
124
130
123
132
147
125
129
129
135
133
129
136
142
136
127
144
134
133
139
123
157
156
141
128
126
139
134
127
123
133
142
139
138
140
145
132
136
149
143
138
145
123
119
146
141
122
137
126
128
123
126
117
122
126
120
131
116
134
143
123
127
131
140
128
134
131
133
129
148
125
133
126
125
124
125
127
135
130
127
132
129
139
128
131
135
137
141
128
133
125
132
128
125
119
118
120
114
115
119
121
124
126
121
136
122
122
141
120
137
147
151
147
136
119
129
127
128
131
135
138
130
132
128
125
134
139
136
120
117
128
132
123
117
122
131
123
131
126
136
132
140
134
135
129
130
131
124
127
125
127
124
122
130
116
125
126
121
127
123
120
122
123
129
117
122
124
126
131
120
134
134
122
127
134
126
134
130
142
132
134
133
138
136
135
140
140
139
137
135
137
136
136
131
131
131
129
131
127
135
127
129
141
129
123
127
125
128
126
127
120
123
127
126
127
130
123
126
131
126
122
123
132
129
132
124
134
134
138
131
129
135
135
143
137
126
125
133
124
131
131
125
124
146
127
123
127
131
121
115
126
127
124
137
125
123
127
110
125
125
122
123
122
125
124
129
129
133
127
117
121
132
116
129
120
130
140
125
135
142
134
131
123
115
127
120
126
135
119
130
134
127
127
128
124
129
124
128
122
133
130
120
127
127
124
128
121
118
132
124
136
134
125
122
128
130
145
129
132
125
129
128
125
133
132
131
127
128
135
133
127
138
134
128
128
140
139
131
113
122
122
125
126
130
128
121
113
124
118
111
124
125
118
124
124
123
115
127
130
126
123
122
114
125
134
130
159
141
137
130
135
142
137
141
133
133
137
137
146
142
139
141
145
134
143
137
122
134
145
140
147
126
148
149
140
140
149
141
147
142
142
128
139
133
133
138
162
145
144
143
149
155
142
136
132
137
136
125
134
134
136
149
135
139
133
149
126
131
134
152
133
137
143
141
137
135
134
153
149
155
138
132
145
151
128
128
139
146
138
157
140
154
135
141
147
135
129
146
135
127
140
136
128
131
141
134
136
130
119
122
123
140
133
117
144
129
130
124
138
145
134
133
138
137
143
152
137
133
133
133
125
127
138
134
124
126
125
130
132
126
118
125
139
137
125
137
123
129
132
135
116
113
122
112
115
110
114
108
115
123
137
128
133
134
126
134
141
140
141
131
117
126
126
129
127
126
132
129
129
133
125
124
134
128
128
124
126
131
127
126
127
132
123
137
136
139
137
136
130
130
135
131
127
125
139
128
131
131
129
141
122
125
121
116
132
129
125
123
128
123
121
118
126
124
124
130
145
135
129
131
130
130
137
129
130
128
133
134
139
133
139
140
136
142
128
132
137
141
146
132
130
131
133
136
130
136
133
135
137
138
126
126
128
129
125
126
119
126
131
127
122
125
122
124
123
118
127
131
126
127
131
121
128
131
130
126
128
137
138
138
135
126
129
124
128
136
134
130
126
130
140
131
130
127
126
125
122
123
127
122
114
115
117
100
118
116
114
119
126
125
123
129
125
131
138
131
129
133
127
128
126
130
139
140
124
133
135
130
133
127
129
125
136
129
119
136
133
130
126
128
134
130
123
121
119
134
127
133
131
117
121
129
128
121
126
121
125
131
130
126
133
133
135
130
137
130
129
120
127
136
133
133
127
135
133
132
135
131
137
141
134
135
144
127
124
134
122
123
123
132
131
124
127
129
126
126
124
128
128
134
128
127
129
130
128
130
127
128
112
130
138
135
144
136
139
135
130
135
133
133
137
138
133
141
150
148
146
139
145
139
146
143
147
133
142
140
138
136
140
139
127
138
147
144
140
139
132
126
149
137
133
140
158
136
140
146
146
149
158
140
134
139
135
135
135
141
138
141
144
138
138
147
120
140
146
147
136
142
147
144
139
140
143
142
134
147
134
141
147
151
133
131
146
140
147
143
140
152
136
137
151
134
129
142
145
136
133
128
133
134
155
142
146
128
131
130
126
142
129
130
137
130
134
128
143
134
142
140
139
143
149
142
138
131
137
139
124
128
144
128
122
122
122
127
128
128
127
130
134
128
122
127
127
125
134
131
117
121
118
115
117
115
126
101
105
121
119
122
139
127
137
137
139
132
147
138
137
116
126
128
119
114
129
126
121
126
122
125
134
128
124
139
142
127
128
139
124
136
129
139
136
134
139
133
130
125
138
136
128
134
133
127
131
142
135
132
125
126
119
120
133
138
117
122
125
122
123
120
129
121
118
127
135
136
138
132
131
129
140
132
131
130
127
133
146
134
133
135
134
144
124
128
136
133
136
137
136
122
133
140
133
140
140
131
128
129
124
129
123
130
126
128
125
124
127
122
124
127
138
126
124
114
128
132
138
132
128
123
128
128
125
114
119
125
131
136
139
124
129
126
134
137
132
131
127
129
135
132
132
129
129
132
123
122
124
114
119
117
116
105
111
110
111
114
121
127
120
123
121
122
138
135
135
127
135
131
122
123
126
136
131
127
135
124
129
132
126
123
136
127
124
129
128
128
126
127
138
135
125
127
126
132
131
134
132
117
125
126
129
126
122
126
124
128
142
125
127
126
131
134
137
132
126
123
134
137
129
128
127
136
128
128
132
135
132
137
137
134
137
130
136
138
132
125
130
133
134
131
132
128
138
138
128
128
131
135
130
129
131
129
127
132
129
123
124
132
136
132
135
132
134
133
128
127
132
132
133
130
129
140
139
144
147
139
139
140
141
144
149
143
140
135
136
143
143
133
128
140
146
145
133
143
132
134
145
135
132
135
144
135
149
147
138
153
162
136
137
145
135
141
132
140
141
144
157
135
135
134
127
153
151
139
132
149
149
146
145
151
141
135
134
137
136
141
141
147
137
139
145
132
146
137
146
142
140
139
151
133
127
138
145
139
139
129
143
134
148
144
147
130
135
139
133
142
136
139
135
132
137
132
129
124
134
143
138
134
139
131
133
126
133
135
126
134
144
131
128
127
121
127
137
131
125
140
134
123
120
122
128
127
128
127
127
125
122
122
119
118
133
109
112
116
114
123
139
134
130
128
138
130
140
137
141
125
128
127
122
119
127
123
120
122
120
124
142
130
127
141
142
129
120
141
130
134
125
135
132
136
139
130
132
129
139
135
124
138
118
133
133
131
129
125
123
130
125
128
129
138
119
120
123
126
123
124
132
118
120
126
128
134
130
131
133
130
134
133
133
141
125
136
139
134
132
129
125
129
125
124
130
131
126
141
137
123
127
134
125
136
137
131
125
129
131
126
117
127
127
127
129
125
122
124
129
128
137
123
136
110
122
125
131
131
119
121
125
119
118
109
114
120
117
135
131
122
127
130
122
132
131
127
126
131
128
129
131
131
126
130
126
115
124
113
123
119
119
116
113
115
110
108
110
121
116
117
122
120
132
126
135
127
133
134
129
128
126
130
136
128
130
130
132
132
131
125
134
124
120
126
127
132
125
128
129
132
133
126
129
133
133
129
136
122
133
128
126
126
127
132
136
126
139
130
121
120
129
138
130
130
126
130
132
135
126
125
120
135
128
123
126
134
128
129
131
130
128
130
138
139
138
127
131
130
130
137
132
124
137
138
130
127
124
125
121
122
127
129
124
134
131
120
131
129
132
121
133
133
129
134
128
124
126
132
131
121
125
136
131
137
143
137
135
139
136
135
140
155
144
134
128
140
161
131
137
137
145
138
132
145
139
134
135
134
131
133
136
141
151
144
130
160
156
132
140
140
141
138
132
141
147
146
153
137
133
139
141
158
145
134
132
147
149
142
145
152
134
136
144
136
143
137
136
142
134
138
141
131
135
140
150
129
134
136
145
132
127
136
139
142
144
133
145
132
139
142
136
131
132
136
135
139
141
134
134
131
131
132
127
122
135
133
140
125
139
145
130
124
127
134
136
133
134
137
136
132
125
129
143
133
123
134
128
126
118
122
123
131
118
124
128
126
133
131
120
113
129
122
120
115
125
129
129
148
124
129
133
129
133
135
132
132
123
126
128
133
120
117
125
128
121
122
142
134
140
133
132
140
127
134
136
132
126
139
131
142
144
135
130
135
141
131
133
135
112
142
132
118
118
128
120
128
135
129
126
130
129
123
129
132
123
129
131
125
125
131
132
134
125
129
131
131
129
132
133
145
126
135
127
135
130
123
121
119
121
122
124
131
121
135
130
123
121
124
120
128
130
132
126
133
128
123
116
121
129
132
127
126
121
131
125
123
122
120
136
117
113
119
122
126
114
115
119
116
112
106
112
119
110
126
123
119
124
133
116
127
131
129
131
129
126
126
127
128
124
126
129
118
134
118
120
119
124
123
117
120
114
116
111
111
120
118
121
124
133
123
128
128
127
131
136
133
131
127
132
128
125
131
134
131
134
128
131
125
125
130
131
131
126
127
126
130
138
118
130
133
127
128
140
128
133
131
131
129
129
129
136
126
129
131
123
127
128
133
126
127
129
131
130
131
127
127
124
130
127
119
125
127
132
130
121
123
125
124
129
137
134
129
126
129
128
135
130
123
132
135
131
129
124
127
123
117
122
126
124
135
131
126
134
132
136
126
127
130
127
135
123
125
120
133
135
123
132
132
135
138
142
130
133
139
135
129
142
151
142
142
127
138
158
132
142
132
139
135
136
145
144
123
133
137
132
136
141
145
136
132
130
152
146
133
137
130
145
133
140
146
154
139
138
143
137
153
140
143
137
134
138
139
154
132
141
141
130
142
142
141
147
134
135
137
130
130
135
134
130
136
151
132
126
126
138
133
135
132
138
142
140
131
133
132
141
135
123
132
132
128
133
135
138
127
128
131
124
134
143
125
146
124
137
131
147
165
129
130
124
132
141
129
127
135
140
135
133
128
136
136
131
126
124
129
123
122
123
136
119
123
127
132
136
133
123
112
127
130
125
126
132
125
118
148
124
137
127
129
132
138
127
132
122
125
130
138
117
117
133
135
124
130
133
137
148
133
133
146
142
134
134
135
136
146
131
146
145
144
131
136
143
132
150
136
124
142
131
125
119
129
118
125
142
127
131
127
136
128
134
134
134
133
125
130
127
138
134
133
129
131
127
131
132
134
133
138
126
130
120
136
125
121
125
121
115
129
125
130
121
126
125
120
117
124
124
125
125
126
121
121
119
123
116
122
122
140
120
124
122
132
120
123
121
124
121
124
116
120
131
126
117
112
122
119
109
105
113
117
114
117
121
118
123
135
125
124
130
132
135
128
125
122
122
125
128
123
131
125
138
125
121
120
126
125
120
119
123
127
123
107
122
120
121
129
132
127
122
123
125
126
128
126
126
125
126
124
125
124
128
130
129
128
128
132
135
135
132
123
121
121
133
127
134
125
132
134
124
128
134
132
129
132
136
133
127
125
129
128
128
127
131
136
136
125
127
129
131
129
135
128
129
129
135
125
124
123
124
119
136
135
119
121
125
122
123
128
128
127
123
127
128
129
126
125
128
133
132
132
136
137
133
125
123
127
128
134
129
132
140
137
145
143
121
124
120
125
116
128
121
136
132
125
147
129
138
145
144
130
129
138
134
131
137
134
130
140
139
144
130
129
144
134
138
141
136
148
138
124
134
134
136
136
146
141
127
121
128
140
137
129
134
138
137
128
147
147
152
138
136
150
142
150
121
123
134
136
139
141
150
127
139
128
134
140
133
147
143
135
139
133
133
138
120
133
137
133
152
139
134
127
131
135
140
128
140
135
138
128
129
132
138
127
125
133
135
130
127
139
136
129
126
133
131
139
143
130
136
131
127
137
136
149
127
137
124
124
128
130
133
132
138
146
140
127
129
141
135
138
135
127
140
130
130
141
131
131
139
135
129
127
128
119
135
133
134
132
126
117
118
132
115
130
126
128
124
136
125
143
137
127
136
134
127
131
137
136
131
136
133
135
143
140
138
141
138
142
134
137
137
136
130
147
137
147
141
134
144
137
145
143
145
134
136
133
130
127
121
131
136
127
135
134
137
133
128
133
147
129
125
127
133
146
133
130
131
138
125
132
137
139
130
131
128
130
114
136
126
123
128
120
114
140
131
129
129
123
126
126
116
131
126
125
120
120
117
111
126
121
115
127
115
136
115
127
123
124
126
131
131
126
117
115
129
124
134
129
119
117
137
121
110
114
124
124
123
122
118
119
125
134
128
121
127
123
130
133
128
121
120
127
132
118
128
118
125
130
127
124
128
124
125
127
126
121
126
118
116
120
126
131
119
124
119
119
126
126
121
120
118
128
120
118
128
127
123
128
128
124
126
136
132
132
124
121
117
118
130
120
129
139
134
136
128
128
124
136
132
129
128
128
129
128
133
127
130
129
135
133
145
128
123
129
130
126
138
128
130
131
132
125
129
130
121
116
133
133
123
123
122
127
124
118
127
119
124
121
127
128
125
129
124
130
128
135
142
131
127
138
128
136
132
135
129
130
140
122
137
134
128
142
132
129
119
129
124
134
118
121
135
125
133
143
152
134
129
130
127
126
125
128
132
126
130
133
128
129
138
128
144
135
126
133
130
126
128
126
130
139
138
119
125
129
123
139
133
120
141
150
122
123
139
136
133
141
133
146
132
144
124
135
133
126
138
139
123
136
134
120
138
128
143
145
134
142
153
128
141
164
115
137
142
137
141
122
130
131
127
132
132
129
135
134
133
142
137
127
130
135
133
124
128
128
119
136
133
131
135
133
138
140
136
125
119
139
128
130
129
123
124
138
128
128
121
124
129
129
130
146
145
129
127
138
138
137
130
132
143
138
128
129
130
133
141
125
123
124
126
114
140
137
135
108
114
125
116
126
120
128
122
122
125
130
137
132
132
135
141
138
138
138
127
131
132
133
138
133
130
129
128
137
133
136
132
135
132
131
134
147
140
146
138
129
140
142
146
135
144
137
134
134
135
141
132
127
132
129
116
128
138
138
124
134
139
123
132
136
133
147
143
129
143
142
131
132
140
133
132
124
132
128
123
135
130
123
140
128
111
132
138
131
136
121
124
132
121
123
121
122
116
116
121
120
123
116
121
127
123
123
120
131
127
122
131
125
125
126
131
119
130
128
127
129
120
134
143
131
125
126
137
134
131
126
126
117
120
132
132
125
127
127
130
134
135
127
132
131
129
120
132
119
119
137
129
126
134
127
127
134
119
119
123
135
128
123
128
128
119
127
117
122
128
125
124
124
124
128
118
113
126
129
117
123
130
117
117
125
130
129
117
120
126
130
121
127
127
126
137
134
129
132
129
133
128
119
123
125
126
128
132
122
124
132
128
133
134
132
127
121
125
126
132
129
131
128
129
116
125
121
124
126
131
129
128
122
119
132
120
115
126
120
121
125
134
128
126
123
127
126
124
130
140
124
126
130
131
130
141
132
134
132
126
121
120
112
124
124
126
115
118
127
118
126
123
119
125
127
124
125
116
128
141
130
119
106
116
123
125
117
128
120
121
134
124
128
140
143
125
124
123
125
129
131
128
136
123
126
122
141
136
135
141
133
139
143
137
129
151
135
137
135
139
138
120
125
133
143
127
132
146
139
130
140
143
134
128
130
128
126
139
151
136
129
129
149
145
145
148
143
138
149
142
134
125
128
125
131
132
138
136
139
118
117
114
133
127
131
116
110
127
137
138
136
131
124
140
139
145
131
125
126
133
136
137
133
125
128
130
135
130
134
130
123
132
141
126
129
123
132
135
127
124
130
133
138
131
130
121
125
134
131
120
127
134
130
130
128
133
128
136
147
133
126
131
121
126
129
125
128
136
123
128
134
130
124
140
126
122
130
124
119
123
127
125
130
139
129
129
125
118
128
130
131
153
152
131
132
134
130
135
141
131
129
145
138
131
140
133
134
154
130
130
136
129
128
135
133
122
125
131
135
130
137
126
141
131
130
129
135
138
131
135
134
132
130
137
132
131
136
139
135
138
141
134
123
141
134
138
118
119
130
123
134
120
119
112
118
131
122
125
124
128
132
129
130
127
128
126
131
131
122
131
131
125
141
121
124
123
135
131
129
135
135
135
137
135
139
126
129
138
126
128
130
136
140
130
128
133
115
128
133
134
126
137
131
141
130
124
146
143
128
126
131
129
123
122
131
133
125
135
127
130
126
121
135
130
130
134
118
118
124
128
117
127
119
121
124
116
115
122
131
116
129
135
133
124
125
120
125
126
134
125
130
129
121
111
121
132
127
129
127
124
124
114
133
135
124
116
126
126
130
128
119
139
131
118
114
114
130
129
115
126
123
120
123
128
123
125
123
124
121
126
140
122
128
123
122
123
117
135
130
123
119
122
123
125
136
135
127
125
116
129
121
142
131
134
131
73
47
37
22
60
54
50
85
165
83
48
34
23
30
54
45
45
47
155
141
59
71
56
46
48
64
59
51
39
44
54
53
45
50
51
51
37
29
22
13
55
62
86
105
171
210
232
238
251
244
105
113
211
82
27
87
67
44
27
25
88
57
103
98
85
70
87
59
43
41
52
64
50
40
23
48
27
32
34
61
78
58
48
16
28
20
18
56
200
115
150
245
241
253
181
79
163
92
84
71
88
129
211
245
135
189
144
96
133
228
94
60
153
87
14
52
110
56
91
220
219
164
235
103
170
179
133
60
188
197
76
86
153
59
165
65
120
102
29
30
34
55
38
59
76
54
43
26
27
35
53
68
49
70
36
29
36
43
177
139
47
36
30
80
62
39
49
66
41
44
109
108
43
62
25
30
21
56
44
52
59
54
45
30
26
23
34
49
52
90
117
138
221
109
140
42
110
176
232
144
207
242
243
244
243
244
246
245
244
245
246
246
247
251
251
250
249
248
247
245
243
245
246
247
247
249
247
247
247
247
247
247
247
248
247
247
247
246
244
244
244
244
244
245
244
245
245
246
246
247
247
248
247
245
245
245
245
246
245
245
242
240
241
226
146
168
153
54
78
84
182
243
139
121
114
87
116
246
143
182
245
156
205
218
217
181
91
78
195
222
106
53
40
64
152
132
113
74
77
39
48
51
20
130
113
59
73
112
92
55
50
44
52
52
27
17
135
231
110
114
216
227
254
248
242
244
243
251
228
162
62
53
44
48
68
62
60
54
63
33
16
11
10
14
9
7
26
37
91
231
128
17
75
23
58
63
117
164
60
48
31
47
32
27
107
89
81
33
41
19
24
55
69
70
156
218
212
246
194
213
238
235
225
213
59
47
57
204
196
102
94
71
47
92
83
205
149
156
209
199
84
220
239
163
124
73
133
78
31
31
53
69
54
73
210
238
62
43
77
130
53
62
115
95
118
61
44
43
29
32
49
105
85
129
115
115
94
63
44
61
37
53
39
33
40
60
45
50
59
44
31
28
30
52
71
60
47
40
62
62
65
135
123
139
179
151
94
78
83
116
76
44
58
67
57
110
102
177
177
180
169
76
82
61
56
47
62
52
55
49
103
47
9
17
38
32
47
37
46
37
27
41
38
149
234
147
198
240
244
251
216
139
222
118
79
105
193
179
201
131
207
144
140
192
131
110
50
74
165
106
69
67
139
72
180
172
211
183
229
121
171
197
197
94
160
115
132
133
114
80
82
47
88
125
23
42
40
48
51
44
36
59
44
47
65
50
51
39
38
48
44
67
30
42
204
191
55
57
53
46
15
42
57
57
62
33
29
26
43
36
14
27
16
93
56
44
51
47
38
55
41
37
38
36
81
62
172
120
139
224
221
164
135
214
218
167
242
243
246
244
245
244
245
245
244
245
246
246
248
251
250
250
248
248
247
244
243
244
245
245
246
248
247
246
246
246
246
246
246
247
246
246
246
245
243
244
245
244
245
245
245
245
245
246
246
246
247
247
246
246
246
246
246
247
246
244
247
244
245
208
192
210
171
113
98
69
128
225
123
122
107
77
190
214
166
195
190
177
238
216
148
143
76
110
136
176
146
59
32
159
162
150
84
46
42
37
46
65
90
103
52
44
113
61
31
39
43
155
22
46
41
35
51
231
145
68
199
114
228
252
250
238
237
236
239
231
153
76
59
33
132
107
29
48
46
34
27
45
29
27
13
25
54
68
117
246
129
43
72
66
64
104
65
144
17
7
17
28
29
51
183
103
64
44
22
23
29
67
75
121
221
217
248
213
201
241
248
240
242
195
145
165
217
154
71
47
42
41
95
163
190
232
151
215
204
244
204
172
207
171
87
88
36
53
34
29
38
63
63
171
205
169
59
44
55
144
153
104
89
56
92
110
83
62
39
69
109
89
102
134
59
58
62
46
32
45
29
44
41
38
39
43
47
54
44
29
34
22
51
104
77
83
70
30
45
48
51
174
131
90
90
97
97
140
158
212
174
93
143
123
185
143
81
218
234
201
208
163
97
74
44
22
47
52
50
56
97
44
17
29
38
23
58
54
40
48
57
23
49
169
146
162
212
246
247
244
245
195
214
149
88
135
104
85
134
159
228
188
135
113
114
145
103
85
80
92
141
111
112
78
109
223
208
155
218
137
125
146
216
110
127
97
147
69
71
47
36
55
42
69
26
51
74
51
43
29
18
45
41
35
59
50
62
35
42
46
53
48
41
50
152
187
65
80
65
47
18
46
36
30
48
25
18
24
33
18
14
26
43
44
54
49
40
53
53
44
35
23
26
25
52
71
203
175
171
250
225
196
114
144
118
198
246
239
243
244
245
246
246
245
244
245
246
247
249
249
248
248
247
246
248
245
244
244
244
244
245
247
247
246
245
245
245
245
245
246
245
245
245
244
244
244
245
245
246
246
245
245
245
245
245
245
246
246
246
246
245
245
245
245
246
246
245
243
245
232
167
152
118
103
77
57
89
93
71
83
84
121
153
94
229
225
222
220
168
176
158
95
64
114
139
145
165
92
55
140
82
115
97
186
105
50
50
41
36
55
31
54
67
37
55
79
44
60
20
42
41
35
86
153
202
162
154
93
95
144
180
237
237
247
243
233
147
73
67
46
129
106
9
41
22
24
22
35
49
40
19
61
62
156
76
116
107
176
69
62
62
53
54
104
9
11
19
27
50
157
187
70
24
51
31
41
46
47
186
224
230
220
244
181
235
240
187
214
219
110
112
220
223
209
138
49
40
68
195
232
243
206
192
193
221
230
186
112
202
220
131
55
36
37
42
41
30
67
115
181
111
132
54
58
51
84
111
136
78
44
91
169
88
65
49
123
133
83
102
93
62
74
69
34
26
37
27
43
55
40
33
44
47
40
25
22
33
35
73
71
51
71
59
56
46
39
79
170
117
82
54
103
110
116
178
243
199
145
152
118
197
75
107
222
237
225
206
136
82
120
80
19
42
52
41
50
60
35
25
25
24
32
73
69
33
37
53
35
42
95
161
214
207
249
247
247
243
213
198
216
93
86
71
68
108
109
142
220
153
125
155
161
190
126
63
116
179
89
62
60
136
186
194
118
188
138
93
130
155
77
107
168
130
44
127
49
40
76
61
46
41
49
73
48
37
37
19
31
31
43
41
34
50
54
43
41
34
32
29
26
92
125
57
60
75
56
43
36
20
34
41
26
35
32
29
74
39
27
61
102
63
68
60
53
43
61
42
28
31
38
65
140
229
233
224
252
188
123
114
108
108
171
244
240
243
246
245
247
246
245
245
246
247
247
248
248
246
246
245
245
247
245
244
244
244
244
245
246
247
246
245
244
245
245
245
245
244
244
244
244
244
245
245
244
245
245
245
244
245
245
245
245
245
246
247
245
245
245
245
245
246
247
245
244
247
218
172
201
146
87
73
81
67
108
78
68
77
85
83
91
182
241
203
184
135
189
161
86
99
77
94
85
82
58
41
57
50
67
92
188
144
58
42
36
25
53
52
56
42
48
76
87
33
23
42
51
52
39
88
97
199
167
99
72
51
118
112
220
241
230
225
204
81
94
114
58
81
70
38
24
29
40
35
39
45
18
31
53
39
131
37
49
79
137
58
118
56
45
55
58
14
21
28
29
70
165
91
68
33
55
53
84
77
112
241
246
220
222
188
226
250
240
109
97
119
73
75
159
179
246
221
182
121
156
243
243
183
219
213
174
242
226
151
105
223
185
106
131
157
56
45
50
87
149
196
146
80
102
43
51
43
35
50
104
57
47
67
119
61
82
46
95
85
133
111
64
55
59
54
37
30
40
33
44
55
48
29
26
43
27
15
32
50
34
55
48
50
55
62
69
61
76
96
120
110
87
63
78
69
53
115
231
187
181
186
175
195
69
97
207
230
237
229
131
92
131
83
39
43
40
30
44
42
29
32
17
24
47
49
45
31
30
29
25
32
34
168
243
219
243
242
247
239
221
198
211
67
57
77
68
101
81
61
182
201
120
120
183
204
95
83
84
122
94
91
61
205
173
128
80
129
93
77
104
111
72
100
204
106
60
125
55
46
48
48
39
47
63
61
42
39
53
33
22
27
47
36
29
35
62
59
34
49
46
27
37
66
73
62
40
60
53
42
37
28
42
27
31
48
49
131
100
59
39
67
180
76
89
70
51
44
42
43
41
48
55
70
170
243
244
242
244
143
81
103
99
117
128
235
242
243
242
247
246
245
246
245
246
247
247
248
247
246
246
245
245
246
245
245
244
244
244
245
246
246
245
244
244
245
245
245
245
244
245
244
244
244
244
245
244
245
245
245
244
244
245
245
244
245
246
246
244
244
245
244
243
244
245
243
241
248
221
212
225
117
98
153
106
44
149
93
90
74
62
61
97
112
226
211
167
176
196
184
123
102
60
51
40
32
35
18
21
52
43
59
102
91
42
27
40
50
61
43
40
34
46
73
65
25
17
54
48
45
41
81
69
115
87
54
46
47
106
129
230
249
136
120
138
59
63
87
49
59
54
48
18
61
77
74
46
47
23
37
67
151
131
95
59
51
87
106
144
50
76
51
54
22
22
33
76
79
102
63
70
122
40
45
75
98
196
248
240
236
161
184
227
219
170
50
52
56
47
44
85
106
144
198
252
213
225
221
165
114
231
190
212
210
194
94
76
139
88
96
153
152
64
76
90
163
168
237
132
59
104
36
44
39
26
34
54
39
48
45
49
58
94
55
78
75
192
111
55
49
52
50
47
35
44
32
27
35
49
36
20
41
33
27
49
61
25
39
51
52
45
57
62
55
67
65
61
96
81
69
58
41
38
121
207
146
167
224
232
177
115
68
176
223
239
250
133
135
114
59
46
39
27
21
40
27
22
27
8
33
57
32
39
40
30
32
28
29
25
110
161
200
238
245
248
244
199
197
181
56
57
139
109
101
74
55
105
153
100
82
204
174
100
106
46
45
110
123
65
236
139
130
89
71
44
69
75
84
70
123
201
82
95
103
47
52
22
20
38
60
56
43
31
35
46
29
24
28
29
42
31
30
44
47
30
61
39
25
38
62
75
66
33
35
36
36
53
48
39
27
34
61
72
175
70
121
64
100
139
100
95
66
59
49
26
37
71
119
53
72
154
244
238
244
230
125
74
64
80
97
98
208
242
243
241
247
245
246
247
246
247
246
247
248
247
245
246
245
245
245
245
244
244
245
245
245
245
245
245
244
244
245
245
245
245
245
245
244
243
244
244
245
244
245
245
245
245
244
245
245
244
245
246
246
244
243
245
243
242
243
244
243
241
246
240
238
211
142
171
225
138
49
155
117
70
62
67
84
98
97
223
237
210
212
217
223
148
76
76
55
31
26
25
29
31
51
61
83
44
45
25
23
39
67
50
33
28
28
41
70
40
42
48
44
57
47
85
96
88
101
53
42
41
59
80
168
244
246
90
52
83
52
94
112
90
60
73
64
31
56
68
61
66
52
34
35
116
236
105
172
111
28
129
153
145
59
146
93
39
21
25
41
99
78
108
129
91
189
28
34
43
97
230
244
242
202
129
216
215
217
167
75
33
39
61
64
59
46
60
138
232
242
236
205
109
137
188
109
231
144
122
43
55
78
47
72
88
85
67
136
173
131
138
237
158
110
176
31
45
42
39
46
46
34
40
40
31
74
112
72
93
121
210
95
59
55
61
66
55
37
39
30
17
36
46
55
56
42
41
40
54
54
23
52
56
42
47
42
46
40
26
27
47
69
70
64
70
58
69
169
159
98
111
196
191
112
107
61
124
198
239
241
119
177
130
56
44
35
23
20
27
23
23
24
12
35
60
44
56
48
27
39
47
27
32
47
50
124
201
210
211
211
131
173
177
80
76
215
161
84
56
119
83
55
100
78
172
143
128
95
44
14
78
95
58
170
96
203
126
49
30
65
79
75
45
149
160
69
112
99
46
55
26
21
36
52
30
35
28
34
30
18
31
29
23
44
36
29
19
14
33
43
15
17
21
73
85
43
32
26
18
39
54
45
32
40
34
61
63
92
39
137
81
137
54
105
78
49
48
36
37
39
86
131
40
90
175
242
240
248
192
111
67
45
67
82
86
190
243
240
245
244
244
247
246
246
247
246
246
246
246
244
245
245
244
245
244
244
244
246
246
245
245
245
245
244
244
245
245
244
245
244
244
244
243
244
245
246
245
245
245
244
244
244
245
245
244
244
246
246
245
244
245
243
242
243
244
244
245
243
245
236
221
231
243
204
125
68
146
108
31
52
63
104
110
127
224
241
244
222
244
212
141
64
80
53
47
84
49
54
62
45
118
154
66
60
28
23
43
63
41
42
28
24
36
52
23
51
75
30
74
73
119
98
159
143
87
73
51
70
96
193
215
193
130
113
97
92
177
187
138
101
73
75
41
34
44
23
77
52
29
41
124
158
38
138
121
20
204
138
152
77
202
175
75
63
41
52
74
76
166
165
131
162
23
49
56
92
222
247
227
150
184
235
231
228
186
140
72
99
149
142
92
80
58
132
167
229
230
225
148
193
154
66
207
112
59
37
59
92
68
75
94
55
70
170
214
43
129
239
210
207
243
25
42
41
50
60
59
30
31
33
26
69
144
77
69
123
186
94
71
51
42
55
50
34
30
35
45
66
46
61
87
44
35
34
41
46
24
62
52
39
50
51
33
39
32
47
97
52
59
61
65
66
92
137
92
83
68
110
95
53
47
53
71
150
233
235
149
174
171
74
56
39
29
24
15
40
46
45
37
43
53
54
55
33
17
13
33
27
32
39
28
53
122
123
134
125
71
129
170
116
95
191
126
51
63
150
106
46
83
57
98
99
67
41
37
12
29
62
53
55
138
196
116
50
38
59
95
90
35
151
102
72
102
65
54
43
29
33
30
34
36
45
50
48
34
23
31
34
43
32
38
31
21
18
36
30
25
21
31
72
50
15
35
30
14
35
39
25
27
34
35
37
27
36
40
44
69
120
58
67
43
20
11
21
41
47
59
25
38
113
226
237
233
233
117
72
71
77
67
98
125
214
244
240
247
246
244
246
245
246
246
245
245
246
245
243
245
245
244
245
244
243
244
246
246
245
245
245
244
244
244
245
245
244
245
244
244
244
244
244
246
246
246
246
244
244
244
244
245
245
244
244
245
246
246
245
245
244
242
242
243
244
245
242
240
236
247
244
245
165
76
75
117
78
44
58
56
93
102
131
188
234
237
243
232
149
159
76
63
59
99
197
148
89
105
47
159
140
102
78
52
20
56
54
46
39
24
20
21
15
19
31
53
26
86
89
74
61
190
113
139
133
93
102
175
219
140
95
131
165
139
176
140
147
107
162
37
39
45
60
66
30
53
48
26
54
58
38
19
30
60
26
203
107
161
79
192
222
205
149
91
68
57
83
180
140
169
101
47
92
123
125
221
247
174
176
243
236
240
205
133
181
211
225
236
203
138
189
49
134
105
223
238
204
175
156
191
149
194
114
50
55
48
93
98
172
186
25
65
140
158
78
132
246
247
238
238
30
55
45
33
40
42
45
50
35
35
63
112
90
58
68
126
111
66
57
54
37
30
19
28
29
65
52
38
31
55
47
28
39
41
46
31
49
20
39
38
51
45
34
21
94
142
43
34
34
39
64
79
88
49
63
59
30
46
49
34
27
56
98
221
215
199
123
147
88
59
39
38
26
23
29
56
56
60
74
37
65
62
13
13
8
11
37
38
64
33
58
95
93
122
70
80
87
145
152
49
82
53
59
87
51
57
70
50
70
57
57
21
14
23
21
32
62
46
66
159
85
67
43
49
50
67
73
60
161
111
74
116
48
46
35
32
46
47
98
67
45
61
55
31
16
32
39
44
41
33
55
48
43
37
26
37
35
36
24
13
20
37
26
18
30
51
37
30
25
37
31
39
69
39
46
56
66
63
41
21
14
14
27
32
32
57
53
46
124
162
191
193
176
51
66
86
98
39
121
229
245
242
247
243
245
246
245
245
246
245
244
245
245
245
243
244
244
243
244
243
244
245
247
246
245
245
244
243
243
243
244
244
243
244
244
244
244
244
244
246
246
245
246
244
243
243
243
244
244
244
244
245
245
246
245
246
245
241
244
244
242
242
244
245
243
244
239
243
225
134
101
66
167
46
59
61
72
81
71
137
222
239
232
212
141
205
93
101
187
191
195
227
184
127
61
98
21
49
59
77
42
55
57
38
29
22
12
21
20
32
45
63
23
115
67
50
50
94
82
218
184
202
224
237
191
66
35
45
61
96
114
19
50
75
109
42
7
67
98
64
23
33
31
26
43
12
10
22
27
32
34
107
117
180
74
181
204
244
151
177
94
67
83
212
194
221
89
160
153
174
204
231
207
119
216
237
235
233
230
220
246
244
236
234
201
130
213
84
89
139
192
184
99
66
70
219
224
166
64
72
66
43
109
160
191
118
16
72
105
125
211
119
238
237
240
245
29
42
35
17
43
41
93
97
61
42
38
29
50
53
47
21
28
55
70
66
38
50
41
40
31
56
37
33
34
48
69
46
46
43
34
41
29
32
44
75
36
44
42
41
70
44
29
32
9
43
66
29
12
20
10
68
99
63
61
63
24
51
74
188
83
208
188
88
68
63
32
25
33
36
0
20
30
57
76
50
76
59
28
29
21
25
31
36
70
33
82
97
118
145
75
101
68
106
137
58
67
54
62
71
63
118
152
74
54
40
39
15
12
16
22
26
11
17
41
24
39
65
59
46
58
57
71
68
120
35
84
144
84
45
41
42
66
56
97
120
63
10
18
24
29
45
25
66
158
86
98
47
35
42
31
21
27
31
37
37
38
26
21
31
15
17
36
39
30
36
31
40
32
26
67
75
73
50
45
35
19
22
15
26
28
64
148
40
26
57
65
106
86
82
48
60
80
51
188
245
238
244
244
246
248
246
244
245
245
245
245
245
243
245
245
244
244
244
243
244
245
245
246
247
245
245
245
244
244
243
243
245
245
245
245
246
246
246
246
246
246
247
246
245
245
246
245
244
244
245
245
245
245
245
245
245
245
243
246
246
245
245
243
245
242
244
245
237
235
134
86
47
161
54
45
51
38
138
145
97
162
182
137
202
139
131
120
239
198
103
112
165
198
77
80
11
42
51
42
20
66
44
42
47
43
39
17
21
23
14
36
43
43
89
85
74
144
145
96
204
138
165
226
189
102
43
48
42
73
66
62
29
33
31
28
34
1
40
48
38
40
20
22
26
17
16
7
15
25
45
44
48
96
178
86
201
175
233
141
180
113
122
53
215
239
208
41
195
112
87
194
170
120
112
245
246
251
249
248
253
246
244
245
246
223
243
170
232
206
176
102
29
74
75
101
223
108
38
35
39
147
114
122
110
36
22
55
74
136
236
199
113
250
242
242
245
37
31
33
36
19
14
34
24
26
24
30
68
62
62
75
55
38
57
46
52
35
62
59
34
51
53
56
45
44
40
39
37
62
52
27
27
30
61
62
40
78
44
13
15
15
41
64
50
22
69
167
99
39
77
155
170
106
42
65
59
50
64
144
151
109
186
153
102
64
58
19
15
40
25
2
56
47
62
47
62
35
40
52
32
45
53
35
31
48
58
58
97
188
217
94
99
104
100
66
67
69
56
87
71
31
86
83
72
62
46
48
31
35
36
32
37
29
38
42
43
42
29
47
58
50
49
45
28
32
55
89
136
64
71
65
78
63
58
62
71
57
46
26
34
37
41
46
105
197
84
122
110
49
7
28
28
21
25
21
34
38
14
20
21
15
16
44
49
29
43
38
44
26
50
68
55
31
51
43
20
30
36
24
32
34
108
203
67
28
78
80
69
76
36
42
104
126
99
243
246
243
246
242
248
245
247
245
244
244
243
244
244
243
244
244
243
243
243
243
243
244
245
246
248
246
246
244
244
245
243
243
245
245
245
245
246
246
246
246
245
246
246
246
245
245
247
244
244
244
244
245
245
245
246
246
246
245
244
245
246
246
246
245
246
245
240
236
240
220
134
80
56
20
56
56
45
40
177
226
126
71
133
83
207
154
185
226
217
157
137
89
100
152
75
113
39
30
59
53
24
42
30
31
49
51
33
4
18
46
37
39
32
30
119
121
47
97
108
63
65
94
47
134
96
40
152
218
40
43
35
52
32
47
33
20
19
1
26
40
27
14
3
18
13
14
24
24
11
12
36
30
106
149
158
59
112
110
238
138
188
245
223
168
236
237
137
20
67
45
23
18
26
82
127
238
246
246
247
241
243
247
254
224
200
251
221
209
252
240
210
234
219
115
69
65
108
33
57
42
36
142
89
77
142
186
58
32
53
103
215
215
243
250
245
247
245
39
40
26
45
25
11
28
27
58
40
52
74
70
64
50
84
71
56
50
45
26
36
46
41
50
41
41
42
25
22
34
34
45
51
36
19
38
50
50
23
44
37
10
36
71
62
75
107
53
117
92
50
41
77
151
156
96
65
39
72
100
110
177
136
109
106
91
90
52
56
51
46
47
23
20
38
32
32
42
21
34
29
34
31
75
40
32
29
42
44
52
94
134
225
212
123
112
113
94
23
41
50
91
88
105
82
105
63
60
79
39
24
29
15
28
24
32
40
26
42
30
20
54
42
34
26
28
48
78
152
53
77
29
52
36
56
45
46
100
170
111
39
25
76
31
52
31
147
160
67
110
155
86
22
8
28
15
16
50
42
18
25
16
29
36
20
36
46
40
27
26
28
47
58
30
9
35
123
118
81
26
46
37
28
33
88
75
35
40
31
51
50
42
75
26
153
193
212
252
239
243
245
246
248
246
244
244
244
243
243
244
245
244
245
244
243
243
243
243
243
244
245
246
248
247
247
245
245
245
243
243
244
246
247
247
247
247
247
247
247
248
248
248
247
246
246
245
245
245
246
246
246
246
245
246
246
246
244
245
244
246
246
244
246
241
246
252
253
218
199
169
65
75
70
79
73
92
126
187
230
102
174
202
166
114
112
98
73
63
96
95
125
105
117
36
38
40
36
14
29
46
37
52
39
25
20
25
25
50
73
74
38
29
54
45
26
46
53
67
62
32
38
72
102
89
142
116
77
55
32
18
24
24
48
68
50
55
40
62
95
86
57
28
7
13
12
3
5
17
23
20
81
114
170
48
28
126
230
141
222
238
227
236
237
212
50
53
20
23
30
34
79
69
126
248
239
244
243
246
250
192
91
157
172
243
236
244
239
246
216
210
191
95
55
53
90
24
34
45
41
56
22
47
155
172
47
56
60
170
230
247
204
235
247
246
247
21
26
30
32
38
35
64
71
70
68
20
36
42
47
52
104
53
34
32
34
49
53
53
38
41
57
48
47
27
16
32
36
42
41
48
32
36
41
16
5
11
27
42
50
58
56
58
107
72
88
50
45
37
23
120
93
118
103
78
58
43
93
125
186
103
69
91
61
38
43
38
40
41
42
38
42
24
18
35
5
23
17
30
46
30
21
27
31
39
32
42
106
64
112
166
86
169
112
104
77
61
67
67
54
133
108
183
125
72
49
51
44
31
19
39
30
15
26
38
19
37
39
34
35
38
32
28
31
70
110
34
81
75
93
52
24
36
52
71
118
107
34
30
56
28
51
48
59
72
95
113
117
87
28
70
16
23
40
62
22
13
25
16
29
35
29
39
81
38
55
75
68
59
34
22
41
28
47
67
55
48
60
31
56
31
45
34
16
56
33
42
37
59
175
108
215
202
157
253
238
244
247
245
246
246
248
245
244
243
243
244
244
244
246
244
244
244
244
244
244
245
246
246
247
246
246
245
245
245
244
243
244
245
247
247
247
247
247
247
247
248
248
247
247
246
245
245
244
245
245
245
245
245
246
246
246
246
245
246
246
247
246
245
245
243
236
190
207
202
106
162
113
88
102
80
56
63
85
94
192
102
124
237
88
77
91
97
65
46
89
58
97
143
192
73
55
29
53
43
22
30
27
40
36
29
35
26
32
57
56
62
81
49
31
52
37
42
29
66
55
60
50
95
126
65
50
36
36
44
42
12
5
24
69
61
37
57
60
86
59
52
64
27
17
14
13
10
20
22
21
29
57
95
122
25
53
132
100
152
216
204
248
232
231
140
44
44
21
16
31
48
86
78
192
233
244
244
245
242
238
233
192
220
228
242
243
242
237
242
239
190
58
98
106
66
30
20
10
12
23
34
27
64
87
59
67
62
66
160
246
184
106
234
248
246
247
24
29
36
55
62
33
67
71
58
42
56
77
63
54
61
77
39
28
30
49
48
68
44
47
76
53
54
50
31
23
35
20
40
56
58
56
53
24
9
5
23
36
53
49
58
48
60
96
50
31
20
29
46
75
130
104
126
137
89
77
107
115
110
111
134
88
72
49
47
37
51
51
34
39
34
31
13
18
23
15
19
16
40
35
25
16
41
28
24
48
40
59
78
57
152
88
175
95
78
107
79
76
55
46
83
76
154
171
92
50
63
44
45
24
36
38
18
32
39
12
28
31
17
38
35
41
30
20
40
49
46
76
97
68
60
108
55
40
55
49
51
36
30
42
48
35
54
48
16
74
106
99
147
100
134
59
54
57
34
11
40
48
27
16
42
40
44
98
129
96
105
66
35
39
31
91
58
44
41
51
65
47
33
47
110
50
22
29
63
56
34
47
141
197
130
171
145
204
250
243
242
242
245
245
246
246
244
243
243
242
244
244
245
246
245
244
244
244
244
245
245
246
246
247
246
245
246
245
245
244
245
245
244
247
246
246
248
248
248
248
247
247
247
246
246
246
246
245
245
246
246
246
246
247
246
245
246
246
247
247
247
246
245
243
243
225
126
97
118
61
112
114
119
92
89
108
94
89
71
97
97
96
230
135
90
104
95
98
57
58
106
116
109
175
141
161
100
34
44
16
33
29
54
59
28
19
16
39
36
44
31
35
32
28
50
31
45
41
55
66
101
46
86
96
39
31
20
37
35
35
85
83
101
71
60
47
34
61
81
41
44
49
19
20
16
29
15
33
27
21
38
40
51
46
26
37
71
65
178
197
127
174
238
168
59
42
28
24
22
29
49
131
95
135
101
144
250
242
242
237
176
174
225
230
244
245
237
236
244
216
128
164
121
87
57
25
24
17
15
25
39
41
65
53
33
53
93
163
177
250
221
150
202
238
246
247
26
30
36
55
50
45
56
54
36
20
70
66
56
40
48
42
37
23
42
64
32
46
37
61
72
44
39
40
29
33
39
32
43
43
35
34
57
31
43
37
26
22
38
36
56
45
62
66
42
20
9
26
59
95
104
99
107
131
79
92
111
110
101
72
104
81
63
48
55
42
52
46
29
31
38
28
22
20
12
14
18
31
50
35
27
24
46
38
37
64
48
46
105
59
115
107
177
81
53
73
56
48
34
35
36
52
111
148
85
54
37
31
44
23
39
50
25
46
34
31
32
30
34
24
68
50
44
19
27
23
43
72
99
57
42
126
60
27
50
35
35
40
34
40
43
29
37
38
29
81
104
131
199
147
144
121
91
47
67
35
28
44
36
37
49
31
66
126
124
74
75
47
39
70
31
77
66
96
41
46
41
40
36
40
85
47
45
42
56
58
47
31
106
134
137
125
152
242
241
242
242
246
243
247
249
244
243
243
244
243
244
245
245
245
245
244
244
243
243
244
245
246
245
246
246
245
246
245
244
245
246
245
243
247
246
246
248
248
249
248
247
247
246
246
246
246
245
245
246
246
246
246
246
246
245
244
245
246
248
247
246
245
241
239
236
188
106
144
118
97
142
138
131
102
106
149
146
76
72
94
164
138
171
191
94
104
131
97
62
47
108
107
96
143
165
172
116
73
38
23
25
34
93
59
26
12
5
42
50
38
14
19
34
29
30
45
51
33
40
50
71
44
56
80
48
28
39
100
27
30
127
141
80
59
69
75
38
83
91
64
64
48
25
13
32
33
56
38
31
47
91
29
19
27
21
63
48
63
176
145
69
73
170
115
40
50
25
17
17
25
49
92
126
140
114
146
225
174
241
237
131
89
105
147
225
228
245
247
219
132
157
243
160
44
30
26
25
27
26
32
36
51
41
45
72
125
124
172
145
187
242
197
130
195
247
242
27
25
33
43
55
47
46
54
34
19
37
33
37
33
41
32
51
39
43
61
37
29
37
58
50
36
24
30
23
24
37
28
34
34
37
25
49
42
52
49
23
5
32
35
57
44
53
48
36
22
21
28
65
64
56
61
69
84
71
92
73
92
75
67
68
67
60
36
41
51
37
27
28
38
40
22
33
24
12
29
40
40
49
40
32
27
32
54
64
95
63
39
74
47
54
123
149
66
49
61
37
23
23
29
23
38
65
79
75
94
57
56
33
31
42
38
36
52
31
43
34
49
59
23
80
47
58
21
49
59
30
61
74
53
55
74
52
27
47
41
34
33
31
43
41
43
50
47
69
108
148
135
161
108
97
120
109
42
82
54
7
30
32
47
49
57
133
113
63
75
52
35
39
50
60
54
52
84
50
43
27
41
40
39
34
47
56
47
40
43
66
31
29
102
148
162
190
237
242
246
240
242
247
249
242
246
244
244
244
244
245
246
245
245
245
244
244
243
243
243
244
245
245
246
246
245
245
245
244
244
245
246
244
247
247
247
247
248
248
248
246
246
245
245
245
245
245
245
246
246
247
246
245
246
244
244
245
245
247
247
244
244
239
235
230
143
103
230
180
167
141
133
75
95
92
93
129
64
54
100
138
151
97
194
70
108
156
63
55
33
63
54
121
121
144
104
104
162
44
34
15
35
86
75
35
18
7
30
58
44
25
39
42
24
20
56
50
23
40
40
46
39
38
63
54
31
44
97
44
56
83
95
52
77
104
133
68
65
78
59
63
40
22
23
47
37
120
99
36
76
162
22
18
36
51
100
52
38
97
70
52
32
68
71
53
35
27
34
33
35
48
30
114
135
180
217
219
115
237
233
140
100
72
129
193
198
237
218
164
148
212
204
140
40
26
22
24
27
30
30
35
62
40
66
97
126
99
157
95
120
239
223
162
175
235
238
23
29
32
52
63
38
51
70
44
26
23
29
41
40
46
51
63
56
42
46
36
31
42
54
38
28
22
30
28
18
24
16
30
40
53
41
47
43
28
45
25
6
39
38
49
63
46
43
33
15
27
19
46
40
38
31
47
50
117
109
62
68
67
73
68
61
54
23
28
47
32
19
25
47
28
21
41
23
17
52
49
41
41
42
50
29
33
76
73
107
71
31
49
43
26
90
79
46
49
66
34
23
27
28
25
27
31
26
55
164
106
90
47
38
48
26
38
34
30
39
38
48
51
30
45
31
53
27
71
90
39
54
49
70
130
50
43
29
36
31
18
23
22
47
51
47
89
95
77
115
141
92
84
80
64
82
96
53
45
47
20
31
26
45
46
126
192
80
49
110
66
40
26
10
81
54
48
70
63
40
47
45
44
36
40
56
46
48
32
32
61
50
37
98
137
203
170
228
224
229
242
207
236
239
220
247
243
243
243
243
244
245
245
245
245
245
244
243
243
243
243
246
245
247
246
244
244
245
245
244
245
246
246
247
247
248
247
247
247
247
246
245
245
245
245
245
245
245
245
246
247
247
246
246
244
244
245
245
247
247
244
243
240
235
234
155
136
249
218
203
116
126
79
54
56
33
89
64
31
72
93
129
109
155
72
108
107
31
40
17
33
45
109
89
100
71
140
158
54
50
47
49
41
75
48
26
24
21
40
48
43
50
38
25
27
53
49
30
37
36
56
24
36
44
42
32
29
54
58
65
33
27
52
78
137
153
63
32
49
31
36
27
24
44
41
45
136
124
61
84
144
17
23
37
76
74
38
34
34
69
103
29
28
40
45
16
22
66
67
42
41
22
66
76
139
241
240
119
231
187
113
186
171
188
200
208
167
149
174
231
231
185
125
46
29
28
33
31
37
36
42
62
60
119
147
97
112
156
79
99
224
243
240
202
229
238
19
41
34
57
40
53
67
78
36
25
45
36
47
31
39
66
52
43
44
34
15
23
44
62
25
25
22
30
45
32
19
37
40
27
35
38
50
53
17
44
32
22
33
28
30
95
56
37
41
22
22
11
16
31
40
22
45
46
171
159
70
41
78
77
60
48
54
29
33
31
35
24
22
42
27
34
42
19
22
44
23
44
32
40
56
33
55
93
62
77
74
52
66
63
35
20
24
29
33
35
34
29
23
16
20
29
36
23
26
159
110
91
99
27
60
43
25
7
25
39
44
16
22
18
13
21
37
40
62
60
52
61
77
130
174
74
35
29
32
30
14
24
28
54
48
48
130
117
66
132
66
62
64
106
76
61
66
58
18
40
55
56
30
54
52
161
157
77
60
90
72
61
36
24
48
43
49
95
61
28
55
48
47
33
59
57
43
42
38
27
30
39
85
75
94
154
121
205
188
170
235
166
176
210
206
244
240
242
242
243
244
244
245
245
245
244
244
243
243
242
243
246
245
246
246
244
244
245
245
245
245
246
246
247
247
247
247
246
246
245
246
245
246
246
246
246
245
245
246
246
247
247
247
246
244
244
244
245
246
246
246
244
241
239
241
223
216
252
214
159
155
186
157
28
39
52
112
80
20
77
166
157
208
118
132
115
30
21
23
20
41
107
70
89
95
85
186
93
56
64
93
65
29
39
51
34
38
26
27
35
51
41
30
35
38
62
67
55
20
16
49
16
38
44
43
25
20
56
45
41
36
29
26
30
105
89
24
45
36
23
17
29
39
40
24
52
81
79
125
105
57
18
20
47
60
20
42
83
57
129
168
21
42
37
34
62
38
59
60
26
28
38
40
50
68
198
250
171
230
117
84
232
211
211
229
195
102
118
249
245
243
237
188
60
45
65
41
49
54
53
62
83
75
170
236
185
214
134
80
89
197
247
235
236
241
239
37
38
37
28
52
67
57
64
20
6
33
35
33
21
30
42
36
20
27
30
24
11
31
50
20
36
26
23
51
29
44
52
22
12
30
37
42
59
21
6
51
42
15
25
43
85
76
52
41
40
36
30
32
24
24
15
23
26
102
170
79
51
41
19
42
46
56
33
34
29
28
28
24
35
58
33
15
29
29
23
18
37
32
27
30
18
46
76
49
67
86
49
27
29
37
19
20
21
15
21
53
33
22
11
5
29
37
42
41
45
112
91
129
27
50
40
20
10
18
39
19
14
27
10
17
31
44
51
48
42
33
56
142
157
81
82
38
59
73
64
43
29
46
65
54
100
176
79
98
187
108
76
83
60
49
32
49
52
35
73
86
94
43
28
86
123
57
64
33
32
56
65
51
44
24
27
29
24
28
27
24
44
50
40
66
50
46
38
34
33
30
30
83
104
48
76
129
141
206
137
185
168
92
184
228
241
242
244
244
245
245
244
244
244
244
242
243
242
243
242
244
245
244
246
244
244
246
246
245
246
246
247
247
248
247
248
246
246
245
245
245
247
247
247
247
247
246
247
247
247
247
247
247
245
244
243
243
244
246
246
247
246
243
242
242
248
249
247
195
91
186
223
72
47
38
49
137
143
32
126
164
216
246
126
186
183
25
27
17
16
69
117
104
157
165
82
162
177
71
58
59
41
56
60
51
31
30
27
17
27
54
20
16
28
41
73
88
106
30
11
26
28
37
39
53
64
30
28
58
53
34
44
44
29
20
48
74
46
11
10
18
32
20
19
28
59
45
148
180
180
69
26
27
70
92
51
92
114
61
81
127
36
23
34
62
140
112
18
15
27
22
31
40
65
96
136
254
231
210
109
189
206
129
189
165
41
163
148
237
247
241
235
219
163
126
137
29
65
67
53
102
175
104
200
245
250
231
160
72
74
203
251
240
246
247
246
18
3
19
41
54
31
32
30
18
10
20
23
32
27
58
58
18
19
21
29
34
22
24
37
27
27
32
42
57
12
58
59
42
69
55
28
26
35
45
5
48
26
20
64
80
57
65
51
68
55
22
48
59
66
25
18
20
68
63
52
76
49
28
48
56
50
62
23
47
36
30
29
29
28
61
37
17
32
34
18
9
31
64
37
28
22
27
81
29
39
60
12
27
40
61
43
21
17
36
32
39
46
73
58
23
26
15
32
63
63
98
53
69
48
18
40
34
20
46
37
23
33
25
28
30
44
42
38
27
40
68
61
125
143
43
78
75
116
118
78
52
35
57
70
83
83
112
82
91
126
81
77
56
31
25
47
60
29
168
189
111
29
62
19
170
80
52
65
28
64
69
45
22
34
33
31
29
41
47
58
46
44
37
82
61
29
44
40
18
100
118
108
142
125
39
45
116
135
194
181
130
154
81
174
234
247
245
243
246
246
244
241
243
243
243
243
242
242
242
243
245
245
245
246
244
244
245
245
244
245
247
248
249
248
247
247
246
245
243
246
247
247
247
247
247
247
246
246
247
247
247
247
247
245
245
244
245
245
245
244
248
251
246
243
242
240
241
238
214
160
231
176
40
100
74
83
93
179
112
189
131
211
243
127
148
160
26
31
29
16
75
59
65
79
85
93
156
123
133
49
40
35
47
54
64
34
34
32
37
50
59
37
20
21
31
49
99
93
31
14
18
34
29
24
15
152
64
18
43
36
50
53
45
38
31
74
196
67
11
16
28
37
28
38
43
35
124
153
115
161
67
6
50
59
94
141
46
92
50
63
110
16
23
19
78
58
104
75
44
118
83
18
48
57
77
151
253
181
105
66
82
52
111
154
38
37
122
113
242
236
243
239
240
248
154
143
64
36
47
53
92
202
146
246
244
234
231
224
121
155
246
241
250
247
247
247
37
35
43
21
17
35
40
17
9
35
22
27
53
32
31
55
33
19
15
26
37
26
14
33
28
44
34
38
36
31
18
58
75
71
38
52
22
31
68
52
43
47
58
69
37
31
39
59
106
61
33
36
50
51
21
18
60
81
107
109
59
55
16
33
47
50
27
12
43
56
52
31
31
55
26
9
14
23
15
10
33
22
29
35
17
48
48
60
15
7
31
8
31
55
43
51
70
55
47
102
56
86
95
130
78
67
49
43
115
86
23
42
81
54
47
52
44
23
38
38
29
26
21
60
24
24
40
32
26
44
31
47
30
47
57
81
111
128
44
29
20
36
45
5
112
142
76
59
68
45
42
45
44
36
32
50
91
125
236
240
150
25
26
110
196
88
72
48
26
33
39
50
59
16
33
27
27
26
45
62
57
46
60
92
57
28
14
8
61
174
44
155
178
30
90
166
213
109
153
81
91
131
51
64
94
195
246
244
245
247
244
242
241
243
244
244
243
243
243
244
245
246
246
246
246
245
246
245
246
246
247
248
248
247
247
247
245
245
245
246
247
247
247
247
247
248
247
247
246
246
246
246
246
247
247
246
247
247
247
249
248
245
246
245
232
213
248
254
208
220
244
232
199
106
172
190
102
139
170
126
212
138
174
149
80
63
39
107
72
60
50
52
48
22
11
18
40
93
146
67
48
41
20
54
66
90
54
77
47
90
132
62
36
12
22
42
51
29
43
28
17
17
71
39
31
66
43
4
31
51
76
67
29
29
24
57
61
53
35
18
36
15
140
88
54
65
235
248
194
52
88
42
122
32
107
169
249
211
40
39
76
47
149
40
120
86
29
87
88
190
145
131
34
54
191
253
243
168
61
95
104
63
60
44
42
43
61
97
189
199
231
242
233
221
113
32
114
12
48
99
52
149
253
244
242
245
243
242
249
253
246
247
250
247
246
246
29
16
11
21
9
75
61
50
22
5
6
37
49
46
43
60
36
20
18
35
23
14
11
22
34
40
35
58
44
39
27
35
50
38
31
36
33
47
39
42
64
59
64
64
48
38
16
45
67
51
61
55
36
41
32
30
44
49
37
68
37
44
39
27
31
54
57
25
35
30
15
27
31
41
29
42
56
36
40
39
13
21
25
18
17
40
40
53
36
28
29
8
17
39
23
41
60
46
56
51
66
99
127
45
71
42
52
95
99
76
37
30
33
32
46
66
62
47
51
46
46
71
92
52
34
43
50
30
18
49
26
27
35
44
41
46
59
80
42
56
55
54
74
135
118
139
143
82
97
79
49
46
29
19
30
81
152
215
243
206
144
62
43
163
115
80
49
11
43
58
81
42
156
131
26
44
33
35
84
116
56
108
108
63
57
13
106
176
125
74
44
152
229
70
82
175
178
116
64
39
83
189
186
224
196
200
243
244
243
245
244
244
242
245
245
244
244
243
245
245
245
246
245
247
246
247
248
246
246
246
246
246
246
247
247
247
247
244
245
246
246
246
246
246
246
247
247
247
246
246
246
246
246
246
246
246
247
247
247
246
248
245
249
236
232
226
194
194
246
241
170
85
111
64
118
99
119
226
71
57
163
212
212
190
122
95
115
96
59
29
56
81
27
20
14
30
44
69
30
27
36
35
61
99
71
126
56
82
65
131
122
39
27
17
29
24
50
82
46
33
25
29
28
32
47
32
23
17
31
52
62
44
37
46
46
56
95
88
43
77
79
72
65
51
38
126
217
198
173
132
115
87
155
37
76
66
236
138
32
126
100
51
102
168
84
72
182
183
140
146
30
93
86
187
203
226
228
195
213
221
202
181
44
21
25
33
40
148
209
190
173
176
250
243
189
57
48
65
128
150
148
94
243
242
243
247
247
244
239
237
242
254
252
247
247
247
14
17
22
20
20
68
38
47
24
27
31
36
44
43
48
59
42
31
44
50
48
19
19
31
42
42
31
35
32
28
35
45
36
32
14
22
17
30
30
23
52
54
52
62
61
42
45
43
32
42
50
54
56
68
58
50
36
47
48
49
75
63
58
48
23
25
46
31
43
11
19
15
13
31
35
19
52
43
37
54
12
18
29
23
21
25
30
52
25
20
25
23
14
9
27
18
26
22
48
55
77
76
92
65
47
157
81
79
53
34
40
47
35
31
24
40
50
39
48
52
49
68
68
33
25
41
77
38
13
42
37
30
30
27
45
41
36
34
62
60
69
68
49
98
47
69
66
48
73
58
60
26
25
20
44
80
62
123
242
211
127
46
47
56
35
36
25
51
40
45
61
15
125
155
31
64
40
43
115
137
55
101
124
67
61
128
197
224
98
63
127
140
145
73
99
120
150
145
132
100
92
151
226
240
242
240
247
243
241
243
243
245
244
246
246
245
245
244
246
245
245
245
246
248
248
248
247
246
246
246
247
248
248
247
247
247
246
245
247
247
246
246
246
246
246
247
247
247
246
246
246
246
246
247
247
247
247
247
248
248
249
243
244
235
200
204
220
199
211
148
128
105
70
53
85
53
147
240
82
63
167
235
236
223
146
119
158
30
58
36
22
35
31
19
20
43
53
23
30
37
42
47
88
52
51
32
41
52
98
109
47
30
24
22
23
24
50
34
23
33
36
50
25
31
67
88
11
29
42
69
106
30
21
42
53
43
59
75
23
84
80
165
42
33
34
82
220
217
75
58
36
44
78
52
93
46
75
42
86
139
44
40
181
127
81
196
202
78
57
68
31
34
72
111
60
105
182
52
102
167
173
137
36
20
18
44
77
191
196
125
123
207
184
189
170
61
23
47
96
106
218
146
220
251
247
246
252
249
244
241
238
253
251
245
244
244
20
19
22
13
22
54
49
44
36
63
42
38
45
38
58
48
27
18
45
58
65
41
25
15
36
46
28
29
27
35
43
23
30
43
33
39
13
31
53
48
39
44
32
46
32
46
57
46
56
65
33
25
69
69
68
66
45
70
83
51
77
63
44
43
38
49
53
40
33
25
17
23
19
26
25
12
42
36
24
35
33
33
35
40
9
33
48
45
12
29
27
19
17
4
26
20
26
28
29
54
61
35
66
65
48
140
113
73
53
27
37
33
27
20
23
39
38
32
37
30
28
37
36
46
46
39
73
37
22
34
27
21
25
28
35
44
27
32
55
54
75
65
46
37
33
43
39
64
59
52
57
48
77
68
66
87
124
160
120
85
73
55
45
21
15
29
19
54
28
23
50
13
82
90
95
110
52
105
201
118
66
129
88
45
111
142
126
124
192
165
139
108
56
49
103
135
107
201
179
112
84
107
159
246
241
245
244
241
241
243
242
245
246
247
246
244
245
246
245
245
245
246
246
248
247
248
246
245
246
246
248
248
249
248
247
247
246
246
246
247
246
246
246
246
246
247
247
247
246
246
246
246
246
247
247
247
247
247
247
246
247
247
234
233
197
159
176
192
178
114
92
113
61
100
100
64
196
206
90
87
93
224
241
242
166
104
92
48
53
30
17
31
35
29
24
26
35
30
40
36
47
64
99
83
40
14
63
39
111
112
54
47
23
47
97
78
38
42
38
27
33
49
36
42
55
71
26
13
37
56
73
26
32
47
62
71
48
46
38
50
49
72
33
56
33
110
205
192
145
60
33
21
36
89
147
55
175
135
80
59
34
55
160
104
49
108
211
19
30
28
21
10
36
59
57
53
81
44
55
68
73
48
32
39
75
47
170
193
144
115
139
116
213
150
87
81
111
26
55
96
235
141
206
195
225
249
246
248
244
244
244
249
247
248
247
247
38
37
20
12
10
52
49
42
35
48
23
35
39
40
55
34
32
31
42
54
43
36
49
39
30
34
34
46
31
32
43
24
37
45
43
43
30
45
67
57
44
43
27
19
7
48
48
64
55
56
32
26
52
62
82
48
59
101
107
51
61
50
35
30
44
57
56
43
34
43
30
25
27
32
34
22
43
41
26
25
31
29
40
52
15
33
43
38
15
34
29
14
25
22
23
36
44
35
23
50
41
48
78
84
51
76
103
71
52
36
38
32
30
32
35
51
33
30
30
26
41
45
41
76
34
43
57
48
45
30
12
14
30
27
15
25
15
19
47
69
65
45
44
41
47
39
63
81
40
41
41
43
54
52
86
130
186
150
58
45
43
53
27
27
41
37
70
67
35
61
81
61
62
74
103
85
41
85
150
128
105
127
56
28
85
103
94
53
188
171
132
90
42
45
74
83
124
193
139
98
86
89
96
247
237
243
242
242
242
242
242
245
247
247
246
245
245
245
245
245
246
247
247
249
248
248
247
247
247
247
248
247
248
248
247
247
247
246
246
246
246
246
246
246
247
247
247
247
246
246
246
246
246
246
246
246
247
247
247
248
246
246
234
233
164
173
203
203
144
148
115
78
94
155
102
93
144
123
79
111
133
214
204
209
177
103
63
63
98
71
26
45
33
28
30
42
44
35
40
32
61
54
109
109
71
45
100
150
169
136
83
74
49
29
80
86
36
63
41
36
37
44
30
38
34
34
28
7
30
38
41
49
46
39
53
64
51
34
28
25
25
31
56
55
35
81
142
127
111
74
66
12
41
57
81
74
221
130
45
50
80
115
166
182
143
81
113
17
27
24
29
62
33
52
87
52
38
47
56
31
71
47
35
55
80
75
210
144
116
159
145
94
208
140
52
65
161
41
39
85
230
151
124
126
222
242
245
247
245
246
247
249
250
249
248
248
40
45
21
17
15
46
30
28
26
31
10
39
44
47
48
27
40
55
47
46
38
36
55
49
27
22
36
42
33
23
43
33
34
38
27
34
45
42
51
49
55
30
30
32
24
61
39
59
30
32
46
37
35
36
57
35
61
82
89
57
53
46
39
40
61
68
54
50
47
44
40
26
31
45
46
32
44
56
33
21
38
25
49
49
18
18
33
32
21
22
23
31
38
33
29
34
30
24
24
56
31
63
95
72
46
46
68
60
45
50
49
39
31
39
54
44
26
29
30
31
48
56
43
78
12
43
52
50
49
46
30
40
26
19
10
12
11
17
53
67
50
25
32
39
67
35
60
70
39
44
33
25
30
54
86
125
141
94
62
55
40
50
14
38
126
45
89
99
33
90
87
68
65
53
56
42
32
44
59
113
94
77
55
38
48
73
78
37
106
106
101
67
47
46
46
63
122
105
76
80
86
81
131
197
228
244
243
244
243
241
244
246
247
248
247
246
245
244
245
245
246
247
247
250
248
248
247
248
248
248
248
247
248
248
247
247
247
247
246
246
245
246
246
247
247
246
247
247
247
247
246
246
247
246
246
246
247
247
247
248
247
245
240
236
182
218
235
173
103
192
183
96
102
120
110
119
91
131
54
111
169
149
118
133
139
95
94
72
81
81
37
52
33
28
51
64
45
27
30
22
60
44
117
80
129
99
105
228
210
126
107
65
98
44
44
42
33
50
31
32
33
44
17
26
20
18
22
17
27
29
33
52
34
30
40
41
36
27
16
28
20
20
44
32
32
35
77
61
34
59
72
41
49
30
44
74
144
111
78
103
178
200
217
238
225
77
66
74
17
19
74
96
28
53
101
62
55
41
56
95
162
38
49
93
77
162
118
59
79
145
111
117
133
128
74
39
91
65
65
57
181
204
136
152
237
241
245
247
244
248
248
248
250
248
247
247
31
37
22
23
30
35
25
21
27
43
26
38
44
46
39
33
39
56
53
40
37
40
35
21
31
28
36
26
26
28
43
35
31
32
12
33
47
37
42
36
42
15
38
62
62
64
45
56
38
38
54
44
28
22
29
38
59
53
69
65
51
49
50
53
65
70
51
56
52
44
44
33
34
47
46
41
31
53
39
14
50
23
42
34
18
19
36
28
20
7
33
48
33
22
30
22
8
21
34
59
35
47
79
51
49
41
48
47
53
55
49
42
31
23
62
22
23
24
35
35
42
57
44
55
12
45
49
46
44
61
51
65
28
30
26
19
16
20
55
44
35
22
25
13
58
48
77
77
50
77
52
42
47
68
73
83
74
65
67
48
48
61
21
47
170
69
65
86
28
75
70
50
70
32
35
25
35
41
34
78
60
49
62
54
47
59
54
44
65
71
57
52
39
43
47
74
70
39
52
65
77
92
201
171
226
247
245
245
242
242
244
246
247
247
247
246
245
244
244
245
246
247
247
248
247
247
247
247
248
248
248
248
249
248
247
247
247
246
246
246
245
246
246
247
247
246
247
247
247
246
246
247
246
245
245
245
246
246
247
247
247
247
244
240
233
238
236
151
100
214
222
114
111
78
123
122
77
136
42
119
166
118
87
77
101
70
152
114
34
50
39
40
27
20
60
84
48
19
16
13
49
56
98
69
161
116
85
176
164
101
132
63
99
72
47
32
40
33
49
21
15
62
13
19
14
15
16
26
24
23
28
29
18
32
32
26
23
22
19
43
63
49
56
52
28
22
32
21
19
44
47
63
42
69
132
103
108
161
127
149
214
228
223
214
222
53
66
80
11
16
73
61
37
44
80
64
75
54
57
156
200
5
75
157
140
232
75
47
83
105
58
86
68
82
65
25
12
70
85
54
90
183
202
190
193
242
244
246
243
248
248
245
246
246
246
244
32
33
25
28
29
35
34
26
36
51
48
26
36
41
24
38
38
43
54
36
19
34
18
6
37
36
42
36
23
44
39
40
36
33
24
49
52
53
56
27
16
29
55
52
69
55
58
69
73
61
39
43
31
45
44
40
64
60
68
60
43
40
49
44
35
49
56
53
42
50
51
44
39
35
36
48
23
39
43
18
42
19
30
21
27
35
36
25
17
10
56
43
11
12
26
27
16
30
47
38
37
42
43
53
54
44
51
38
57
40
33
44
39
8
41
8
29
19
38
36
52
58
57
41
26
45
35
45
53
42
32
48
41
60
46
34
21
20
35
37
38
34
26
11
24
66
112
101
59
100
78
72
53
43
58
65
67
71
58
44
51
71
41
45
95
85
49
51
39
54
72
66
61
44
71
36
31
58
58
87
99
67
70
48
45
43
47
56
67
60
55
69
41
54
66
50
34
48
54
58
72
135
221
223
238
248
246
244
242
245
243
246
247
245
246
246
245
244
244
244
246
247
246
246
246
245
246
247
248
248
248
248
248
249
247
247
246
246
247
247
246
246
245
246
247
247
247
248
247
246
246
246
246
243
243
244
245
245
247
247
248
247
244
243
242
233
242
199
136
199
206
77
134
118
144
114
65
53
64
167
193
170
143
66
101
47
188
143
49
47
33
23
23
16
53
100
63
44
19
15
36
80
90
87
144
109
78
120
85
107
167
81
39
54
50
76
63
61
79
42
18
99
24
21
30
27
7
27
18
18
22
20
16
34
27
15
38
30
19
42
102
117
115
132
35
15
21
24
29
44
20
44
45
124
233
187
152
181
113
189
165
175
155
180
198
50
28
12
17
26
19
42
94
26
47
92
52
59
60
114
167
25
77
175
218
230
179
130
147
102
29
41
54
27
19
20
15
63
66
73
34
80
186
168
142
240
244
247
243
247
246
243
244
245
246
242
43
36
37
35
21
47
28
15
30
41
43
28
54
46
17
24
35
42
47
39
42
42
16
18
26
27
40
55
37
41
38
39
29
34
48
65
60
58
52
52
34
58
62
22
36
67
59
56
67
49
21
23
50
55
53
49
62
49
49
50
30
21
21
44
25
63
75
55
35
38
54
42
47
29
30
43
40
50
31
31
41
26
46
21
24
29
24
26
19
23
47
34
22
27
41
42
24
20
29
9
28
61
30
23
32
59
46
26
24
24
36
35
39
19
10
17
33
29
30
34
58
48
52
31
33
21
27
30
50
18
16
22
35
61
59
41
34
52
25
52
66
41
23
28
34
47
60
69
75
79
83
74
39
36
37
48
60
82
56
37
39
63
51
30
32
66
40
88
51
48
65
59
43
25
104
82
27
83
116
119
160
57
91
39
37
23
31
54
44
35
110
85
48
78
79
53
42
48
45
55
81
185
227
250
243
246
247
242
245
244
243
246
244
245
245
246
245
244
245
245
246
247
246
246
247
245
246
247
248
247
247
248
248
248
247
246
246
246
246
247
246
245
245
246
247
247
246
247
246
245
245
245
245
243
243
243
245
245
247
247
247
248
246
242
241
235
238
223
144
162
176
81
90
124
181
121
73
61
99
182
190
168
139
56
69
31
135
85
69
89
43
35
31
56
76
67
46
116
47
25
16
92
132
41
123
174
92
192
98
127
193
40
13
52
59
94
66
113
65
79
61
110
60
39
68
61
7
25
17
21
22
24
10
29
30
19
50
44
12
18
36
84
82
185
54
3
49
50
21
30
11
44
64
121
230
246
155
123
108
240
192
158
120
172
158
66
40
24
23
36
32
91
118
9
73
168
1
38
46
32
167
73
30
109
196
186
200
157
131
62
39
53
35
18
28
25
36
57
51
52
59
70
169
197
218
248
243
249
245
246
247
245
244
248
248
246
40
41
41
52
32
56
39
23
25
38
22
36
55
51
18
24
39
41
35
44
66
52
17
13
17
32
27
41
33
13
22
37
33
22
33
48
41
30
50
88
101
80
33
29
31
40
61
89
37
37
55
40
40
32
52
65
46
60
51
66
41
22
27
38
52
113
70
35
25
26
33
20
32
36
41
40
46
38
7
13
46
17
15
23
15
39
37
37
14
12
44
40
44
42
35
44
34
18
6
28
72
56
31
11
30
38
26
15
35
23
25
29
53
52
26
37
20
27
19
40
58
61
54
14
9
14
27
21
42
50
43
41
29
31
37
32
52
67
73
36
44
42
32
31
37
47
85
50
45
72
98
108
40
34
26
45
47
65
70
25
59
55
41
25
109
132
63
78
53
36
38
17
22
30
81
73
52
94
175
107
54
28
46
89
50
34
31
47
35
87
170
76
58
100
57
56
59
51
52
54
125
228
241
235
243
246
244
250
247
242
242
243
244
245
244
245
245
245
247
246
245
246
246
246
247
245
246
247
247
247
246
247
247
247
246
247
247
246
246
246
245
246
246
247
247
247
247
246
246
246
246
245
245
244
242
242
243
243
246
246
247
248
247
245
242
239
238
194
182
220
114
68
66
50
106
65
52
103
122
65
169
215
86
47
23
24
47
51
116
159
62
66
16
88
76
35
34
124
39
24
43
60
43
29
123
183
91
231
196
165
151
24
31
60
62
97
44
110
62
51
61
63
111
56
26
42
18
5
25
27
31
18
17
39
39
39
50
54
21
27
27
32
24
132
49
13
1
4
7
27
37
32
47
87
159
230
243
78
155
226
220
249
203
126
112
183
36
29
37
69
32
25
8
20
78
152
7
78
54
36
63
55
33
91
109
14
109
103
53
24
24
7
7
15
14
11
66
24
14
21
40
103
189
204
170
228
251
247
242
247
250
250
250
250
249
251
14
29
19
37
32
35
47
49
33
21
32
15
25
38
8
28
38
31
35
39
34
17
21
17
19
28
28
36
12
30
39
36
37
54
61
39
34
23
73
64
90
92
50
34
18
27
0
13
15
6
42
26
15
35
48
51
46
43
63
84
46
46
42
49
79
42
29
36
26
38
35
47
48
13
32
55
47
18
20
46
33
45
48
52
47
41
47
48
24
8
53
41
50
26
16
37
20
18
23
34
41
27
26
45
44
25
41
26
39
13
24
42
30
16
36
47
35
28
25
15
37
29
33
33
24
42
42
57
115
59
47
51
47
36
40
42
59
45
55
49
52
70
64
25
33
60
75
81
61
51
94
67
38
30
22
28
36
45
39
88
77
60
44
56
72
131
99
49
67
47
35
27
30
41
41
40
61
60
33
64
131
163
132
234
75
38
14
48
26
121
68
31
101
72
55
58
180
164
73
156
240
246
228
245
250
242
243
239
244
244
245
242
244
244
243
244
244
244
246
245
245
246
245
245
245
245
246
247
247
246
246
247
247
247
246
247
248
247
247
246
245
246
247
247
247
247
247
246
246
247
246
245
246
242
242
243
243
243
245
246
248
247
247
247
245
243
243
226
240
229
131
51
32
79
64
83
172
188
184
194
162
155
38
37
25
25
57
40
145
155
38
163
116
31
39
65
36
28
35
53
90
70
10
44
41
53
64
156
212
226
100
54
42
29
53
173
148
151
16
81
48
145
39
40
44
46
26
11
33
55
37
36
31
68
34
83
173
44
32
27
27
28
21
13
14
5
7
21
6
18
23
28
45
49
39
175
243
32
203
195
71
193
204
151
56
58
71
93
17
17
16
29
33
32
52
26
25
114
49
17
4
0
5
19
24
30
66
34
36
46
39
76
48
7
2
19
45
52
57
51
40
137
200
111
87
236
246
250
246
245
248
253
251
248
245
253
48
64
59
49
22
48
38
45
39
19
29
47
34
60
56
47
61
42
41
58
36
64
53
19
21
35
29
37
37
48
57
45
36
36
31
32
32
48
66
83
39
41
61
43
12
28
8
13
28
10
33
15
20
53
29
41
31
43
66
44
39
60
63
47
34
32
36
50
42
27
28
31
27
31
24
51
22
28
32
24
26
50
51
36
37
23
24
24
19
3
41
46
38
29
37
47
39
37
38
35
26
23
15
65
28
29
52
39
37
6
8
18
23
45
23
36
32
25
23
30
33
15
14
21
42
38
70
86
59
37
28
40
59
70
17
33
29
13
42
50
41
84
65
15
43
39
24
86
52
53
102
116
78
31
75
83
136
96
109
122
48
46
35
28
101
93
143
135
67
57
32
38
39
40
34
38
60
60
46
64
131
178
132
242
78
54
67
41
59
102
215
113
93
43
29
42
184
138
114
134
156
138
177
199
135
211
248
249
243
244
245
245
244
245
245
244
245
245
247
247
247
248
248
247
247
247
247
247
247
247
246
247
247
247
246
247
247
246
247
246
245
246
247
248
247
246
247
245
246
247
246
244
245
244
244
244
243
243
245
246
246
247
246
247
246
246
244
247
239
213
87
69
89
62
48
138
203
175
211
94
55
46
45
30
18
20
17
24
55
80
89
108
43
48
74
54
49
26
55
27
35
62
45
39
60
107
114
193
235
203
85
41
21
27
33
69
127
152
93
208
84
223
98
23
56
39
24
52
41
22
23
28
12
40
23
120
101
27
40
23
16
20
22
42
39
17
18
44
25
12
4
22
37
79
87
150
214
17
94
61
39
31
28
52
30
23
84
180
36
30
161
58
17
39
39
28
88
160
39
28
31
59
118
86
80
37
7
16
43
35
56
51
71
54
4
34
42
54
62
28
44
208
195
167
205
248
246
247
244
242
246
250
247
246
252
245
44
58
52
52
58
55
46
50
41
35
38
39
34
51
64
47
62
67
53
60
15
35
33
21
13
27
27
29
32
31
35
37
36
36
27
31
24
44
67
50
29
53
46
28
59
58
33
34
50
60
48
38
40
67
32
46
39
56
65
30
32
38
47
40
33
29
47
65
26
32
15
26
32
25
27
34
25
42
30
41
43
21
10
20
28
19
20
16
27
25
41
24
33
22
26
33
34
95
32
18
49
31
27
47
21
25
31
29
37
29
24
40
58
44
37
44
34
31
41
55
17
32
29
40
29
26
42
34
45
30
14
19
15
48
25
37
28
46
79
56
37
75
180
168
101
98
144
64
33
108
183
211
58
95
76
64
95
103
144
77
43
31
42
40
62
53
66
73
34
37
24
28
50
21
25
19
68
110
22
73
126
75
69
212
55
79
69
59
95
90
97
66
79
133
139
95
123
73
80
107
80
64
108
105
123
173
227
224
243
247
242
246
244
246
245
245
246
245
247
248
249
248
248
248
247
247
247
247
247
247
247
247
247
246
246
246
246
245
246
247
246
246
247
247
246
245
246
245
246
246
245
244
245
245
245
245
245
244
245
245
246
247
248
246
245
245
245
243
232
222
77
144
108
83
128
93
83
72
163
193
120
50
53
32
45
34
86
100
46
110
118
101
81
41
55
38
38
43
26
21
13
42
49
110
163
171
192
201
243
201
69
38
25
16
34
45
51
37
114
201
117
241
164
52
50
25
40
96
43
29
32
38
24
25
22
61
26
24
53
48
52
54
44
18
15
22
42
35
20
16
4
18
32
46
46
70
63
28
121
97
39
61
56
31
52
43
69
78
31
59
129
22
23
14
32
38
80
68
65
40
55
110
152
88
104
77
72
47
47
54
38
15
30
59
74
53
19
18
38
82
190
178
131
174
232
222
252
244
240
242
244
248
245
244
229
244
35
41
49
41
90
50
24
41
27
16
35
32
42
47
55
53
60
53
53
55
34
48
33
43
12
9
11
12
9
21
41
38
37
30
30
31
35
57
68
23
11
18
24
65
65
51
43
40
46
75
51
37
49
67
40
44
42
48
46
52
41
25
25
28
31
26
46
67
22
43
20
16
27
24
17
24
25
37
49
54
38
25
32
21
10
24
26
21
32
23
42
33
37
34
32
42
35
83
67
12
63
43
38
62
44
27
28
34
33
11
19
36
46
28
44
38
32
32
36
39
18
36
31
23
11
17
37
63
69
42
47
53
38
26
23
31
27
69
101
58
36
46
181
235
112
146
193
165
43
113
238
208
68
113
51
50
49
54
66
88
110
124
62
78
53
49
127
89
83
30
35
26
35
25
12
24
59
52
6
50
116
86
68
83
35
96
53
57
185
118
93
115
153
222
188
91
57
69
85
73
55
66
77
94
144
119
119
187
248
245
247
245
244
246
246
246
247
246
248
249
249
248
249
249
248
248
247
247
248
246
246
246
246
245
245
246
246
246
246
247
246
245
247
247
246
245
246
246
246
246
246
245
245
246
246
245
246
245
245
245
246
248
248
245
245
246
243
251
245
240
131
158
103
75
100
133
126
95
125
180
161
53
49
47
47
28
84
122
42
91
118
179
113
53
48
56
38
54
45
25
21
41
27
92
117
196
139
179
226
142
50
21
44
14
19
20
34
25
82
133
181
209
152
37
41
72
61
62
37
46
32
28
39
23
30
34
31
24
100
66
104
55
32
5
10
20
35
26
24
23
19
17
32
37
27
40
20
14
83
85
34
33
36
31
67
143
45
105
52
73
45
37
19
10
22
34
35
73
115
36
34
41
68
37
58
67
153
115
38
37
40
120
73
126
88
51
124
80
38
75
114
81
91
160
187
205
252
247
247
244
245
247
242
242
153
176
48
56
66
41
69
54
10
28
29
33
49
51
59
50
41
33
55
46
42
49
49
42
39
57
37
14
21
25
18
31
41
35
28
30
37
29
40
51
47
6
21
21
39
78
49
58
45
37
40
69
45
27
35
33
33
29
38
40
51
51
47
29
19
35
45
44
43
34
30
42
24
13
18
32
31
25
29
24
40
28
23
22
44
37
22
22
28
22
29
25
44
38
27
43
35
47
50
60
61
6
42
39
42
59
43
31
29
26
23
6
18
37
27
17
31
30
27
28
34
25
17
26
20
17
17
23
63
83
38
30
47
48
34
22
21
30
39
48
89
71
44
86
191
211
89
152
169
218
116
91
247
173
56
62
46
43
50
33
44
165
184
201
134
186
114
53
109
69
85
45
90
46
26
32
48
57
53
54
47
31
70
61
32
34
77
60
37
72
223
161
70
129
189
205
131
66
42
74
68
39
48
75
64
85
107
90
144
219
244
244
247
243
245
245
245
246
246
247
247
248
248
247
248
248
247
248
247
246
248
246
245
245
245
245
245
246
246
246
246
247
246
245
246
247
245
245
245
246
247
246
246
246
245
246
245
246
245
245
244
245
247
248
247
247
246
244
247
177
171
207
180
125
161
156
96
177
210
196
190
173
190
130
64
67
49
59
49
78
64
75
77
167
77
45
40
35
35
52
60
54
29
38
30
46
80
202
134
124
139
84
43
45
47
19
63
68
36
64
154
104
130
219
169
57
51
98
46
42
40
59
69
56
120
23
36
16
35
19
64
43
60
78
62
13
13
17
23
31
29
32
33
36
20
37
48
34
8
46
45
41
15
18
42
58
71
137
113
78
34
50
20
32
31
17
12
18
21
56
56
20
18
16
24
17
34
69
86
87
34
21
47
94
89
120
64
112
200
164
54
40
42
58
89
153
116
135
253
247
247
246
245
247
239
232
177
117
41
58
63
33
31
56
21
23
34
49
49
35
54
46
42
17
43
36
19
38
32
25
39
53
50
27
35
35
33
30
27
35
19
29
36
27
35
29
34
24
36
39
51
55
65
73
46
39
50
58
37
38
38
18
27
23
35
46
46
32
43
26
31
55
53
55
53
24
40
40
30
21
19
38
46
31
30
16
22
18
14
12
34
42
41
35
26
31
36
27
36
41
25
39
31
53
50
47
32
11
40
39
36
39
41
36
23
15
9
16
19
39
41
22
29
31
22
16
37
29
25
27
15
11
40
39
68
56
28
38
50
54
21
22
25
28
39
34
54
55
108
127
172
115
87
94
101
176
145
65
160
108
67
77
59
61
73
68
73
198
227
235
164
163
182
45
60
56
40
48
83
43
18
48
86
61
52
84
77
60
49
37
20
49
92
43
38
77
175
134
91
113
211
155
89
73
42
55
54
21
39
61
54
51
69
82
194
235
244
245
245
241
244
244
245
245
244
244
245
245
244
245
246
247
247
247
247
245
247
246
245
245
245
245
246
247
247
246
247
247
246
245
245
246
245
245
245
245
246
245
246
245
245
246
245
245
244
244
244
246
247
249
247
247
247
244
244
177
110
131
187
72
140
206
108
204
236
237
235
201
223
202
101
59
50
65
31
57
75
85
51
101
71
49
45
14
16
58
62
49
28
41
38
46
74
173
184
97
68
50
46
82
70
54
81
71
26
81
202
96
49
193
199
87
48
59
44
30
37
61
115
43
98
17
64
47
35
38
60
61
22
60
61
28
21
22
43
37
30
35
35
43
17
28
48
22
35
122
30
82
106
35
39
65
74
96
189
42
25
31
29
49
48
62
83
38
26
29
50
37
22
19
24
24
37
110
44
36
28
30
46
99
57
64
84
190
195
176
68
76
72
58
72
127
158
131
252
247
246
243
242
246
239
219
198
93
26
36
50
31
16
46
28
22
36
39
28
14
34
34
40
22
45
31
13
34
12
23
37
36
35
26
24
22
29
26
13
39
28
35
25
31
38
18
30
40
34
37
61
56
90
70
48
45
52
54
30
45
46
35
32
38
46
55
40
23
42
27
43
56
52
47
55
44
47
54
44
46
43
37
36
36
30
17
19
27
11
12
26
35
49
46
28
45
33
17
25
43
31
31
35
42
38
46
30
37
49
35
24
21
50
47
23
15
6
22
26
28
47
38
23
33
18
11
39
28
28
30
21
3
43
60
68
41
45
37
49
72
28
18
28
42
44
46
32
36
136
109
117
85
98
59
82
156
109
44
65
56
104
171
75
122
141
151
105
190
241
242
155
123
174
38
76
66
44
75
53
43
20
62
76
35
43
76
58
75
52
40
48
53
64
65
53
59
80
114
142
109
176
143
93
96
40
36
48
29
37
43
43
46
61
92
206
205
250
245
244
243
243
244
245
244
244
243
243
243
241
244
245
247
246
246
246
244
245
245
246
245
245
245
245
247
247
247
247
247
246
246
245
245
246
245
245
245
245
245
245
245
246
245
245
244
244
244
245
248
247
250
247
248
247
243
243
217
106
139
205
111
68
166
132
196
232
233
233
224
211
162
163
72
50
53
40
70
68
95
57
45
92
55
45
22
18
64
53
39
63
44
82
118
96
113
145
80
69
36
47
99
88
77
62
56
37
55
119
65
24
99
168
111
83
66
95
67
59
113
149
16
26
13
63
63
31
57
92
82
23
23
38
32
23
27
56
35
32
29
31
33
20
25
28
24
59
112
25
101
176
63
68
65
70
95
139
27
33
31
31
61
80
137
139
108
81
43
113
69
25
19
23
52
55
97
46
21
16
42
65
164
48
49
113
224
164
115
79
105
106
57
71
114
234
205
250
247
244
242
240
246
241
224
200
88
29
22
46
37
31
30
22
29
41
34
24
27
21
22
24
33
62
43
45
53
16
23
34
27
19
19
9
14
21
36
22
45
47
48
39
39
38
16
24
32
23
30
74
73
71
46
49
46
37
50
33
39
44
50
42
56
55
48
46
36
46
43
47
37
48
43
32
53
58
63
57
61
60
45
27
31
31
14
27
33
9
18
29
27
43
36
38
43
14
13
25
40
32
30
31
17
32
42
43
45
37
22
20
20
49
46
28
24
15
22
40
26
33
49
12
26
16
19
35
17
13
16
25
6
50
85
81
58
44
9
24
50
35
16
28
58
56
51
37
41
70
89
132
149
97
110
131
181
88
41
50
54
104
204
78
168
222
197
147
167
179
218
167
162
87
66
105
46
129
114
59
54
28
60
45
24
33
49
35
44
39
35
58
44
45
76
52
34
31
155
115
97
82
117
87
88
47
32
50
64
45
40
60
114
60
122
227
199
248
247
247
244
245
245
245
244
244
245
244
243
242
244
245
246
245
246
245
245
245
245
246
246
246
245
245
247
247
247
247
247
247
247
246
245
246
245
245
245
245
245
245
246
246
246
246
245
245
245
246
248
247
249
246
248
246
242
232
187
146
203
215
218
99
108
146
155
242
241
241
225
142
110
228
147
82
55
63
81
69
80
56
36
101
44
32
43
44
49
60
60
118
64
166
211
160
105
35
83
82
52
56
82
58
50
70
92
83
41
21
38
28
23
103
139
165
158
123
130
118
191
135
26
22
15
19
24
14
37
70
45
20
34
40
26
21
28
40
42
45
25
32
34
20
36
34
40
42
29
27
35
92
69
100
58
45
83
30
17
35
30
44
47
152
203
147
169
123
54
102
63
17
19
18
80
67
22
17
17
6
27
75
128
58
62
96
177
130
53
68
56
65
65
84
111
210
253
246
246
243
244
244
247
243
243
233
139
30
27
30
24
54
26
28
48
43
46
51
34
13
21
25
32
54
46
73
74
31
14
30
37
22
25
24
29
26
41
50
51
46
50
86
34
17
13
34
37
24
46
56
41
26
21
43
35
32
35
44
56
62
48
49
48
38
30
37
51
49
53
47
39
45
46
12
46
59
32
60
43
37
60
43
21
21
7
43
47
15
25
27
21
31
34
48
32
20
36
36
40
42
39
6
20
21
22
33
14
29
31
29
35
33
17
25
27
21
20
44
48
46
45
37
16
12
24
24
14
10
10
27
25
104
97
68
47
35
16
17
15
23
22
36
38
46
43
42
33
33
137
236
152
112
171
169
168
116
54
59
56
65
113
61
131
194
154
196
115
51
147
152
97
23
111
68
9
175
72
43
33
27
58
40
29
37
38
44
42
26
29
38
54
30
56
31
13
66
136
38
56
55
57
84
49
53
28
86
102
68
44
109
176
63
154
246
239
242
251
250
243
246
247
245
244
246
247
246
245
244
247
247
246
246
248
246
245
247
247
246
246
246
246
246
247
247
247
247
246
246
247
247
246
246
245
245
245
245
245
245
245
245
246
246
246
245
245
246
246
246
247
246
244
243
249
193
163
208
152
149
199
197
110
105
123
238
200
240
208
117
206
249
223
164
55
95
91
80
52
36
88
111
54
42
62
41
27
103
72
101
123
214
221
200
153
32
165
52
80
72
43
21
23
89
98
100
77
44
46
25
31
80
161
182
168
57
98
160
157
44
29
19
9
6
14
6
7
19
15
26
86
31
27
27
27
43
64
51
31
43
46
20
34
53
28
30
35
31
31
9
30
17
11
21
30
36
42
39
57
116
102
237
235
228
159
36
26
51
28
10
11
20
63
39
12
18
10
7
5
19
9
17
39
77
62
64
43
29
33
36
47
62
80
161
246
243
244
246
245
253
248
246
238
242
245
45
44
13
27
43
34
37
41
36
52
48
31
21
42
32
19
19
30
20
39
34
37
36
40
35
40
39
29
50
38
29
28
26
42
56
27
35
41
42
29
43
62
31
44
21
23
30
25
19
25
26
31
57
45
41
27
41
43
53
45
56
55
34
39
70
25
23
51
12
17
54
36
49
47
33
37
28
26
55
37
49
45
32
28
34
38
38
38
36
44
38
33
51
64
25
15
9
14
31
27
45
41
16
29
26
19
20
25
26
16
28
34
28
23
54
31
20
34
28
14
16
33
57
106
105
68
51
26
17
15
19
23
24
29
37
36
60
45
42
26
71
185
236
155
181
205
252
249
142
57
65
54
84
59
55
95
85
219
175
159
114
43
31
79
48
63
54
54
42
45
62
46
63
64
26
25
26
26
45
62
39
30
37
44
14
44
41
15
35
60
56
54
73
150
147
22
50
54
79
68
128
67
86
72
78
164
230
239
247
247
249
250
246
247
246
246
247
248
247
246
245
247
247
247
247
248
246
245
247
247
247
247
247
246
246
247
247
247
247
247
247
247
247
247
247
246
247
247
247
246
245
245
245
246
246
246
245
244
245
246
248
246
247
246
241
246
217
197
125
117
151
114
146
235
137
85
217
96
174
139
202
249
233
239
200
111
146
88
120
72
49
118
40
66
69
60
27
22
98
69
33
127
221
121
80
22
67
164
74
34
38
38
26
35
62
63
49
58
46
44
40
48
28
149
124
38
77
86
148
48
34
52
33
2
6
22
15
16
19
32
26
142
24
43
33
29
45
44
38
46
56
34
9
14
30
20
25
21
16
36
35
11
5
23
66
40
42
47
34
170
231
247
234
220
195
113
7
105
165
31
15
12
14
16
7
19
12
18
21
14
15
22
21
54
95
38
20
71
31
62
110
41
134
170
186
236
254
243
244
247
253
248
247
227
222
195
60
71
43
16
23
48
46
36
53
49
43
34
25
35
31
31
55
41
41
64
25
53
63
55
32
56
63
24
27
29
35
31
37
25
44
60
45
40
31
27
55
43
46
34
33
31
22
61
63
38
21
32
36
80
49
70
63
72
79
44
38
39
45
48
57
12
43
34
3
15
20
11
37
48
64
48
50
55
35
47
39
48
28
21
26
36
30
54
34
4
35
25
52
41
21
12
8
11
49
35
15
29
20
52
41
71
35
32
14
24
30
28
15
21
34
22
24
26
27
27
25
19
64
64
74
78
55
53
31
13
14
23
22
37
53
36
54
43
39
18
114
194
212
204
242
193
228
252
169
44
59
111
68
59
74
99
82
186
64
147
151
104
90
60
39
42
26
130
122
84
43
69
58
46
70
32
29
16
30
44
62
50
53
48
40
61
50
30
118
77
58
16
50
87
76
57
43
38
34
41
162
80
202
71
77
225
237
240
242
245
244
243
243
245
245
246
246
246
246
246
247
246
246
249
249
247
247
247
247
247
247
247
247
246
247
248
247
247
247
247
248
247
247
247
247
247
248
248
248
248
246
246
246
247
247
247
246
246
245
245
247
246
246
246
244
237
243
196
134
78
91
221
139
230
168
111
166
90
87
93
210
233
245
235
238
246
180
107
67
70
56
95
54
25
86
111
29
35
8
23
46
86
69
45
48
89
144
109
37
46
84
72
50
24
68
70
46
73
65
129
52
30
31
78
41
88
244
228
89
175
158
130
60
11
19
17
30
28
7
31
11
15
70
37
30
21
24
20
140
146
72
24
18
14
14
25
49
34
16
33
40
26
20
25
98
58
70
21
52
174
112
198
245
240
98
14
51
48
134
72
3
1
11
20
20
20
1
41
56
48
37
90
33
23
44
51
69
172
49
38
146
91
149
255
139
198
253
244
242
246
246
247
242
235
144
55
33
21
43
45
50
34
19
22
33
38
42
20
29
45
36
58
36
34
40
39
20
43
46
22
36
55
43
34
29
26
34
33
24
24
44
34
15
20
20
31
65
42
25
35
31
31
35
67
52
51
74
43
11
20
6
45
78
77
50
34
24
45
39
52
38
44
44
51
27
44
28
11
21
36
42
36
47
56
57
19
19
41
30
48
18
24
19
33
29
51
43
38
56
44
25
20
25
40
49
34
10
50
60
21
38
34
29
24
3
12
23
22
29
35
36
36
28
15
63
13
33
26
31
7
21
57
53
50
45
36
10
6
18
47
33
55
68
37
48
86
175
202
192
249
243
186
225
234
237
151
26
163
176
67
52
116
150
122
31
140
189
51
63
214
32
66
49
161
102
65
31
43
21
48
18
15
34
30
44
44
24
18
21
63
67
41
17
31
53
53
47
39
24
27
39
44
41
37
35
69
192
214
154
75
202
240
238
241
245
243
244
245
245
244
245
245
244
244
244
245
246
246
246
248
248
246
247
247
247
247
247
247
247
246
247
248
248
248
248
249
249
248
248
247
246
247
247
247
247
247
247
247
247
247
247
247
247
247
247
246
246
246
245
243
243
242
232
245
213
180
164
89
105
153
205
113
57
109
84
88
146
214
246
230
236
238
231
204
98
76
144
85
41
35
67
126
31
55
36
65
41
77
74
59
83
108
92
30
31
29
39
45
59
47
52
34
111
107
92
85
60
35
24
26
49
82
237
245
170
116
152
33
21
26
13
18
40
30
22
15
14
71
46
25
43
28
167
131
207
236
210
97
15
40
19
30
50
25
21
13
20
15
26
27
19
30
48
44
72
43
48
41
155
90
39
40
44
106
205
87
17
11
16
2
6
10
20
21
57
91
26
77
47
12
18
29
133
86
66
60
33
72
170
217
208
196
253
241
246
246
243
245
238
204
86
69
22
33
45
48
31
32
29
20
41
36
14
28
42
23
30
37
22
37
31
13
21
42
41
44
36
26
47
35
20
9
25
27
26
16
19
18
17
28
32
31
32
15
20
26
26
33
32
50
61
48
71
34
14
25
33
26
56
54
30
57
60
66
83
40
47
50
32
42
52
52
29
29
50
40
23
54
31
33
52
18
35
30
26
37
19
16
25
23
9
41
38
25
29
39
16
29
21
14
29
35
16
37
47
28
26
21
13
21
20
26
34
43
27
27
18
21
22
29
37
54
66
18
39
42
56
62
47
33
30
24
15
7
20
16
119
75
61
43
70
142
231
211
219
187
226
236
233
224
91
132
43
137
161
93
143
183
194
224
180
95
177
81
63
142
60
53
57
83
47
35
41
51
32
30
8
15
33
26
54
49
63
94
54
54
40
42
51
43
34
38
44
23
18
38
44
37
29
42
45
46
123
216
172
194
231
219
239
243
248
248
248
246
243
246
246
246
245
245
245
246
248
248
248
249
249
248
247
247
247
247
247
247
247
248
248
248
248
248
248
248
249
247
248
248
247
247
246
246
247
247
247
247
247
247
247
247
247
245
247
248
248
246
248
248
245
243
243
235
229
165
123
93
149
116
196
106
49
52
44
137
112
168
253
245
239
239
237
245
204
96
78
41
30
71
89
55
41
48
34
64
44
73
80
42
52
62
33
62
35
24
22
22
29
24
42
54
63
77
50
52
69
22
18
33
63
59
116
236
216
92
39
43
32
20
19
15
35
8
21
36
42
113
86
23
41
18
181
127
217
248
204
37
29
41
19
63
53
24
11
33
30
9
26
35
53
16
22
77
50
33
43
34
36
43
60
96
24
190
171
46
29
16
16
9
10
14
25
52
78
40
7
115
50
5
22
21
36
48
47
56
110
203
209
107
103
127
249
242
245
248
245
243
237
193
162
211
11
35
40
43
35
40
42
45
49
48
35
45
33
31
38
21
30
34
29
11
22
40
37
39
24
22
41
31
21
36
31
26
31
28
24
35
35
29
16
24
16
23
27
17
30
10
14
41
53
24
48
28
32
31
24
26
45
51
32
65
86
59
72
26
18
15
20
24
17
29
11
32
57
34
27
53
33
38
37
23
54
31
17
25
28
18
22
10
11
12
33
35
27
25
25
32
24
22
29
40
11
32
46
28
13
16
16
18
31
36
26
45
29
10
26
23
55
82
33
44
42
52
81
93
67
36
38
47
35
17
19
11
21
20
134
125
35
118
158
103
172
185
213
206
244
242
238
221
145
89
79
150
152
210
207
162
205
163
91
75
143
173
98
75
82
49
42
57
58
33
33
51
65
27
27
29
43
40
39
34
41
115
170
43
38
68
64
32
32
46
44
19
31
38
36
26
28
36
28
65
154
189
138
198
162
166
246
244
249
251
250
247
247
246
246
245
245
245
245
246
247
248
249
249
248
249
248
247
247
247
247
247
247
248
248
248
248
248
248
248
247
246
248
248
247
248
247
247
248
248
247
247
248
247
247
246
245
245
247
247
247
248
246
248
247
245
247
245
231
131
128
163
169
110
151
93
64
57
76
116
137
215
182
212
243
238
242
238
230
166
63
56
33
98
57
26
21
23
32
29
43
29
50
53
44
58
39
28
30
26
16
23
37
62
40
51
23
41
38
50
100
40
46
23
47
44
59
151
188
121
27
44
62
40
12
16
20
82
58
36
114
40
112
25
42
29
184
67
217
234
164
29
41
31
89
140
17
58
83
91
97
12
26
32
42
24
57
61
44
22
31
50
76
100
152
89
16
92
58
25
17
16
11
18
10
16
15
132
116
8
58
120
43
45
24
31
29
39
62
55
156
189
145
120
193
150
207
248
243
247
244
241
237
215
218
163
21
32
34
26
46
54
42
49
32
41
46
43
24
28
36
27
40
39
30
17
26
38
44
44
29
46
46
36
36
46
38
27
26
98
50
37
38
18
3
21
66
42
28
34
24
1
9
22
22
19
35
34
45
28
40
37
48
45
35
53
74
47
59
35
8
7
19
23
9
15
11
26
44
30
14
36
39
36
20
36
48
27
37
24
18
18
24
26
18
20
42
43
24
26
34
37
29
27
32
47
19
40
63
42
11
20
25
18
26
45
34
45
96
42
12
21
54
50
23
25
35
72
68
81
34
25
43
42
28
11
17
36
37
46
72
80
29
174
149
90
162
184
226
199
218
245
243
230
226
122
83
159
102
240
177
165
207
142
51
81
207
169
73
62
51
80
62
49
32
39
47
39
81
38
31
38
50
37
40
34
41
113
150
63
38
58
54
27
35
38
49
40
44
37
36
33
27
40
41
107
181
123
138
193
155
191
249
244
247
246
248
247
248
246
246
246
246
246
246
247
248
249
249
248
248
249
247
247
247
247
247
248
248
247
247
248
248
248
248
248
247
247
248
247
247
247
247
248
248
248
247
247
247
246
249
245
245
244
246
247
247
249
247
250
247
247
247
252
232
178
175
200
128
75
71
54
54
50
81
87
168
232
126
137
243
241
232
242
201
107
97
167
148
100
26
30
23
55
26
21
30
22
69
54
54
44
38
21
26
23
20
26
43
58
22
35
50
25
60
68
68
133
54
15
26
31
24
65
92
64
31
18
32
25
15
14
6
106
68
28
66
14
67
31
33
34
102
26
166
173
74
40
39
34
94
93
22
93
110
149
177
20
28
25
20
30
55
22
17
7
24
72
142
205
225
180
59
113
44
26
15
14
15
36
22
18
18
75
73
66
119
58
76
95
28
30
39
25
59
91
162
116
160
159
145
126
229
246
244
247
244
233
223
123
99
77
33
26
25
29
72
68
52
33
29
42
31
19
22
39
47
38
37
31
31
35
29
32
32
30
29
44
46
30
33
30
31
23
28
95
47
29
37
27
25
73
100
55
52
59
30
10
16
29
28
19
24
29
36
31
48
44
53
35
31
41
46
38
50
35
15
7
14
23
15
10
22
26
41
27
14
25
36
24
14
34
34
41
45
26
18
18
23
26
20
38
41
37
22
27
35
37
30
28
28
44
31
34
51
46
22
19
22
20
11
38
42
41
86
61
11
29
43
25
20
30
51
58
41
65
23
24
56
48
21
6
14
45
43
53
57
49
39
148
98
101
160
221
246
154
205
246
248
241
241
110
73
180
100
139
134
158
134
109
42
104
219
114
60
46
43
100
67
38
28
40
57
33
50
45
28
30
43
89
33
29
55
94
69
62
37
40
41
37
32
30
38
45
40
41
42
60
93
71
54
173
213
166
195
220
170
235
245
242
243
243
244
246
245
245
246
245
247
247
246
248
248
249
249
248
248
248
247
247
247
246
247
248
248
247
248
248
248
248
248
248
247
247
247
247
247
247
247
247
248
247
247
247
247
246
245
245
244
245
243
247
246
250
250
248
248
247
248
249
237
229
201
134
83
47
95
56
45
72
97
74
194
221
179
127
224
230
179
151
136
92
119
179
174
77
27
47
82
65
26
29
25
28
61
37
46
33
39
30
13
18
27
29
31
24
8
31
53
34
62
63
63
129
41
31
20
18
19
28
27
21
34
55
12
28
28
12
10
62
62
36
25
10
71
61
15
27
33
16
88
83
37
41
33
37
66
46
28
118
115
154
162
38
37
21
13
23
21
41
57
59
28
66
110
178
190
144
158
134
34
17
9
10
13
33
34
27
31
20
63
114
76
27
85
68
36
28
36
15
37
129
156
159
174
144
88
126
204
248
245
246
242
234
229
119
43
91
35
28
18
49
83
62
51
21
29
45
17
16
34
53
55
50
37
23
27
38
26
29
20
21
29
28
38
22
24
34
34
26
37
51
44
41
38
30
53
103
70
62
72
56
37
32
21
50
48
16
37
25
34
44
35
41
53
34
35
38
28
28
35
32
28
4
9
25
24
11
35
34
41
31
42
26
27
15
18
38
44
39
34
32
18
28
23
16
26
40
28
28
26
27
34
33
27
25
15
31
35
31
39
36
32
26
28
51
6
18
37
35
29
36
23
35
49
25
25
40
46
44
52
49
30
21
48
48
23
15
13
34
36
111
85
56
49
98
115
97
145
222
214
145
213
241
240
245
237
76
76
185
129
80
99
160
88
74
81
101
168
131
59
74
61
112
51
29
39
42
43
33
16
29
31
21
34
116
44
45
48
62
37
50
43
45
46
41
30
31
20
39
42
42
49
77
134
96
94
159
199
224
227
245
204
248
245
244
246
246
241
242
242
244
246
246
247
248
248
248
249
249
249
248
248
248
248
247
247
247
248
249
248
248
248
248
248
248
248
248
247
247
247
247
247
247
247
247
247
247
247
247
247
246
244
245
242
245
243
247
247
249
249
247
248
248
250
248
241
237
204
86
78
104
182
81
64
158
133
98
220
230
244
194
225
213
151
51
73
86
79
91
85
55
46
85
107
36
31
32
20
23
26
22
27
31
53
29
21
27
24
20
19
15
8
24
41
118
90
49
82
93
30
41
46
27
53
27
48
34
40
95
17
29
28
15
20
18
37
36
26
12
62
61
39
25
17
67
57
30
45
38
32
36
54
49
39
131
99
112
88
39
32
23
14
16
8
89
140
134
50
67
121
92
154
119
152
81
15
12
8
7
9
21
30
34
37
29
92
116
20
25
82
36
29
32
25
18
23
86
95
145
120
120
135
149
117
212
241
243
240
227
164
141
83
93
37
36
17
56
56
39
38
28
21
34
25
41
47
43
41
55
46
28
28
26
24
35
32
53
48
33
33
28
37
51
43
32
40
41
55
56
37
20
46
52
31
62
64
44
40
48
25
47
35
15
59
35
47
58
31
36
51
45
37
38
32
19
22
46
37
9
16
24
29
25
41
41
40
38
62
20
20
20
19
50
62
16
39
43
22
48
25
19
38
31
15
23
28
27
38
39
31
35
23
18
31
32
44
29
24
45
55
80
34
27
36
27
21
11
21
34
52
18
32
31
15
43
64
19
18
18
30
29
27
27
15
31
37
151
78
52
74
135
131
116
133
141
130
190
170
239
227
224
241
83
75
132
112
95
100
182
98
68
187
87
122
160
47
166
69
99
33
25
29
38
30
37
11
13
26
20
37
61
72
66
34
41
54
59
52
62
51
53
40
32
24
45
49
78
65
87
101
84
184
123
129
187
223
243
249
245
240
241
243
223
241
241
239
244
248
247
247
248
249
249
250
249
249
247
247
247
248
248
248
248
249
249
248
248
248
248
248
248
248
248
247
247
248
248
248
248
246
247
247
247
247
247
247
246
245
245
241
242
245
245
246
246
245
249
245
247
249
244
237
225
188
143
145
212
224
114
129
233
132
122
195
195
221
224
222
214
166
58
56
23
25
36
23
44
58
97
52
28
33
33
20
13
15
20
23
35
51
23
58
52
22
11
18
28
13
11
68
193
137
44
62
86
21
35
98
48
70
34
85
63
51
62
25
16
17
15
16
8
13
21
23
21
6
31
88
31
27
112
57
34
40
44
25
44
55
64
117
110
88
84
34
22
12
20
18
12
43
102
131
130
75
124
223
122
199
180
96
60
19
19
20
8
13
28
28
38
35
40
79
113
90
62
76
45
12
30
25
28
23
15
20
26
56
97
180
142
53
147
238
239
242
219
112
103
82
40
38
33
22
47
22
34
48
43
34
26
39
44
37
26
33
40
45
30
41
31
32
41
43
76
64
48
28
40
55
32
24
26
36
30
43
43
34
31
17
5
45
55
56
61
46
35
32
30
23
24
39
36
41
62
40
39
52
50
20
36
37
19
28
59
40
19
31
17
20
45
36
43
49
34
47
5
21
25
14
39
48
27
58
50
59
57
28
25
41
22
10
19
21
14
43
45
44
57
64
14
24
14
31
30
16
58
64
55
77
81
55
22
32
23
18
41
37
30
39
21
3
28
32
18
9
22
38
31
28
22
23
46
55
40
39
52
128
222
56
199
130
70
71
189
88
240
222
177
229
93
48
63
69
58
180
157
57
49
211
114
69
71
49
198
71
35
18
20
24
18
41
42
19
28
11
19
42
24
55
39
43
40
59
70
52
63
72
97
47
36
48
66
36
164
117
142
115
75
219
224
121
154
247
238
244
228
199
230
191
160
216
223
240
242
248
247
247
248
249
248
249
249
249
247
247
247
248
248
248
248
248
249
248
248
248
248
248
248
248
248
248
248
248
248
248
248
247
247
248
247
247
247
247
248
243
243
241
241
242
241
244
246
245
244
244
243
246
224
200
218
172
213
243
235
231
196
221
220
78
82
89
70
144
152
175
211
161
86
66
19
33
37
30
36
57
48
11
43
35
38
40
11
21
19
30
42
22
24
74
66
45
26
22
28
19
23
84
108
99
30
20
17
7
45
126
41
34
39
54
100
76
25
38
32
23
14
23
17
31
24
25
9
17
38
74
32
40
67
45
48
51
49
12
54
48
82
196
53
110
81
1
15
7
10
27
15
94
91
20
58
65
194
225
190
204
108
153
89
9
17
19
13
31
52
42
42
36
29
37
104
197
188
58
22
18
22
42
28
22
30
31
32
39
39
144
145
82
156
244
238
235
236
235
145
57
52
29
21
22
42
30
53
49
42
34
21
30
26
26
39
47
30
49
35
33
27
37
39
20
35
43
47
26
38
35
35
26
34
40
46
50
44
36
23
17
27
63
44
44
56
20
22
41
46
59
43
36
18
40
42
29
52
49
31
18
28
12
29
45
55
57
34
28
35
29
29
46
45
42
30
27
15
19
9
8
38
36
50
34
69
79
39
42
44
30
20
20
16
12
6
48
29
26
34
43
24
28
16
36
32
57
70
26
50
58
86
77
46
58
38
40
30
42
43
25
31
16
19
32
36
26
34
35
24
30
38
33
63
68
31
55
58
150
137
109
226
190
132
74
66
101
239
201
173
237
125
23
68
57
89
197
89
107
65
79
117
37
27
48
85
51
40
31
32
19
13
31
38
33
30
32
32
34
29
28
45
48
28
34
47
41
71
200
107
42
52
62
91
62
157
224
234
195
115
88
229
208
147
226
245
242
164
147
227
94
137
110
142
246
241
247
246
248
251
250
249
249
247
247
247
246
246
248
248
248
248
248
249
248
248
248
248
248
248
248
248
248
248
248
247
247
247
248
248
248
248
247
247
247
248
245
242
241
247
224
240
243
244
240
244
245
241
242
201
124
202
240
245
204
166
226
251
253
199
48
47
36
50
38
105
193
124
166
41
25
31
34
22
26
39
47
73
38
11
57
40
37
34
29
22
27
23
13
35
40
45
82
40
27
25
31
36
17
23
37
28
11
4
21
47
66
33
53
35
19
106
84
38
39
25
25
42
105
60
21
29
33
10
17
24
10
28
22
84
147
68
104
34
24
28
34
67
68
23
41
41
8
5
31
32
36
43
77
65
19
37
35
177
130
40
100
102
27
8
15
19
4
24
59
69
37
40
35
19
34
37
107
232
148
19
30
32
48
29
38
27
28
30
39
92
154
181
240
224
244
236
229
231
232
211
122
44
30
21
33
28
16
31
37
32
38
44
47
51
40
37
24
58
75
34
35
17
33
46
34
31
14
35
38
20
21
28
31
45
58
66
35
41
44
19
25
47
66
38
31
22
19
41
45
60
35
18
44
35
43
45
2
72
42
31
14
18
42
56
50
28
44
31
35
43
36
19
27
29
24
24
37
37
19
38
53
32
47
27
21
39
25
31
36
73
36
31
30
19
25
34
66
50
46
69
14
22
40
35
31
4
46
66
48
50
5
10
67
55
97
55
42
32
38
10
6
15
20
26
24
5
31
27
23
25
22
32
53
55
61
76
105
49
74
63
225
126
175
114
45
48
56
192
182
203
137
83
28
46
29
48
37
55
193
212
140
108
39
124
88
40
22
31
38
30
15
23
20
34
14
4
24
103
110
44
91
64
51
22
38
46
118
209
231
103
128
81
124
116
146
55
248
242
251
188
57
152
104
64
103
172
242
215
218
119
137
122
124
163
243
242
247
246
248
250
249
249
249
247
247
248
247
245
247
248
248
248
248
249
248
248
248
248
248
248
248
248
248
248
248
248
248
248
248
248
248
247
247
247
247
247
247
244
242
252
195
183
211
240
246
230
224
235
164
102
152
118
170
244
144
152
231
238
241
171
34
63
89
67
56
131
131
68
94
66
40
24
9
49
57
45
58
69
37
10
125
56
38
32
81
88
13
26
15
29
16
10
3
20
35
33
27
14
82
65
10
23
12
1
9
36
33
44
54
25
9
16
28
35
169
111
9
15
113
154
23
21
19
11
21
12
21
43
24
192
238
112
43
20
27
24
43
45
36
44
30
26
20
44
53
30
38
36
36
50
16
17
24
66
16
23
134
98
30
35
4
3
3
17
17
44
63
34
68
18
25
55
77
179
183
18
14
19
14
92
115
48
24
43
83
201
180
203
144
104
236
251
253
251
231
238
200
38
29
24
50
36
12
22
29
27
41
38
51
32
31
28
33
83
71
51
31
27
30
47
38
19
28
42
36
41
17
26
36
38
40
31
29
33
27
28
27
31
33
40
34
24
28
39
57
41
7
62
61
27
29
22
41
42
27
28
27
42
48
49
31
16
24
39
56
45
31
27
15
12
25
50
44
37
28
43
25
36
33
40
56
56
3
9
27
51
32
32
34
13
35
46
46
52
56
46
29
6
30
39
33
44
55
24
31
32
51
55
46
54
29
46
69
50
14
26
25
20
26
21
18
35
31
17
20
30
25
33
42
35
42
67
74
27
35
40
42
94
123
153
173
168
206
95
189
117
109
62
59
90
27
64
69
71
202
183
107
50
58
81
98
146
122
113
22
22
9
24
33
24
47
141
97
78
85
100
166
23
100
131
179
170
214
246
231
185
52
61
73
68
89
131
243
236
236
239
234
177
145
122
112
53
196
225
117
59
218
165
228
248
244
245
248
249
250
248
247
248
249
247
247
245
245
245
247
249
248
248
248
249
248
248
248
248
248
248
248
248
249
248
248
248
248
248
248
248
248
247
247
247
247
249
245
245
244
233
222
249
240
244
239
168
216
216
104
94
161
154
84
170
143
183
223
220
179
46
61
70
77
84
28
165
111
57
80
57
45
42
50
90
33
34
37
22
12
7
87
54
51
45
131
99
14
23
15
25
20
20
20
20
38
48
36
14
113
72
56
24
14
25
22
109
26
27
18
77
119
85
32
52
74
57
31
30
10
21
35
33
16
31
15
12
29
40
43
100
211
89
24
19
32
65
63
28
23
24
44
29
38
44
17
25
37
38
40
45
23
19
18
26
33
21
38
25
51
21
29
21
38
22
73
75
56
48
67
31
15
39
55
216
106
31
52
33
184
93
78
63
44
40
57
174
87
73
58
208
210
166
172
170
251
242
223
147
22
21
37
46
20
8
23
25
29
48
22
31
43
41
40
43
30
34
34
46
32
35
24
28
28
12
27
49
36
40
44
31
24
17
19
27
38
78
38
14
25
30
25
12
42
37
34
19
26
54
32
25
19
23
36
52
50
28
28
26
35
25
44
32
46
43
26
38
33
40
33
14
40
51
28
6
12
36
37
42
43
64
63
31
14
20
28
35
14
11
16
19
34
53
18
38
46
22
23
8
6
16
30
38
28
22
25
49
79
37
26
40
11
30
76
45
27
41
32
30
27
25
28
32
31
21
39
48
37
25
26
28
40
49
30
24
35
58
112
38
65
135
175
196
194
96
176
86
128
49
43
72
21
90
86
72
122
154
174
42
104
81
82
154
140
155
92
44
25
22
34
47
81
224
123
92
110
88
31
28
118
174
222
234
171
128
133
192
122
137
140
109
130
189
222
237
238
249
234
230
211
211
225
111
108
144
116
150
192
82
195
243
246
246
249
248
250
249
248
249
248
247
247
245
244
245
247
249
248
248
248
249
248
248
248
249
249
249
248
248
249
248
248
248
247
247
247
248
248
247
247
247
248
250
245
244
240
251
197
188
146
169
252
237
234
150
114
106
97
166
104
68
123
178
174
86
96
50
61
51
31
111
137
96
63
77
50
93
75
55
48
50
63
41
43
39
23
7
33
66
124
55
119
99
61
21
37
10
15
24
21
14
22
36
35
27
50
31
80
12
18
35
34
105
23
14
13
79
165
48
14
33
20
69
117
24
31
20
35
34
27
20
17
38
58
27
44
28
90
47
41
25
36
50
122
122
5
17
38
29
26
18
24
8
20
24
15
12
30
32
20
15
10
22
20
37
29
40
59
31
10
14
72
106
65
84
79
97
96
31
45
153
67
40
51
47
134
56
110
42
34
46
53
99
77
198
206
231
124
58
75
83
170
199
210
219
30
20
28
48
30
15
15
29
28
36
20
45
50
43
46
39
23
34
35
41
24
30
33
32
28
24
29
38
34
30
37
27
28
36
33
32
30
54
32
12
32
32
34
20
35
31
25
19
29
19
23
39
26
21
37
37
43
32
27
16
30
36
35
20
35
45
34
39
40
38
38
31
28
23
15
10
22
57
42
48
47
35
41
25
17
41
31
17
16
24
15
16
34
54
29
46
33
31
32
42
16
8
13
10
54
37
52
34
33
22
20
48
41
11
45
48
35
17
31
16
20
25
35
38
52
25
46
71
29
26
25
44
43
36
34
26
36
50
88
42
98
157
97
118
91
87
77
69
92
33
57
56
72
60
90
108
124
187
236
33
83
75
186
212
167
132
169
38
30
34
45
47
54
116
89
124
211
114
75
89
134
107
110
201
175
62
59
194
222
200
131
123
148
199
242
248
232
243
199
105
133
105
118
118
114
98
163
226
209
162
228
240
244
249
250
248
249
247
249
249
249
247
245
245
244
246
246
248
248
249
249
247
246
247
250
251
251
250
249
248
247
247
246
246
246
246
246
246
246
246
246
246
246
249
246
243
248
217
163
183
137
167
128
175
235
214
81
63
84
77
128
72
155
190
153
65
37
49
74
77
58
76
101
43
49
52
49
43
30
34
43
38
52
27
37
34
24
44
59
155
207
78
123
55
47
29
23
21
18
14
11
24
22
14
25
23
55
99
54
69
31
31
36
38
38
17
17
43
100
24
19
23
18
80
98
29
32
23
32
24
31
67
12
36
61
21
31
20
29
23
30
40
36
42
107
82
20
19
30
43
41
30
40
25
33
24
8
9
27
33
26
5
13
33
58
41
21
35
50
31
56
57
33
75
96
118
36
145
161
42
105
94
31
16
27
45
67
54
133
59
29
52
36
42
99
137
225
212
88
45
51
54
83
151
203
166
40
31
32
37
36
25
23
30
24
28
33
36
39
32
43
37
32
43
39
27
25
43
35
33
30
20
21
31
32
41
59
38
47
41
34
18
46
71
54
36
38
39
52
46
45
27
16
24
28
21
35
29
30
68
20
24
47
52
39
41
25
29
17
30
42
40
34
36
39
25
40
33
26
17
21
18
18
40
51
31
30
30
39
22
34
41
28
16
23
26
11
9
17
24
29
42
28
20
23
44
39
17
7
21
52
37
60
31
39
29
20
33
60
19
30
54
28
9
14
13
19
25
35
47
48
24
41
65
21
27
21
32
39
25
35
36
49
45
36
43
101
122
61
80
70
59
38
45
47
33
56
65
134
38
95
121
100
196
249
46
122
114
235
244
131
70
130
39
82
54
163
97
36
85
113
121
145
66
137
90
123
90
137
182
141
111
156
169
212
126
79
143
75
193
217
192
195
187
156
82
72
127
126
89
98
127
209
176
238
233
244
242
243
248
250
249
248
248
249
249
249
247
246
246
245
246
246
247
248
249
248
245
245
247
250
251
252
251
248
246
246
246
246
246
246
246
245
245
245
245
246
245
245
246
247
244
249
226
208
197
160
185
125
135
232
181
89
91
69
74
115
90
92
110
140
65
42
71
64
70
53
36
45
33
22
54
51
43
27
14
33
44
34
23
28
32
33
57
77
187
182
72
149
42
45
32
7
22
10
13
17
24
25
27
22
17
45
92
93
84
29
25
16
26
35
14
21
35
30
21
14
19
84
54
37
26
43
41
19
14
17
46
16
24
30
21
27
9
12
27
35
32
22
26
43
39
31
14
26
35
34
44
42
37
29
23
20
5
22
28
31
23
22
35
57
35
28
28
54
63
99
53
27
50
60
56
36
122
162
57
74
89
37
55
29
44
51
44
90
44
37
49
25
27
75
70
136
158
57
35
133
64
54
156
150
114
29
27
19
25
36
32
37
30
17
18
29
19
28
25
30
34
34
43
34
35
28
31
22
39
40
30
32
43
44
50
56
50
58
41
36
53
79
60
51
49
31
50
44
47
46
34
22
25
19
41
29
11
26
84
16
16
37
44
35
43
24
24
17
42
49
31
28
26
35
34
26
23
33
34
21
15
17
38
51
22
26
38
36
15
45
29
23
27
26
11
11
10
10
10
22
23
17
17
19
21
32
21
12
50
39
26
49
50
67
39
19
19
44
31
23
36
21
14
10
13
31
37
46
36
44
31
33
44
24
21
18
20
35
41
30
42
44
64
50
46
81
79
109
84
57
46
56
38
36
38
51
134
134
54
145
162
117
199
178
72
160
159
224
180
66
37
61
57
119
57
206
132
82
82
153
131
92
55
105
76
88
73
171
188
173
203
224
196
220
139
73
169
81
154
165
144
130
164
136
80
72
180
155
152
99
110
213
151
220
251
245
245
244
247
249
250
247
249
247
246
248
249
249
248
247
247
246
246
246
246
245
243
244
245
247
248
250
249
247
246
247
247
247
247
247
247
246
246
246
246
246
245
245
247
247
248
243
241
240
228
164
139
190
187
231
163
98
160
118
108
88
77
65
63
89
56
59
56
40
33
26
25
30
33
33
73
39
75
34
12
37
26
13
22
28
28
39
110
106
140
96
55
91
37
45
42
13
11
23
23
21
23
26
30
26
32
34
46
60
47
31
20
14
21
29
16
42
33
16
32
66
30
115
44
62
27
54
54
41
27
20
26
27
19
17
24
20
48
65
39
32
13
8
16
17
16
16
16
29
28
15
31
45
53
24
14
20
10
19
23
34
29
34
27
36
34
41
39
51
84
111
80
58
29
35
34
30
77
146
50
39
65
39
74
30
36
49
40
34
26
31
34
58
65
56
95
156
125
63
103
139
40
34
93
81
138
20
26
17
23
31
29
40
32
24
17
18
15
26
27
25
41
30
39
46
42
29
27
17
42
45
36
38
47
49
55
46
51
47
38
31
77
80
48
41
38
17
42
16
39
56
46
40
21
18
69
18
4
14
42
35
39
21
24
23
41
29
26
29
41
37
26
28
27
32
42
23
28
30
32
19
28
28
37
42
18
33
41
28
10
35
15
22
25
32
11
17
24
20
16
21
11
8
36
45
19
31
36
34
60
34
18
30
47
45
32
19
15
24
28
18
22
22
29
23
15
36
42
54
21
74
63
31
43
31
15
26
27
34
107
31
43
38
125
133
36
63
59
136
68
42
51
68
44
44
40
57
190
170
140
145
171
108
172
101
68
129
157
136
167
64
40
38
49
94
55
174
175
163
47
133
170
128
108
55
75
67
58
108
201
166
228
222
228
251
210
115
169
154
76
108
123
112
158
108
82
114
193
161
229
111
91
217
203
216
248
246
248
247
248
245
249
248
245
245
244
248
250
251
250
248
247
246
246
244
243
242
243
245
247
246
245
247
246
245
246
247
248
248
248
248
248
248
247
247
246
246
245
245
248
247
249
244
241
241
227
154
108
164
205
222
169
98
209
179
99
65
61
90
67
53
64
58
28
34
35
33
29
38
34
49
77
42
78
35
29
39
20
9
28
34
66
121
156
180
163
94
51
35
36
31
38
13
18
59
26
16
18
19
29
34
76
33
38
17
18
31
22
27
16
27
24
52
20
50
61
145
72
100
52
135
39
102
86
108
33
26
28
20
16
22
24
21
87
93
34
20
7
11
15
20
11
8
27
38
37
14
25
45
53
26
17
28
23
20
18
21
48
39
54
99
51
40
50
86
125
141
124
62
26
30
50
73
105
175
51
34
34
28
43
23
31
118
77
21
29
20
23
72
81
96
131
138
85
110
203
128
41
25
24
46
114
33
32
29
29
31
20
32
33
35
23
23
28
27
26
31
45
23
33
52
24
35
55
33
35
38
21
22
34
37
48
47
40
30
28
15
47
60
68
43
17
13
36
21
54
90
48
40
19
40
86
16
7
16
10
46
70
19
21
32
52
30
26
39
38
37
25
30
34
32
30
37
39
21
18
32
47
33
17
34
27
30
32
25
17
41
19
21
28
36
27
32
41
27
14
24
14
12
42
64
50
53
59
75
57
30
12
26
29
7
18
30
29
22
23
24
33
27
39
39
28
30
29
45
32
90
75
35
52
32
18
32
28
35
120
52
53
56
164
177
50
84
61
83
33
44
46
51
46
45
37
61
157
210
177
59
98
43
91
74
42
59
98
68
212
88
54
68
41
62
114
175
207
179
26
83
170
129
124
60
89
102
87
76
220
117
188
228
230
203
199
180
179
179
27
72
112
120
113
65
110
158
169
176
223
134
154
231
245
246
246
250
249
249
246
244
248
250
242
244
244
248
250
252
251
248
246
246
247
244
243
244
247
248
251
248
246
245
243
243
245
247
248
248
248
248
248
248
248
247
247
247
246
245
246
246
246
247
240
237
178
159
156
87
136
188
137
85
172
151
62
46
55
82
54
50
63
42
21
55
69
54
34
43
39
52
62
62
59
49
44
34
39
21
38
45
147
190
137
249
229
125
57
42
35
17
21
5
34
65
20
15
10
13
32
34
84
32
55
34
26
40
31
31
23
30
35
34
11
61
61
130
80
62
43
125
37
126
126
168
28
19
33
42
21
22
18
33
61
50
23
17
13
23
12
17
20
19
40
52
38
26
37
31
32
27
25
39
25
21
13
38
99
33
103
170
116
98
106
175
173
172
129
32
43
28
67
184
195
194
48
29
26
22
15
15
27
162
98
28
31
31
51
53
55
146
152
64
82
182
221
170
136
83
42
62
92
49
28
27
35
38
22
25
30
31
32
42
46
35
22
30
35
18
21
19
13
50
62
44
25
22
14
17
29
26
22
38
34
24
18
5
36
62
60
24
6
27
58
60
63
93
45
19
25
60
57
9
14
36
29
27
52
17
20
46
38
26
41
53
45
65
34
31
24
30
23
36
25
23
31
48
32
23
12
30
49
19
19
27
39
79
44
20
54
33
32
46
43
21
3
28
22
16
15
31
67
53
58
99
65
24
15
42
38
17
21
44
50
26
21
31
41
26
33
40
40
32
20
36
56
57
36
28
39
32
15
20
21
35
21
80
68
73
102
120
122
129
76
22
28
33
27
28
45
38
30
52
75
116
60
11
28
26
17
61
44
22
55
121
137
46
59
98
70
70
210
203
139
95
55
70
109
85
114
95
131
164
114
140
222
179
159
217
218
124
175
240
229
178
101
101
134
98
59
49
100
152
109
191
160
176
221
208
236
243
246
250
247
247
245
246
246
247
246
246
245
248
249
251
249
247
245
248
248
244
245
247
250
253
255
252
248
245
241
243
246
247
248
248
248
248
248
248
248
248
248
248
248
245
244
244
244
244
242
227
164
181
176
91
118
152
107
69
57
68
48
39
39
44
25
32
20
26
12
72
64
35
39
43
51
84
51
61
65
72
41
39
34
20
38
64
186
116
137
233
160
58
56
30
15
23
21
12
35
30
26
23
13
17
27
23
20
32
47
31
47
68
34
25
25
44
44
17
19
30
9
33
22
13
18
31
18
44
108
151
37
16
69
144
53
18
7
32
20
17
29
24
19
23
9
20
23
19
53
58
16
25
32
19
24
23
25
19
15
28
17
108
129
28
109
137
217
238
224
236
178
172
108
27
57
71
128
254
245
131
9
26
20
14
11
9
13
43
43
19
17
50
103
65
50
145
184
111
165
217
141
181
241
181
108
121
180
54
40
40
43
47
33
20
34
48
70
56
45
50
24
29
43
30
19
22
50
54
14
31
24
5
28
23
28
26
33
60
51
29
13
14
65
39
22
7
23
52
43
43
39
36
49
35
30
37
15
16
19
30
29
12
21
13
17
23
28
44
73
60
47
52
54
41
14
20
35
40
16
26
39
37
24
24
28
19
13
19
21
37
54
66
50
19
51
35
32
24
16
19
7
48
23
9
4
8
39
40
44
56
61
26
36
27
25
20
27
20
33
28
7
22
30
30
40
20
36
28
23
24
50
75
31
15
25
45
8
15
61
40
21
55
49
62
34
83
116
68
56
26
30
24
26
33
53
37
29
42
41
46
27
42
45
40
26
44
53
44
133
114
21
33
42
50
35
54
167
184
68
63
76
57
116
188
239
126
173
152
66
70
155
215
126
136
118
198
251
233
220
247
249
190
201
147
70
59
40
92
86
198
59
142
169
180
243
243
252
250
249
246
243
244
248
245
247
246
247
248
249
248
247
245
246
250
249
246
244
246
250
253
253
251
248
245
241
244
246
249
248
248
248
248
248
248
248
248
248
248
248
245
242
245
245
245
239
235
244
179
76
92
216
169
131
135
34
65
54
69
24
43
39
25
11
34
23
54
40
19
34
34
94
112
59
60
107
98
40
45
14
18
47
103
141
127
245
174
55
56
37
5
22
39
23
19
57
42
46
17
8
34
49
35
19
37
36
23
55
42
20
6
43
53
35
13
34
42
26
50
31
37
25
39
56
22
52
59
32
25
126
209
97
9
6
14
23
19
17
19
29
18
16
27
11
18
68
34
16
17
10
33
31
40
52
17
24
49
36
96
131
40
88
209
241
240
243
231
211
237
82
54
76
149
186
225
212
87
16
21
8
5
5
6
8
4
15
40
32
39
83
69
60
142
113
71
142
100
45
167
205
176
198
187
101
38
37
32
36
37
15
31
41
34
36
22
17
36
24
26
40
39
30
22
84
17
15
64
33
10
18
36
38
41
45
36
88
54
22
80
62
35
18
5
16
32
13
22
32
44
43
48
49
44
56
53
29
47
41
34
32
32
34
24
26
52
36
16
36
19
43
31
15
19
53
45
22
22
18
14
33
32
16
3
14
9
19
28
12
22
50
13
34
47
29
14
10
4
15
34
16
6
32
49
94
48
31
42
16
28
31
47
23
32
22
22
26
9
13
42
17
28
27
24
28
15
13
16
25
49
7
30
54
37
52
56
81
41
19
24
27
55
52
35
17
33
20
20
20
28
22
46
56
35
29
44
46
71
92
69
28
30
17
25
41
106
187
88
52
31
23
42
43
65
103
94
83
168
52
120
228
244
222
81
102
159
155
86
154
242
206
221
221
253
242
238
228
226
243
254
232
146
81
45
54
76
124
65
74
134
90
182
242
240
249
247
244
244
252
251
246
250
249
247
250
249
247
244
244
244
247
251
251
247
243
242
245
247
246
246
244
244
244
246
248
248
248
248
248
248
248
248
247
247
247
248
248
245
244
246
244
250
248
239
226
169
140
96
149
183
190
203
159
81
43
54
43
53
43
20
28
26
51
39
34
50
24
43
149
124
73
158
226
92
30
49
23
38
83
222
103
128
248
205
99
62
21
17
36
29
9
34
42
9
9
1
31
118
103
58
34
33
30
14
37
23
35
29
83
30
26
19
50
11
10
17
5
100
105
100
118
98
118
85
47
14
50
91
48
23
19
20
19
21
19
15
1
20
25
26
44
34
36
19
21
7
23
34
62
96
104
33
38
41
38
43
171
66
96
214
227
233
238
242
247
207
15
40
63
69
62
45
82
18
13
8
14
26
24
16
14
26
54
75
44
14
19
24
35
90
45
89
85
35
41
43
48
91
225
115
32
35
25
12
31
22
17
12
35
34
33
20
26
36
31
22
34
33
29
39
61
29
26
38
27
7
22
16
22
32
35
73
106
38
26
24
28
32
24
27
18
14
10
12
28
45
18
25
51
64
58
46
50
39
31
44
43
50
56
42
39
42
25
10
22
18
15
28
24
16
18
24
29
24
32
40
36
17
14
10
6
31
20
13
17
22
42
31
27
29
22
30
28
26
39
36
33
75
103
64
76
28
26
70
62
20
18
18
41
38
17
19
19
21
30
28
44
35
16
22
15
37
32
42
33
6
20
31
21
42
31
32
43
29
16
35
30
37
56
41
30
22
10
13
24
24
29
38
48
28
37
63
54
24
28
17
21
22
69
63
41
112
151
134
153
45
124
161
30
127
47
123
234
227
18
222
231
217
247
147
182
214
240
216
241
234
162
179
236
229
126
222
224
241
245
236
241
169
56
66
79
36
144
114
52
139
102
161
244
241
247
246
242
249
186
249
245
249
251
251
253
249
245
241
241
243
247
251
251
247
244
242
242
243
243
244
244
245
247
248
247
248
248
248
248
247
247
247
247
247
247
248
247
247
245
246
250
250
246
242
251
174
170
81
66
111
111
169
220
227
166
74
71
56
28
67
34
24
38
67
49
67
56
35
27
41
40
214
112
18
34
31
53
43
86
147
103
206
171
162
166
135
52
50
49
36
23
23
22
7
8
14
9
65
81
147
107
93
89
63
60
33
42
42
106
84
18
36
10
6
16
17
23
65
72
91
83
108
197
112
47
36
21
46
45
26
14
13
16
24
29
30
18
17
20
16
35
21
22
40
43
29
28
21
26
15
7
2
3
8
7
3
135
42
33
147
245
229
236
244
228
129
162
123
157
80
23
23
12
10
23
5
16
38
10
16
22
24
44
14
8
7
18
14
9
8
46
53
48
98
66
53
20
109
152
176
46
37
32
19
25
41
34
22
30
35
45
44
9
30
36
36
35
39
44
32
31
35
41
36
27
23
37
19
18
21
32
36
63
27
46
86
65
31
35
44
18
15
17
16
29
19
5
19
23
22
23
22
17
8
36
35
15
33
29
24
18
33
47
29
22
5
11
28
48
41
51
37
23
21
27
42
36
36
26
24
18
31
28
23
27
22
27
33
26
24
26
22
27
20
26
6
20
81
74
21
83
37
28
20
49
11
10
18
15
36
45
38
9
39
70
34
27
30
30
21
8
23
37
28
27
24
27
29
21
41
26
28
21
12
30
29
31
33
33
32
38
26
3
10
22
31
27
22
35
25
36
48
33
40
54
42
63
39
69
83
49
130
168
92
146
58
171
133
183
120
28
111
199
118
73
239
237
224
246
228
229
242
239
234
245
180
165
197
178
104
122
238
216
238
237
252
253
162
66
118
35
27
105
184
50
79
107
117
133
240
250
245
249
232
142
227
249
246
250
253
252
248
245
240
240
247
249
248
248
249
243
245
241
238
243
245
246
246
250
246
251
248
247
250
248
245
247
246
247
248
247
247
248
248
245
247
250
252
244
247
206
136
99
137
189
135
103
207
216
192
127
48
20
127
97
47
39
107
18
44
63
72
76
38
88
135
162
210
57
31
26
63
41
55
76
80
184
232
203
148
92
83
56
58
50
27
12
34
26
14
17
60
88
28
73
151
85
61
130
101
136
121
199
102
34
49
28
32
23
19
20
16
13
64
72
114
67
165
229
105
30
12
18
28
17
16
9
13
23
22
29
32
18
17
23
98
124
20
27
26
25
35
21
19
22
15
26
39
21
44
123
157
35
85
77
162
189
235
248
241
231
226
238
185
91
87
29
29
32
29
21
19
100
26
80
64
16
12
23
33
22
30
27
22
46
57
48
28
63
106
63
35
17
29
35
93
142
29
17
21
20
38
30
27
27
30
31
44
14
34
38
39
44
22
38
34
39
57
41
15
16
29
46
40
17
22
27
22
30
20
95
135
66
31
38
33
34
49
26
19
26
25
9
13
26
38
17
23
32
31
48
21
14
18
13
7
4
25
43
24
16
18
24
32
47
48
64
28
20
22
9
23
20
36
37
28
25
14
30
26
18
19
31
31
21
18
13
18
30
43
21
9
42
58
50
54
25
48
46
20
23
28
19
29
21
20
41
41
47
55
37
15
22
20
22
35
25
14
28
33
40
17
23
50
48
43
27
26
11
11
24
22
33
30
22
21
17
21
24
26
26
20
33
34
50
26
24
24
28
32
23
38
54
45
98
60
35
73
97
88
89
142
141
157
205
35
140
179
159
55
62
114
141
212
240
239
244
244
245
249
244
204
194
214
162
136
127
191
192
245
239
189
229
209
193
111
65
61
80
187
96
138
117
98
174
235
173
242
216
191
221
236
240
246
247
252
248
247
243
244
243
243
246
244
246
244
242
239
238
249
250
243
248
249
249
245
246
248
248
245
248
250
249
247
247
248
247
247
248
248
245
246
248
250
244
249
203
160
171
224
209
157
132
234
224
212
91
31
34
114
137
47
58
178
59
61
66
76
113
35
148
105
89
126
41
39
57
93
60
24
106
128
230
246
121
156
163
87
30
32
44
70
87
26
35
23
33
70
111
29
55
107
81
29
110
151
76
83
154
48
37
54
36
32
39
31
19
44
18
41
39
109
146
232
103
32
22
95
42
35
44
22
28
23
40
10
17
15
21
26
28
88
120
23
16
8
6
11
26
19
23
38
37
25
18
24
61
95
28
68
76
190
180
235
243
244
239
235
241
226
192
140
22
54
58
35
30
40
71
19
43
48
29
33
25
17
19
45
43
26
36
40
22
14
28
30
50
69
26
26
23
72
140
36
24
19
19
18
22
21
26
16
14
34
43
51
53
51
36
33
25
29
44
50
30
14
47
59
45
45
28
24
25
37
73
34
84
73
34
26
28
32
49
40
37
25
19
21
17
23
42
51
36
36
34
28
32
27
16
22
21
22
4
29
19
19
25
11
19
26
31
39
60
19
24
32
12
28
27
32
33
32
33
20
21
27
20
19
36
38
18
14
12
23
40
39
53
28
32
23
42
47
2
29
38
33
17
48
20
18
23
23
47
23
40
46
21
4
22
19
9
19
15
10
30
27
33
17
33
62
42
31
23
22
20
22
19
21
34
26
29
28
17
22
25
34
33
24
40
37
45
28
26
23
27
35
4
20
25
41
112
48
27
65
54
54
47
150
202
148
91
115
151
119
72
103
102
44
81
204
237
241
247
245
237
196
241
221
201
237
178
115
83
107
126
190
167
116
116
139
158
128
188
164
65
87
164
157
113
110
166
154
86
154
144
162
247
238
236
239
245
245
242
241
238
245
245
247
244
247
221
244
245
237
201
195
198
236
244
246
246
245
244
246
248
246
246
246
245
247
247
248
248
247
247
248
245
245
247
249
245
244
234
225
227
244
150
100
181
241
232
232
183
128
56
75
80
53
99
197
138
60
75
119
98
67
176
101
117
158
71
45
55
85
172
145
164
109
228
219
154
146
132
171
133
111
112
130
121
30
53
36
59
72
129
159
101
85
88
61
143
118
48
87
90
22
41
37
42
25
43
24
35
116
51
31
55
64
124
185
76
109
90
95
20
84
73
25
24
36
32
19
26
14
8
17
26
34
40
13
25
23
21
58
38
17
15
24
21
18
38
53
70
53
22
156
86
192
220
241
249
245
239
229
193
239
227
122
24
30
29
46
53
44
46
30
13
29
14
19
10
13
19
30
43
29
52
96
26
22
29
56
56
39
30
25
79
63
51
34
38
23
17
12
32
30
24
17
20
30
41
50
47
43
36
39
19
22
32
33
28
19
70
51
41
39
34
29
28
39
61
39
60
40
17
21
16
29
29
15
38
44
29
11
16
34
38
28
41
39
27
11
20
29
22
20
19
40
42
48
22
18
35
31
21
28
20
38
40
22
20
25
18
18
22
31
37
42
25
18
21
27
20
20
33
35
25
19
16
22
30
30
58
45
41
18
30
21
12
12
25
31
9
62
34
18
19
35
42
12
14
24
28
26
24
14
3
11
26
23
42
24
35
23
30
47
29
24
20
18
30
28
28
39
43
31
34
23
29
29
25
33
34
32
32
28
40
26
32
33
35
49
32
20
20
38
72
38
28
59
38
29
22
120
182
82
112
213
111
90
73
117
125
29
85
178
240
245
244
244
233
181
230
189
183
248
154
72
54
53
68
101
86
77
88
91
86
109
241
237
148
52
112
114
99
175
94
84
67
127
139
180
191
147
205
246
244
242
248
245
244
243
243
243
244
245
167
213
224
200
160
112
145
236
240
243
246
243
245
245
247
245
246
244
245
247
248
248
248
247
247
248
246
246
246
248
247
241
242
242
238
245
167
131
225
239
244
237
243
209
67
99
107
81
104
217
139
34
114
174
100
172
157
153
175
203
96
56
95
161
200
219
180
80
187
202
220
135
144
229
226
211
203
182
98
40
55
36
48
52
111
191
141
95
88
86
109
61
56
74
61
29
38
28
28
19
32
36
32
92
65
24
85
66
153
88
59
107
97
46
17
61
47
33
14
24
28
30
22
8
9
10
29
26
11
6
38
33
67
162
20
16
10
10
11
32
52
131
164
69
54
218
95
175
230
226
230
242
231
235
101
178
201
94
23
10
34
59
39
45
34
27
17
20
11
32
24
30
19
33
30
52
126
160
33
30
77
96
63
22
25
34
102
91
16
34
43
24
21
20
39
41
27
25
31
26
22
34
27
31
38
35
30
29
23
31
36
25
58
52
52
40
36
30
32
31
24
29
64
30
9
13
15
34
19
24
31
36
32
13
17
31
26
24
35
40
39
22
17
28
25
14
23
30
56
45
28
23
34
44
30
35
23
39
26
32
14
12
22
10
17
32
41
36
22
16
20
24
20
19
24
24
32
30
20
20
38
57
42
38
49
29
22
10
18
14
26
28
4
45
45
26
13
32
51
30
26
25
30
35
21
9
12
37
36
29
36
23
32
21
28
32
30
38
28
27
32
30
37
45
53
31
34
25
39
29
26
30
30
34
34
26
41
23
42
36
38
63
65
24
23
33
36
24
24
42
31
22
17
68
77
43
138
142
65
99
150
140
172
76
148
155
241
239
244
244
242
222
195
145
167
230
93
43
49
31
38
48
55
67
79
72
69
79
224
207
220
140
114
106
77
172
49
58
69
126
110
172
123
82
187
221
228
236
224
227
235
240
238
239
243
208
123
183
182
164
144
122
182
239
240
245
246
244
245
245
244
243
248
244
247
247
247
247
247
248
247
247
247
247
246
246
249
244
241
238
238
246
218
212
241
241
248
241
231
162
48
165
167
126
123
218
173
77
173
220
174
212
81
140
154
169
130
90
152
194
128
223
204
123
175
225
246
177
210
240
242
239
236
216
92
53
71
24
19
28
52
96
114
113
78
65
51
36
59
39
54
37
40
29
24
28
23
70
27
30
36
22
72
96
157
101
53
51
47
25
43
43
22
36
9
11
32
20
45
41
11
12
29
56
97
79
27
26
72
164
10
19
14
13
24
39
34
119
150
60
75
177
82
140
154
135
139
226
232
219
43
116
179
106
22
52
43
36
21
56
58
36
17
15
19
55
61
72
23
27
27
51
112
158
105
40
64
63
38
23
27
37
61
67
43
33
41
23
33
34
29
32
30
26
28
24
20
30
17
36
36
37
41
37
30
36
36
32
31
58
77
50
37
29
28
23
17
37
78
14
21
20
27
41
35
48
24
31
45
26
25
23
27
41
30
50
58
50
23
28
25
25
38
21
30
27
20
25
27
31
40
37
37
39
26
32
18
22
30
20
20
29
27
22
27
21
16
22
17
18
22
40
36
31
22
30
62
70
33
24
30
28
31
25
22
23
26
35
17
24
41
23
18
24
55
44
47
37
17
14
16
10
19
57
24
25
23
21
20
20
43
36
39
70
37
40
29
27
36
35
53
32
41
37
35
24
25
24
29
28
39
33
36
22
48
34
36
51
54
21
18
29
31
20
34
37
31
20
28
24
27
53
86
44
21
62
158
149
182
130
196
187
242
240
244
233
240
230
175
139
153
193
95
68
46
27
31
38
52
65
48
58
96
100
180
139
223
187
186
108
62
88
53
65
62
94
49
100
95
99
184
178
213
223
156
175
201
240
240
228
197
153
152
196
179
188
179
211
245
242
242
245
245
245
244
245
243
244
245
244
246
246
246
246
246
248
247
247
249
248
247
244
248
248
246
247
245
242
237
243
240
244
243
248
225
104
75
217
154
181
187
191
221
181
222
239
249
150
16
65
114
162
182
141
193
137
86
235
241
195
201
246
239
236
243
239
237
232
234
238
114
96
126
17
20
30
17
20
92
100
49
24
32
31
44
23
38
41
48
31
32
34
24
77
36
24
15
25
42
124
85
123
96
52
16
24
58
63
51
42
7
16
26
16
80
78
9
16
26
62
185
174
10
17
31
61
14
23
22
18
59
39
13
52
47
28
74
89
62
110
82
33
47
171
188
145
58
80
142
113
18
78
32
16
31
55
79
47
11
31
27
46
70
89
48
13
36
36
54
141
163
39
9
15
11
18
32
24
13
3
54
20
36
29
33
40
17
17
23
21
20
31
29
37
22
48
44
42
29
26
40
27
28
30
16
20
71
50
34
26
20
20
20
67
66
29
55
46
39
29
36
40
29
82
76
38
46
36
39
33
37
55
48
48
33
30
37
43
39
33
15
26
20
18
25
26
44
34
49
39
24
20
30
42
38
30
19
22
9
23
23
26
24
32
17
34
62
103
58
19
22
43
57
26
26
23
14
19
37
38
31
25
17
32
31
35
33
18
31
22
19
22
27
23
10
7
19
10
7
31
17
32
22
25
28
31
55
36
45
85
34
38
27
24
34
33
52
44
51
38
24
27
32
23
31
20
27
38
32
23
38
35
51
18
16
22
21
34
21
34
63
37
44
33
30
30
51
51
80
80
29
35
105
82
68
126
156
233
245
216
188
181
177
165
174
140
112
179
181
131
47
42
42
29
39
56
64
86
111
131
117
140
237
120
138
52
63
48
58
83
71
68
50
46
106
124
144
176
223
189
124
159
191
239
223
178
110
116
203
205
190
229
236
252
237
246
244
245
247
244
245
244
244
245
241
245
246
246
246
245
246
247
247
246
248
247
247
243
243
247
247
248
248
245
247
242
243
244
241
247
245
173
187
203
93
202
237
171
162
234
194
184
227
129
28
42
140
226
173
167
233
119
95
230
237
225
222
238
235
241
237
239
231
226
222
221
131
128
136
24
44
42
32
28
107
51
22
17
19
24
31
34
23
39
44
33
20
18
20
36
34
40
43
24
38
122
47
19
103
66
27
6
43
47
88
59
12
22
26
43
74
52
17
26
35
34
135
136
12
17
44
31
15
27
24
13
96
61
15
53
21
31
77
30
49
87
100
20
33
84
70
73
92
42
62
65
8
21
36
69
49
41
44
25
24
48
45
37
39
42
69
27
48
53
83
162
93
19
17
22
18
20
28
24
15
10
32
37
30
30
20
21
14
12
13
16
16
31
32
25
39
57
57
46
21
19
35
16
33
17
11
19
19
25
31
20
33
44
53
62
33
46
41
33
33
25
20
22
67
94
42
53
91
69
36
26
64
41
26
22
28
41
44
36
26
20
10
12
21
31
30
20
26
37
27
20
24
28
37
32
41
40
26
24
23
29
24
37
37
42
49
81
143
154
101
30
29
42
50
33
26
21
9
18
8
9
18
18
20
6
10
36
19
29
20
10
18
14
12
8
28
21
21
14
10
6
14
31
12
28
44
33
48
27
40
60
41
40
31
35
30
36
59
45
36
40
35
34
36
47
30
28
33
45
36
30
35
43
73
18
10
24
40
47
23
49
62
28
67
55
19
25
31
31
38
19
113
123
166
108
18
147
115
152
204
102
49
88
47
101
81
67
58
184
188
91
54
61
56
26
42
60
60
117
35
81
89
180
247
180
87
54
50
56
52
68
64
44
31
66
135
179
87
163
208
121
194
249
245
220
137
114
107
100
142
128
92
187
223
244
248
241
246
249
245
246
246
243
240
244
244
247
242
246
246
245
245
245
245
245
246
245
245
243
241
242
246
248
245
249
246
242
228
233
241
240
233
226
199
93
51
114
219
148
170
221
73
68
167
193
67
57
140
150
46
154
233
125
52
156
246
233
238
247
241
233
231
232
148
140
133
122
161
46
13
31
33
15
23
30
16
21
53
59
23
37
51
58
50
19
28
23
7
6
11
18
14
28
50
33
29
25
31
20
8
48
50
10
14
32
57
48
22
11
72
79
80
54
15
58
63
27
42
12
10
20
132
97
58
30
10
13
106
82
15
28
10
17
16
12
22
26
85
19
11
28
22
110
79
59
24
15
10
9
38
123
54
75
34
22
20
5
62
64
15
14
25
34
72
69
51
150
84
30
20
17
17
30
29
37
37
34
17
51
38
49
52
24
19
9
13
26
17
30
50
25
37
38
68
44
46
43
17
22
37
40
31
17
42
39
32
46
47
52
52
33
28
39
45
35
18
23
3
25
60
45
44
68
81
65
36
42
56
28
8
18
34
38
10
15
15
19
24
20
31
38
33
29
27
31
20
29
31
34
24
33
37
32
19
25
42
54
31
28
39
40
54
109
100
120
127
46
30
27
36
50
23
44
26
29
17
6
18
14
20
13
15
24
12
33
43
23
24
21
22
13
16
18
13
25
21
21
11
4
1
23
21
44
78
48
46
73
42
42
32
33
30
58
61
41
38
37
33
29
29
28
22
25
32
44
29
38
43
56
66
29
30
36
37
46
36
25
33
47
44
19
42
27
90
37
31
22
111
183
83
33
35
180
140
54
43
105
44
66
63
36
46
54
47
78
65
21
26
54
52
41
67
195
147
52
45
18
46
148
232
239
195
90
40
37
30
5
27
15
59
73
129
186
62
86
124
113
169
225
227
224
173
168
176
201
189
114
173
233
240
206
215
242
236
233
242
247
243
246
251
250
184
239
242
243
243
243
245
245
247
247
246
246
243
244
245
243
245
249
246
250
244
247
175
127
187
245
232
202
86
36
132
65
106
120
243
246
181
185
240
217
155
63
102
107
37
207
178
107
58
120
233
133
157
200
164
216
220
156
55
155
166
53
53
87
18
37
14
20
28
25
9
18
51
27
26
49
53
15
30
34
26
5
19
17
19
30
20
31
34
76
113
67
35
30
14
8
25
17
15
8
42
35
29
6
145
174
48
24
1
124
123
31
65
70
13
26
90
58
73
43
30
52
72
3
19
16
30
11
20
23
35
27
17
27
7
41
64
118
2
35
24
27
19
41
37
15
43
55
18
49
24
41
76
62
41
20
21
36
55
95
128
191
203
17
18
33
35
25
16
23
29
42
14
30
32
38
48
44
33
5
6
17
16
34
49
36
59
58
64
33
39
35
36
36
29
33
49
20
32
45
31
21
29
22
32
39
34
11
42
22
4
24
40
9
56
48
38
17
9
26
25
23
17
33
44
47
20
2
43
34
54
47
33
39
27
29
32
42
30
32
33
42
42
39
35
19
41
41
28
34
26
23
13
17
22
50
32
111
146
88
73
55
16
16
35
32
34
53
11
8
19
6
16
14
31
23
31
2
19
33
35
25
9
26
17
10
6
14
19
20
8
36
41
32
23
23
13
44
65
41
35
52
48
47
36
33
16
58
71
40
37
19
37
23
24
30
38
39
42
39
22
18
21
24
36
46
60
27
26
44
25
33
37
40
19
55
40
18
39
51
43
52
42
102
35
46
233
132
53
99
152
66
29
52
95
34
62
38
34
33
52
27
16
23
34
33
54
230
154
53
56
41
125
157
176
242
154
46
41
56
75
37
71
114
68
46
99
98
48
39
95
138
123
199
199
237
234
245
239
239
120
76
111
175
236
112
121
234
224
212
233
228
238
208
175
252
154
185
243
240
245
242
245
244
249
247
248
246
250
247
247
247
243
245
249
244
247
217
211
175
101
251
241
148
59
33
190
134
112
107
124
199
251
211
219
195
133
120
217
97
141
247
239
209
104
124
173
89
24
47
78
121
233
198
233
242
178
58
39
8
4
29
68
99
10
52
27
50
58
14
20
19
23
23
28
40
34
8
10
18
26
18
25
16
2
58
54
25
32
53
2
1
35
29
19
17
32
30
26
19
69
78
39
32
16
33
43
53
64
4
10
21
12
32
86
29
159
79
19
40
21
11
76
114
50
68
40
40
19
48
35
17
13
28
24
27
14
11
19
30
99
58
36
14
33
24
50
137
93
89
70
108
90
24
127
241
170
132
120
149
50
26
23
12
61
34
25
35
66
21
28
20
16
29
16
25
9
16
17
22
30
45
58
58
50
37
27
19
16
31
21
23
37
26
33
21
19
14
10
45
35
33
11
2
64
50
40
31
23
56
60
26
15
16
31
21
12
4
5
40
36
22
13
19
31
30
26
47
37
30
18
23
19
14
30
35
34
47
30
39
24
19
33
30
41
37
25
28
22
17
9
37
65
64
110
54
33
33
7
25
46
36
65
31
15
27
25
24
14
12
16
13
26
11
20
17
20
21
9
11
11
11
2
10
20
26
8
7
39
38
34
39
29
24
38
32
24
62
52
55
74
29
41
62
57
41
51
44
28
25
28
30
35
21
31
39
27
31
133
101
52
47
24
28
36
26
20
24
28
23
25
68
56
19
27
34
39
39
40
38
38
61
109
205
64
94
144
23
44
50
45
34
25
28
34
38
50
34
23
26
35
21
61
134
52
54
27
52
63
68
119
228
39
70
85
69
67
77
39
61
56
41
88
93
48
49
72
68
150
159
232
237
244
208
181
220
115
89
127
130
221
221
201
198
150
123
143
180
142
153
80
161
134
194
237
234
238
239
242
248
251
246
247
246
249
250
248
248
242
246
244
249
244
240
217
233
196
157
224
141
75
61
208
193
106
83
99
101
239
241
178
83
164
162
134
109
172
238
194
214
224
224
80
64
80
170
213
213
204
228
249
206
61
64
27
19
19
28
42
32
16
41
81
88
83
42
10
13
6
15
21
34
34
24
35
54
77
112
70
142
164
41
51
14
19
69
32
45
15
23
28
23
5
20
25
17
50
17
24
14
17
10
24
47
51
120
74
70
31
48
94
16
46
21
35
37
10
19
60
117
61
29
10
14
4
23
9
25
30
21
22
23
10
15
20
17
73
132
46
14
53
40
49
60
44
26
165
207
121
56
115
240
151
53
116
226
152
19
19
49
128
37
27
64
80
8
27
18
30
44
40
30
13
32
27
22
20
45
61
53
39
38
28
10
27
27
13
20
28
24
14
14
18
20
26
48
24
14
20
29
40
52
50
18
24
83
48
36
40
18
27
24
15
13
15
33
34
25
8
20
21
17
22
26
44
60
52
30
16
13
12
21
31
46
37
26
25
22
39
49
53
43
33
45
32
21
16
22
51
49
48
40
34
28
5
19
45
39
35
32
25
22
26
33
20
12
8
12
26
14
32
23
19
11
16
43
37
18
11
7
14
51
25
14
37
33
32
38
38
24
27
26
23
50
46
41
48
34
37
38
50
47
45
52
26
25
23
32
20
31
37
32
26
48
100
135
69
38
19
24
19
18
21
24
20
25
22
24
68
38
34
28
29
30
36
55
127
165
28
165
154
151
83
35
42
44
39
26
28
28
38
30
45
50
40
42
47
36
38
47
32
45
71
60
52
47
136
147
50
57
65
68
37
48
25
34
54
32
50
47
37
53
51
44
143
197
234
225
156
112
95
79
65
75
142
198
237
237
242
196
137
147
67
162
142
101
88
113
127
152
243
240
237
244
244
246
249
244
247
247
248
247
246
244
240
242
241
236
247
225
173
221
183
115
132
153
92
84
107
168
135
134
162
114
195
239
227
200
124
95
97
105
80
168
126
102
231
243
74
59
116
189
214
233
149
96
148
160
136
87
46
100
25
17
20
31
23
38
72
97
100
37
19
33
27
28
14
30
21
51
171
204
186
196
137
174
170
36
42
32
25
26
25
92
60
6
43
33
99
51
28
21
18
18
17
13
16
9
34
49
128
143
54
54
43
82
74
18
42
21
23
10
16
25
66
74
49
8
19
25
4
5
17
23
63
61
14
16
15
20
26
58
55
73
22
22
24
25
33
49
53
49
155
75
39
99
140
176
78
52
142
111
73
19
23
95
153
159
58
90
76
25
31
34
50
39
41
26
13
37
42
25
12
38
37
29
36
27
28
15
23
15
7
17
21
25
20
18
22
14
15
32
20
15
39
21
16
42
32
24
35
67
36
53
27
24
34
28
25
32
30
36
39
50
26
40
19
21
26
29
43
66
57
45
35
34
15
25
33
27
13
12
27
34
40
48
27
30
31
36
32
26
19
16
29
41
24
20
29
42
2
16
45
36
17
29
43
18
30
56
13
5
9
15
31
12
43
24
47
9
31
53
20
19
22
4
17
55
41
17
15
25
29
28
45
24
25
28
24
40
38
33
29
29
20
24
56
47
40
37
34
33
30
39
15
29
38
48
29
89
136
94
74
59
28
25
38
39
28
28
21
18
14
14
36
21
26
30
20
29
39
49
113
212
134
147
158
211
180
66
37
38
29
17
25
14
20
19
33
33
26
32
35
39
34
25
32
27
46
57
81
52
74
67
46
49
43
76
53
50
67
61
58
48
55
46
45
38
66
108
195
134
169
140
118
80
88
147
135
137
167
213
224
179
234
218
188
184
87
116
131
61
116
196
171
128
172
169
224
223
239
244
245
250
240
244
244
245
249
240
242
240
244
246
198
166
150
223
196
88
105
155
65
63
42
78
81
167
210
127
168
200
173
121
123
182
151
191
176
186
171
90
162
170
159
62
56
113
141
230
157
58
53
153
154
64
53
60
51
46
26
32
55
46
107
72
41
21
35
39
106
48
28
25
21
36
115
204
235
209
153
80
149
86
39
48
93
131
53
53
57
36
35
56
188
81
25
14
3
11
9
12
11
40
84
65
95
72
38
74
135
188
88
33
112
28
23
27
20
22
36
47
35
27
33
30
13
20
23
16
38
52
36
26
19
26
24
142
102
37
13
15
18
34
39
26
23
80
97
21
14
50
168
114
40
51
98
59
46
42
41
79
212
219
88
127
159
38
29
29
40
29
34
29
16
35
43
22
19
38
25
21
35
18
21
29
12
5
11
20
17
30
28
25
27
11
17
35
20
22
32
14
14
30
36
41
41
45
38
47
35
52
53
35
46
50
45
49
58
51
42
35
16
25
20
22
37
43
33
32
27
50
26
18
24
11
18
16
23
34
25
46
28
33
27
14
22
25
23
17
17
26
17
13
44
46
23
46
43
29
16
27
39
15
32
60
15
7
10
28
32
12
35
52
73
43
25
30
17
26
18
9
29
37
23
25
33
23
27
24
27
22
37
30
25
29
33
32
22
18
14
24
56
42
45
39
47
39
30
39
36
30
77
100
28
103
120
67
101
92
21
32
44
46
28
19
18
13
14
19
12
42
33
26
16
22
32
35
49
125
155
179
102
131
152
64
52
26
14
10
29
21
21
17
20
18
19
29
30
18
29
25
29
35
46
40
51
53
43
41
42
94
45
69
65
56
80
58
57
34
38
44
32
23
98
193
215
123
145
147
94
67
79
162
146
128
166
193
143
124
146
171
147
123
121
127
89
69
83
182
200
112
121
93
210
155
242
243
244
232
244
241
241
245
248
242
240
242
229
196
166
170
197
230
166
70
90
108
58
73
45
45
51
125
197
171
187
194
181
93
107
138
118
164
246
210
179
159
98
70
140
152
90
104
138
158
173
60
51
83
82
62
53
34
51
81
41
24
81
39
100
36
21
35
48
38
75
28
33
29
31
35
48
94
117
180
172
56
135
145
33
47
135
202
91
22
36
105
41
47
132
49
20
9
34
103
37
18
15
32
62
50
102
110
36
98
199
244
168
118
161
30
12
30
24
12
33
59
31
35
47
26
10
34
31
12
26
38
33
18
25
36
39
80
90
57
63
57
15
45
41
54
22
40
36
20
23
54
102
52
26
31
43
154
124
44
42
135
245
225
112
74
98
39
41
28
34
31
29
32
27
33
33
21
22
33
28
26
32
31
30
42
12
10
23
31
13
26
25
23
27
12
26
29
18
29
29
26
11
25
40
39
42
35
42
40
45
71
51
38
62
56
36
46
54
40
44
36
12
32
31
14
27
21
24
30
37
37
47
20
22
41
70
34
32
40
17
44
39
33
26
21
24
26
30
24
15
20
33
33
51
41
51
70
38
28
15
32
29
13
19
34
27
11
14
38
39
9
38
71
59
56
28
25
27
32
18
14
36
19
8
35
54
27
30
25
13
18
32
42
35
21
34
41
34
20
20
34
47
38
41
37
44
44
23
30
37
38
85
98
32
131
72
84
95
82
22
33
35
35
24
25
19
21
20
19
14
52
41
29
20
10
21
28
24
31
86
208
90
59
142
59
48
19
16
18
29
29
28
26
20
16
27
28
28
20
25
27
30
85
59
34
16
38
50
43
37
75
41
53
38
44
50
44
58
38
24
31
16
25
89
197
218
194
192
166
65
54
92
84
118
100
185
150
78
82
73
99
72
66
123
102
67
84
64
94
165
119
111
101
193
155
239
216
232
192
218
244
241
242
242
244
240
243
230
181
201
222
225
167
98
68
59
70
77
86
61
47
53
56
149
226
226
214
211
176
101
47
52
65
181
139
105
182
102
61
122
176
171
162
102
92
190
69
53
28
47
48
32
37
36
57
34
37
123
82
70
32
33
54
57
37
22
10
29
36
29
33
60
122
99
105
116
50
126
170
62
86
156
189
58
14
22
103
36
31
49
23
25
23
54
116
38
24
22
16
27
39
100
96
43
127
232
228
161
174
141
84
79
37
18
8
39
52
122
62
64
36
10
25
25
6
24
29
31
91
67
32
48
14
44
88
142
114
75
66
90
138
89
33
66
77
118
125
33
57
25
26
60
190
164
40
94
215
227
143
117
69
19
36
52
47
42
25
23
26
32
32
21
23
15
22
27
32
33
41
37
36
20
22
30
38
17
14
23
18
22
20
36
21
22
36
35
38
13
29
27
31
36
39
53
63
39
67
31
30
53
37
15
27
33
34
39
42
10
48
69
37
25
24
42
57
60
30
65
41
37
75
88
49
53
48
27
41
36
23
30
44
34
25
29
28
24
23
49
44
35
33
63
58
32
27
17
52
19
12
4
9
28
12
21
41
45
7
42
51
29
26
33
33
26
28
23
11
34
16
13
34
46
28
31
26
14
15
25
81
55
13
31
49
46
31
24
36
46
37
30
25
30
44
30
24
17
49
65
55
41
195
94
84
50
44
34
28
24
23
25
37
29
33
23
19
26
21
24
26
27
11
20
28
33
12
33
183
125
64
168
57
30
22
23
24
18
22
22
30
37
14
29
30
28
34
18
24
41
148
55
64
17
21
36
40
29
21
34
42
19
34
29
43
50
56
41
29
23
40
65
121
190
241
195
112
66
75
139
54
104
114
197
110
72
67
84
59
60
70
102
47
66
77
83
57
107
119
103
133
162
200
213
193
219
175
193
245
234
242
241
243
245
244
244
230
245
245
187
83
102
101
45
64
91
86
57
39
50
26
98
248
242
230
219
227
87
46
75
46
82
60
74
157
129
122
160
113
151
181
46
55
180
140
91
52
61
64
63
91
60
43
71
113
189
130
57
50
55
80
40
31
20
14
24
28
22
29
61
193
216
98
44
22
86
121
87
104
128
154
17
28
16
49
21
21
34
34
29
36
41
55
35
20
25
12
20
46
57
19
70
179
223
160
56
108
73
133
186
97
15
18
29
23
153
74
76
51
15
8
14
18
17
20
57
180
87
46
75
20
24
75
134
114
153
138
188
181
110
55
103
144
211
147
23
70
35
45
120
129
159
102
194
225
152
69
80
114
23
40
37
49
34
4
19
20
27
28
22
25
18
19
25
36
38
27
21
25
21
29
29
30
24
12
29
24
28
39
46
36
30
33
23
30
29
35
32
35
33
55
70
88
49
52
24
30
35
14
17
14
27
34
34
18
17
70
88
59
46
47
51
60
51
44
60
52
45
59
43
47
62
37
31
33
33
24
31
36
35
24
24
26
31
16
38
34
28
23
63
39
33
20
21
71
5
13
13
9
17
19
28
42
40
14
32
32
22
4
16
19
20
26
19
7
27
25
14
19
28
19
22
20
14
20
39
103
61
14
28
43
36
30
22
30
54
40
26
30
28
35
42
31
10
49
70
51
50
230
132
40
26
30
35
28
17
23
34
29
32
32
21
22
33
5
8
13
27
25
34
29
30
23
17
96
109
49
73
40
31
23
16
18
12
17
18
24
46
13
28
50
50
25
5
33
55
147
59
90
24
21
14
28
33
41
44
40
42
41
33
31
27
42
61
29
32
61
116
77
101
197
103
67
100
141
146
83
75
111
134
114
81
77
113
64
78
71
79
65
60
68
78
72
76
74
71
94
131
159
171
208
226
197
208
222
201
237
244
242
246
247
243
250
241
225
163
106
199
166
63
54
81
97
57
46
63
42
64
233
236
241
236
160
54
101
155
87
50
67
108
138
145
170
155
91
61
108
59
32
140
217
185
78
55
126
178
209
121
117
150
165
195
90
43
57
93
110
21
17
20
15
18
12
27
38
19
99
219
198
93
42
19
24
47
40
64
103
49
80
14
33
19
6
36
31
22
31
31
67
67
17
29
31
18
40
42
36
116
207
132
68
5
20
32
111
189
132
28
29
19
24
20
26
56
38
13
5
19
44
33
23
68
119
39
104
113
9
19
26
29
68
180
230
243
166
56
25
75
141
187
93
20
15
35
59
120
133
206
210
232
172
55
111
30
70
20
55
32
20
14
7
20
30
30
22
32
32
38
26
25
26
30
18
21
39
13
33
31
20
10
21
34
36
45
47
20
26
20
19
16
21
24
35
55
23
59
62
47
49
67
37
33
54
45
26
27
11
19
45
34
1
43
92
46
22
72
67
32
20
57
24
38
33
28
48
44
29
52
29
10
10
36
19
15
11
30
35
31
33
9
8
40
48
28
20
56
40
40
21
4
54
18
19
35
20
19
30
30
33
38
24
39
59
19
11
17
13
16
33
26
18
20
26
8
3
1
5
9
6
22
28
30
44
32
43
46
34
20
29
27
42
58
40
25
32
31
23
33
51
14
15
48
47
61
166
39
31
31
30
27
33
26
40
40
26
15
16
16
27
27
20
27
27
16
37
44
24
25
29
43
13
23
35
23
35
23
17
23
22
17
25
24
32
20
27
41
72
76
26
16
81
55
46
53
51
40
36
42
18
41
49
42
44
47
42
28
21
22
43
71
21
25
92
237
122
62
140
74
84
109
183
91
68
50
62
65
122
79
50
70
98
61
63
68
89
74
63
54
71
48
59
50
46
144
101
150
211
238
203
189
194
158
193
208
246
241
246
247
246
242
224
211
219
238
207
81
41
63
92
83
80
132
73
66
197
236
243
206
33
118
188
169
54
62
58
65
108
198
216
113
69
65
17
31
108
174
135
107
51
72
81
218
235
159
172
96
42
82
46
39
67
97
68
96
25
29
20
17
26
33
23
38
48
122
190
160
102
49
13
9
23
92
7
57
112
17
19
21
4
23
16
20
33
57
49
30
24
47
133
55
33
25
45
135
124
27
33
29
72
67
119
115
19
29
14
20
36
22
3
3
4
15
11
27
26
79
46
26
6
23
120
63
12
17
20
26
60
215
203
192
187
109
23
141
111
166
78
7
8
16
49
48
199
232
192
166
118
22
123
32
8
16
56
37
29
22
24
17
37
23
22
19
25
33
18
13
21
12
17
11
14
1
17
2
27
38
37
23
28
19
18
2
3
3
9
14
24
28
35
28
12
51
38
22
6
10
44
28
51
39
22
35
31
27
42
21
5
66
38
27
19
76
74
38
32
66
20
16
17
38
33
60
39
37
55
24
17
59
16
7
17
15
23
33
36
33
39
42
23
8
26
48
60
32
18
11
24
33
30
29
12
24
35
17
8
27
36
11
27
14
12
2
6
11
18
30
37
17
20
16
2
6
6
4
9
13
17
29
47
51
30
34
17
16
25
16
68
69
31
42
21
27
33
49
61
45
32
45
44
28
26
43
46
28
24
25
28
35
44
25
20
12
19
15
21
26
23
25
18
21
20
23
35
27
22
83
72
52
36
24
29
21
16
25
20
24
21
19
35
24
36
39
43
34
32
53
61
61
50
36
50
46
54
53
48
48
39
34
34
32
60
57
38
39
11
53
62
52
84
231
95
137
238
150
67
68
127
56
59
44
21
29
44
39
68
52
29
47
62
63
45
77
59
73
85
70
199
127
70
243
239
225
225
228
225
189
234
195
151
78
247
236
249
250
247
244
245
248
236
189
196
82
67
123
136
57
82
176
161
47
135
156
221
199
62
176
147
115
34
123
139
165
209
140
94
39
38
113
58
32
193
220
105
10
30
113
92
198
165
221
173
64
42
84
34
70
51
89
21
209
89
34
22
24
37
39
23
30
132
106
167
143
203
236
81
28
11
17
13
27
20
17
53
123
4
8
11
12
1
128
91
27
14
85
218
112
44
17
77
26
11
17
72
82
85
65
107
57
7
5
15
30
16
5
2
4
6
7
1
7
17
123
136
6
24
45
22
3
8
14
17
88
42
85
26
43
60
83
14
87
80
135
64
24
7
31
74
47
205
133
10
121
125
5
26
13
16
21
33
35
33
22
18
31
14
22
34
25
44
28
30
27
14
2
28
51
25
9
10
13
22
17
8
6
31
28
38
22
40
44
54
28
27
43
23
17
22
24
36
18
25
40
34
39
35
15
7
18
18
24
28
14
18
36
17
15
30
90
50
33
36
47
26
16
18
23
26
52
38
39
35
20
15
41
27
14
15
16
18
21
13
39
59
38
18
12
21
40
34
41
30
26
37
17
22
23
13
24
24
34
31
21
27
14
21
14
12
22
43
12
10
12
8
3
3
12
12
8
19
20
21
23
30
41
53
56
29
14
17
20
6
27
57
25
30
50
27
27
29
53
65
56
30
35
39
39
25
23
26
17
25
27
31
34
34
58
21
9
25
30
17
15
25
15
30
25
24
22
17
17
7
101
110
73
51
34
27
30
25
27
27
20
18
12
22
12
25
29
42
32
17
25
31
76
127
72
38
39
28
17
32
121
49
34
23
32
99
25
38
20
14
35
76
56
68
182
63
234
175
63
72
90
71
55
68
57
47
45
25
28
43
54
59
37
30
141
141
102
76
64
66
73
135
190
97
248
237
241
223
243
248
170
203
123
198
56
222
234
197
241
243
234
235
238
237
85
139
100
81
155
151
124
210
177
174
44
110
73
206
236
247
225
147
31
83
238
158
113
166
67
19
62
73
60
33
52
188
59
51
54
19
90
99
200
159
142
149
154
77
25
43
117
12
21
20
59
31
23
36
23
33
25
37
40
141
123
97
185
210
216
172
30
21
21
66
8
18
31
34
76
26
27
19
12
15
45
54
31
8
87
117
91
35
25
3
20
59
45
25
36
218
207
119
30
33
9
22
23
3
26
17
7
14
15
15
16
22
76
76
20
13
41
42
12
6
6
9
60
119
44
97
20
24
76
55
41
82
30
91
32
12
19
50
16
85
28
38
30
16
15
16
14
19
14
32
29
18
10
18
20
16
20
19
26
43
31
40
37
25
35
38
30
35
26
33
24
30
38
14
30
29
33
34
28
60
39
29
33
34
17
15
14
38
44
26
28
32
25
8
26
30
5
20
32
35
44
35
25
3
29
71
63
20
55
26
16
39
35
15
18
12
22
44
27
32
39
31
32
29
41
13
16
22
40
25
28
15
46
46
28
36
24
29
24
46
25
19
13
13
5
14
7
13
23
32
19
26
18
14
23
28
21
10
16
24
18
22
8
20
12
13
22
17
13
35
24
49
30
25
21
23
34
38
16
20
14
28
46
36
21
36
42
28
18
18
40
33
39
46
33
23
32
33
20
22
13
22
23
40
24
70
190
37
20
30
21
19
19
15
19
17
19
34
28
26
34
16
26
59
81
44
32
25
31
16
35
92
20
27
20
16
16
40
40
32
28
29
53
24
91
84
97
61
26
23
21
37
114
65
48
30
28
27
28
31
32
50
10
53
75
63
103
93
76
40
33
72
28
69
107
83
50
59
38
92
58
56
94
77
50
60
175
111
103
72
67
49
104
108
115
67
249
231
233
231
210
106
156
156
121
93
90
187
210
104
177
249
247
246
241
242
146
67
170
198
219
236
194
176
99
98
35
89
105
123
211
231
214
196
178
178
183
169
69
37
44
25
41
68
38
73
80
86
32
31
31
100
71
63
157
66
66
63
25
15
15
31
49
25
30
37
156
59
114
53
23
62
45
70
108
31
224
173
57
33
37
23
9
20
24
78
14
25
22
9
10
11
22
34
18
25
19
13
25
25
90
102
164
51
22
30
66
100
67
47
16
164
240
116
33
46
8
3
9
17
15
17
14
20
23
21
29
27
74
55
4
36
22
10
20
18
23
15
21
44
33
102
45
33
75
61
48
75
23
43
28
21
56
63
10
12
28
33
26
16
19
21
18
20
12
21
28
22
9
12
14
28
32
29
8
28
46
35
25
31
67
57
39
33
24
27
27
43
32
28
38
25
23
34
25
35
33
33
18
9
22
31
26
14
37
33
32
28
33
6
22
19
16
29
19
20
38
30
25
46
59
53
55
40
43
60
35
38
32
28
15
27
38
38
29
37
37
34
32
29
33
13
16
34
43
42
34
24
51
25
26
38
15
46
10
31
26
18
5
12
16
15
33
40
39
39
35
23
12
33
21
27
25
14
13
14
16
16
12
20
17
27
18
13
24
23
16
17
7
22
27
18
27
25
14
11
21
23
25
12
25
19
22
24
20
18
26
22
28
53
22
25
29
35
24
21
10
20
34
37
30
41
54
34
32
21
56
62
16
31
27
35
28
32
39
34
35
21
25
48
101
42
26
24
34
32
54
37
33
37
25
36
35
32
45
19
25
57
60
22
29
41
36
31
24
22
27
85
49
23
26
22
27
25
37
24
61
68
9
55
78
58
78
47
90
69
33
50
15
53
62
76
61
67
39
138
204
210
213
134
109
196
217
97
30
110
84
128
105
185
187
85
240
241
243
244
156
67
144
138
67
53
63
88
141
80
165
145
144
188
241
249
205
102
229
239
237
213
98
74
68
50
31
99
73
108
223
136
83
97
197
179
68
61
36
22
45
19
17
23
27
94
84
34
33
30
25
47
50
72
75
85
61
26
19
16
6
21
32
38
52
99
171
204
165
38
95
54
48
79
44
45
113
80
36
54
78
134
124
54
11
18
15
31
33
26
22
16
16
45
31
29
57
33
30
31
55
111
84
29
17
53
34
78
95
186
54
144
239
126
42
12
18
26
29
37
30
21
27
29
48
41
19
17
26
29
145
115
22
12
33
49
27
25
22
20
24
25
23
22
26
15
11
19
24
47
12
96
114
36
64
138
44
24
27
19
15
21
28
20
15
15
15
13
14
19
27
38
44
39
12
23
30
28
33
46
64
83
52
43
22
34
39
22
10
29
41
19
28
41
31
41
48
36
19
5
26
19
13
4
23
42
41
39
26
22
24
14
15
22
38
25
32
23
37
91
40
26
28
74
100
101
40
41
30
41
26
34
45
47
60
31
48
37
27
19
45
47
37
32
42
49
41
27
28
17
20
34
21
30
14
27
33
32
16
50
22
17
51
43
24
26
23
22
20
18
13
19
27
20
10
13
23
19
20
23
19
19
20
16
26
24
18
13
6
25
30
24
27
27
13
19
26
9
6
7
16
30
38
22
29
28
28
23
22
29
29
29
20
32
30
19
13
30
38
36
36
47
25
21
33
27
52
45
18
38
15
33
21
18
34
47
34
25
34
26
59
53
19
27
33
38
60
27
14
32
26
26
22
23
28
24
28
35
36
24
44
31
22
18
32
31
43
76
40
22
21
17
21
27
34
31
41
34
29
46
61
68
59
47
71
58
44
58
34
59
55
57
89
77
109
187
159
175
252
181
91
216
244
192
119
166
142
219
158
235
207
126
222
222
212
230
189
59
79
84
92
65
69
73
64
64
138
108
125
174
233
241
116
186
238
238
241
108
54
37
54
46
20
56
68
166
142
47
35
35
129
152
92
26
24
20
22
15
14
32
29
62
62
19
30
28
38
43
47
75
35
53
40
40
23
23
20
20
20
43
48
163
133
210
147
115
198
48
103
92
45
63
37
64
100
103
105
191
156
112
21
7
26
32
22
32
23
38
26
43
37
25
97
150
51
32
25
38
26
26
28
35
30
67
80
178
46
209
179
58
64
23
37
39
39
35
28
36
30
21
20
26
22
12
12
11
111
118
20
51
73
22
18
16
23
23
38
32
27
28
30
18
53
27
12
19
29
59
60
32
35
127
52
25
56
16
13
30
57
27
18
37
33
15
22
24
37
38
34
30
19
22
30
33
35
45
37
56
35
33
33
44
41
18
15
32
48
25
23
21
41
39
31
24
22
23
25
19
31
32
26
32
45
47
29
17
24
20
23
22
37
27
28
14
51
59
20
47
45
64
93
74
28
43
32
59
52
48
50
62
76
51
43
34
39
31
54
54
48
26
18
34
47
28
18
25
16
22
12
13
11
27
34
35
44
64
28
28
33
30
17
21
11
14
13
7
12
15
22
21
8
18
16
10
17
20
13
16
27
15
12
17
11
15
21
30
31
27
32
35
30
41
28
14
7
15
16
23
28
18
17
34
35
29
19
25
30
25
16
19
28
20
22
31
29
33
29
28
18
26
37
83
67
43
47
29
29
39
11
22
29
42
20
22
28
12
41
37
65
79
34
47
51
19
98
42
16
14
11
20
24
29
23
22
54
26
49
25
24
14
32
41
53
57
40
27
30
27
25
19
19
34
21
14
31
37
46
65
83
34
69
61
37
66
55
59
50
35
75
80
140
176
111
137
255
200
125
228
238
238
213
199
209
241
223
242
222
202
237
194
171
147
177
61
74
72
124
74
80
77
51
53
86
94
124
204
241
241
139
236
235
227
191
73
71
123
117
102
95
35
104
186
56
24
41
40
77
77
73
20
37
23
18
14
21
28
25
40
40
13
29
38
50
38
48
62
51
19
23
36
17
29
37
17
45
61
24
109
92
106
159
192
200
44
74
50
77
81
23
73
136
121
49
85
73
79
27
24
31
18
15
21
9
63
63
37
35
32
79
171
62
29
57
69
35
38
48
32
42
79
129
125
51
146
73
18
59
111
21
21
32
25
11
19
16
12
5
23
22
18
18
52
65
51
24
66
73
8
17
12
12
32
42
31
31
28
18
22
52
23
24
36
28
21
33
34
27
56
77
52
49
48
26
30
33
27
19
59
53
29
34
20
34
35
22
24
24
20
28
29
31
37
40
38
27
26
35
41
44
34
19
36
30
27
24
23
37
21
10
13
13
33
29
38
34
36
34
21
32
36
37
26
26
23
39
44
36
17
21
17
61
32
32
72
50
39
36
26
25
39
30
63
41
44
47
45
61
59
37
29
36
33
75
53
50
23
13
34
32
23
25
18
18
11
5
19
35
45
36
35
64
74
34
35
17
17
17
22
7
4
6
6
16
15
19
21
24
43
15
17
25
14
21
17
22
18
8
11
9
14
28
33
29
34
31
38
53
46
33
27
17
22
19
14
13
11
3
23
32
28
20
30
29
24
20
19
27
20
21
20
24
25
19
11
6
55
61
108
85
50
52
15
38
33
26
41
33
32
16
22
23
19
49
25
89
132
89
47
45
33
130
45
32
21
14
21
26
21
17
20
65
23
36
33
31
23
43
40
36
46
29
16
30
34
23
14
14
46
29
21
37
41
52
58
95
42
97
94
41
69
50
42
30
20
39
63
102
141
167
187
248
217
202
240
233
234
236
161
217
234
241
244
240
241
244
214
179
117
130
80
109
66
87
69
73
75
78
53
53
72
100
181
197
218
222
241
237
204
131
68
78
207
204
149
126
59
104
159
48
30
45
51
45
32
46
53
93
31
39
33
20
31
32
53
28
27
21
45
59
26
37
60
63
20
25
26
34
24
34
22
99
87
11
37
68
53
151
229
201
88
124
101
73
67
45
55
99
83
51
10
12
32
38
36
26
11
26
17
12
60
55
30
45
35
39
101
53
38
82
80
28
28
40
94
40
70
145
88
52
83
63
44
40
156
16
9
25
15
32
38
11
14
14
26
18
22
22
56
103
72
24
44
38
13
18
14
8
28
25
22
32
61
106
14
25
30
47
52
30
84
79
32
40
102
103
92
56
62
23
16
7
20
13
56
48
36
30
21
31
23
14
27
46
38
22
17
29
49
53
50
49
33
25
27
44
35
8
34
8
26
29
38
24
19
10
11
13
21
34
44
14
17
25
15
18
21
39
48
22
24
50
58
32
8
13
34
53
33
42
67
28
33
3
16
44
52
52
42
14
23
32
27
50
41
33
27
23
37
70
46
37
17
36
52
32
40
55
29
23
23
25
47
73
54
45
41
46
65
34
27
20
16
14
26
9
12
21
14
21
15
18
17
30
50
24
26
38
24
29
21
27
32
21
22
17
15
27
30
27
35
26
37
60
40
33
24
21
20
20
17
11
5
6
17
30
23
25
27
31
27
23
22
26
18
14
16
28
17
16
17
16
62
93
119
106
44
42
16
22
27
65
38
33
23
22
21
22
20
40
31
52
106
132
29
33
50
56
65
57
34
19
20
22
12
11
53
70
22
31
35
32
33
49
24
16
49
35
12
25
30
30
18
24
61
36
24
39
36
50
54
69
58
87
88
53
61
37
26
30
24
36
56
63
116
224
237
239
239
244
230
227
237
235
114
183
234
231
211
234
237
237
244
211
150
107
109
102
45
43
70
60
70
89
62
45
53
74
123
115
175
253
235
239
207
123
66
70
200
215
134
81
72
60
91
61
31
35
49
30
25
72
124
104
52
49
39
20
67
68
59
30
43
19
33
44
16
39
78
47
25
27
33
60
21
15
27
92
79
19
23
49
62
145
216
201
132
172
166
63
33
66
40
42
31
63
25
13
18
63
51
22
17
40
21
71
66
28
23
66
33
23
46
32
38
83
44
20
27
26
106
36
47
80
60
35
103
112
63
39
90
25
23
26
9
56
56
16
18
20
15
19
23
20
35
136
125
21
23
12
11
16
13
11
16
11
30
64
131
197
10
27
52
41
31
65
141
137
50
29
125
81
80
77
75
34
17
6
16
7
41
34
23
11
35
34
3
6
36
67
58
23
19
33
67
28
44
65
30
19
22
30
25
8
25
19
28
23
25
15
27
12
15
29
6
28
27
10
16
14
21
21
22
33
45
12
30
42
38
10
9
18
49
33
24
27
41
20
26
7
42
68
78
76
25
23
25
28
42
68
40
31
44
27
49
30
28
12
23
56
60
73
74
86
78
39
54
61
72
72
37
57
42
11
21
38
17
24
23
22
25
12
30
37
21
20
13
14
9
7
21
23
8
29
35
16
27
43
39
28
32
18
15
30
20
37
32
26
38
50
32
24
12
17
18
24
16
10
17
19
34
36
27
27
24
28
25
23
17
20
20
13
28
29
17
31
26
29
24
102
150
116
44
47
63
36
40
75
29
21
17
23
17
20
8
24
35
29
38
82
29
27
39
20
95
44
33
25
21
21
37
50
118
75
29
29
22
28
33
28
14
25
57
59
36
29
27
49
28
33
49
31
18
23
28
35
51
43
42
45
42
51
51
39
31
47
33
54
65
54
102
213
232
239
243
240
218
215
206
234
142
181
236
202
127
205
238
243
239
207
124
89
104
57
44
59
78
51
64
69
65
43
45
56
106
109
180
247
234
236
233
117
100
112
140
150
84
53
50
40
25
42
34
26
48
35
18
124
156
35
67
31
19
30
78
79
37
38
38
49
19
9
15
64
83
28
19
21
47
56
38
11
22
27
35
29
31
24
44
157
134
107
92
69
88
78
51
98
52
24
16
27
40
27
19
65
54
28
23
34
14
124
94
68
21
72
38
28
33
20
18
74
53
52
52
30
42
52
39
24
35
26
86
78
39
63
29
36
44
23
11
42
36
21
21
23
17
40
42
40
102
122
75
23
20
11
5
15
11
9
12
20
31
105
183
132
10
33
40
20
21
82
79
117
65
9
15
22
18
59
87
60
27
3
16
7
36
24
5
12
41
25
9
24
52
35
19
14
30
46
46
5
29
41
21
19
27
25
34
21
21
29
22
17
14
8
11
8
19
24
10
27
19
10
9
28
47
32
36
26
32
28
34
26
14
5
20
47
50
32
40
36
13
17
9
23
59
66
61
31
47
42
56
53
46
80
59
55
77
26
18
36
37
15
57
59
60
82
53
58
92
57
69
73
65
45
50
67
30
17
13
44
19
24
23
35
16
13
24
16
7
17
10
12
8
5
17
22
5
5
13
8
18
23
15
14
17
18
16
23
14
50
44
24
39
27
10
21
23
15
27
21
12
23
46
22
40
31
34
20
23
27
22
28
28
18
21
18
29
21
26
57
31
17
6
75
102
48
48
31
149
117
33
30
92
24
26
32
26
29
29
40
39
61
42
33
74
71
47
50
46
13
24
36
27
40
113
181
137
18
33
30
38
44
39
24
29
34
40
66
61
41
31
31
33
21
22
56
30
28
59
50
45
39
42
62
49
51
69
40
48
30
20
50
39
43
130
231
220
243
238
235
212
221
108
201
204
223
230
107
74
185
239
211
242
179
43
42
44
54
58
70
67
40
64
45
50
50
40
35
105
184
239
234
207
233
211
57
147
198
91
108
55
49
48
56
62
67
37
30
30
29
37
142
101
31
43
14
23
29
20
7
33
30
38
95
29
11
41
63
63
29
30
29
55
26
61
44
32
37
22
25
42
16
36
85
27
9
15
28
23
57
136
170
45
32
25
87
52
57
57
18
10
34
31
28
24
50
58
113
23
49
47
34
14
30
31
15
35
46
38
29
105
69
24
26
32
37
20
37
47
88
98
84
49
17
14
41
86
45
33
43
52
89
79
89
190
124
21
25
15
9
14
15
12
7
19
25
21
78
159
60
14
18
7
34
36
23
13
11
17
19
8
6
7
19
11
14
4
8
22
6
36
8
13
21
48
29
37
60
47
12
34
24
32
44
17
22
18
26
19
28
23
18
27
27
23
32
30
31
25
14
27
40
37
21
23
25
19
7
9
35
33
33
40
33
39
27
32
38
7
22
68
92
53
57
44
72
40
28
41
39
27
32
24
23
48
30
56
62
50
50
43
49
35
27
42
51
26
21
51
27
71
48
21
34
82
28
62
61
32
45
77
63
26
18
16
16
20
29
25
12
56
27
9
15
23
25
20
21
28
18
37
46
14
3
37
32
12
17
15
13
17
17
9
3
19
27
26
24
23
7
22
26
20
20
25
15
15
24
14
8
18
22
20
30
24
48
30
21
52
24
2
25
30
18
41
32
18
19
28
14
21
18
27
33
155
153
30
70
191
93
24
17
21
51
57
36
34
16
17
31
54
80
42
23
14
21
23
49
42
67
174
193
177
91
31
24
22
36
27
58
68
15
47
103
45
65
45
32
20
17
46
77
41
43
43
27
21
22
53
44
33
43
50
58
49
31
26
118
62
80
166
228
161
200
247
220
208
178
116
209
238
233
177
56
79
182
240
76
197
162
51
39
68
68
39
48
41
64
36
48
55
42
29
51
132
116
187
220
123
227
239
147
206
170
87
115
72
101
33
49
73
96
6
40
17
31
45
27
75
55
42
8
14
28
29
27
34
4
50
108
28
36
31
34
122
64
37
37
30
13
67
80
41
21
12
14
31
29
110
121
36
25
22
61
39
46
185
108
8
31
90
44
11
34
40
48
15
11
30
95
138
8
35
25
26
39
57
15
27
31
46
17
22
13
26
46
185
82
6
38
91
44
113
166
96
61
66
67
34
22
27
6
130
87
13
59
45
125
57
57
72
3
24
28
15
11
16
16
11
7
28
6
80
58
10
12
41
93
19
10
13
12
33
26
6
20
2
2
10
5
1
10
19
29
55
26
41
58
36
20
30
20
21
25
20
11
49
51
41
47
37
43
35
14
24
8
24
31
41
38
38
20
24
32
30
12
21
25
32
25
24
28
17
14
29
24
32
24
33
33
26
21
23
27
13
47
75
47
67
78
48
65
50
41
86
22
36
31
39
43
30
41
51
53
37
41
49
7
21
38
48
32
21
31
32
37
34
18
33
25
6
61
46
21
16
52
107
68
21
23
13
21
26
15
38
23
55
63
33
21
29
35
25
24
53
29
31
19
18
31
16
23
15
11
30
21
16
22
30
39
38
12
35
30
14
31
36
25
14
20
19
20
15
18
1
23
37
21
14
44
30
33
20
28
26
43
26
24
5
31
13
24
11
13
1
13
23
20
32
99
62
98
68
16
40
70
18
28
9
31
24
25
20
25
38
36
27
50
91
20
20
19
20
36
30
58
121
56
157
99
36
100
31
30
27
94
72
6
78
89
19
60
33
10
23
17
29
42
41
20
22
48
33
17
20
38
42
48
67
76
37
37
54
54
71
63
171
241
249
115
219
248
183
156
73
128
172
115
120
80
66
86
150
59
99
93
48
68
67
44
29
36
55
49
22
24
41
37
37
55
65
44
68
100
108
226
240
245
247
164
151
209
162
77
30
25
13
28
50
28
30
30
30
30
32
58
35
22
48
55
44
39
62
21
25
42
41
33
118
192
101
51
83
56
6
7
38
29
16
28
24
15
15
22
66
85
23
35
14
22
13
10
48
63
19
43
103
11
15
6
1
13
17
3
15
110
172
31
29
33
55
22
45
56
64
25
13
15
17
45
84
22
32
47
17
38
31
26
140
40
45
27
2
73
52
37
35
28
152
142
21
35
20
145
42
28
154
22
17
68
43
90
9
17
18
12
25
4
32
33
121
49
60
140
30
13
11
16
54
60
38
18
12
0
3
9
10
11
4
23
51
16
19
38
18
29
46
7
21
37
19
16
29
36
9
8
22
34
22
15
24
27
20
34
58
36
25
28
27
21
25
29
18
28
33
40
34
20
25
26
37
45
25
21
29
34
24
9
20
28
25
13
12
26
43
17
46
35
48
32
31
34
49
69
44
20
36
58
22
32
41
29
30
26
16
32
25
20
60
34
32
40
38
39
46
27
55
60
43
29
26
47
41
69
39
35
19
26
23
24
28
18
13
32
27
18
22
10
21
22
51
52
36
5
9
33
6
6
5
11
15
18
22
22
19
21
36
42
36
33
36
31
23
23
17
17
26
37
32
7
9
29
49
26
19
18
14
22
17
38
43
18
29
32
26
39
24
18
29
22
6
14
21
18
27
42
20
40
69
84
66
13
15
19
43
39
49
31
30
40
45
21
14
35
27
13
14
7
19
92
5
56
160
150
177
105
121
141
29
26
38
70
37
53
62
62
19
23
39
36
28
20
17
27
42
41
58
54
53
27
35
35
42
45
28
37
53
19
90
160
158
74
136
212
184
221
245
199
212
119
53
91
153
53
36
109
66
39
42
49
61
65
49
39
35
48
72
59
60
32
24
39
38
45
44
31
71
66
68
25
107
166
234
241
183
238
228
167
61
61
62
54
49
40
30
36
39
22
46
54
9
10
11
32
21
27
27
10
22
18
12
48
79
34
221
166
38
78
91
26
12
21
20
16
25
19
21
12
20
27
32
41
48
25
4
15
16
22
22
17
36
34
30
28
10
10
3
8
21
27
24
18
28
33
45
11
14
6
21
49
43
29
21
32
45
84
113
22
35
18
9
33
70
142
27
31
121
145
28
89
164
156
35
111
99
97
40
22
140
108
32
122
220
199
45
29
19
62
47
22
50
15
3
5
30
29
29
24
19
19
19
15
3
12
6
7
12
21
12
4
11
12
28
24
31
38
59
24
17
22
24
29
23
35
38
28
16
16
14
23
16
19
5
11
14
18
19
34
15
24
29
18
19
32
16
7
10
38
33
17
16
25
39
22
30
30
38
29
27
30
40
21
7
22
28
24
33
16
39
32
22
14
34
24
24
25
33
40
46
42
19
33
34
57
8
6
18
19
48
47
30
28
13
20
36
25
16
14
62
49
30
30
64
51
54
23
16
17
26
49
55
42
26
12
9
11
7
5
10
17
17
13
11
28
25
20
25
31
22
12
18
10
4
24
21
11
4
15
19
28
16
35
48
46
32
34
33
25
15
9
18
17
9
29
24
17
26
26
31
30
38
15
26
30
15
27
48
8
22
15
25
41
11
16
25
17
20
40
30
21
44
161
122
106
94
92
99
21
7
27
51
36
25
21
12
41
29
6
11
12
27
16
16
52
62
87
25
56
210
182
223
140
150
64
38
62
56
35
40
54
34
61
38
30
19
30
24
20
32
34
32
38
68
31
42
60
67
48
55
43
44
35
31
59
175
232
183
106
186
178
103
231
170
141
173
120
121
70
61
43
56
80
63
64
64
59
65
77
87
44
28
56
65
63
55
31
45
44
39
34
28
25
48
29
38
39
86
155
248
207
155
186
206
181
101
41
54
54
43
20
30
40
36
59
70
21
8
17
15
39
28
35
16
11
13
23
76
55
50
73
150
65
100
90
39
32
40
30
20
32
49
18
17
17
24
80
41
27
58
87
15
35
24
10
21
33
55
66
66
52
3
12
14
9
5
22
37
53
31
30
30
7
19
29
7
60
65
16
27
19
34
59
45
28
26
53
117
180
92
73
51
47
57
106
145
130
86
165
120
130
42
90
127
26
194
156
48
182
208
135
26
51
129
41
20
17
42
13
9
20
19
35
22
21
23
11
5
8
11
22
18
53
19
18
13
8
13
34
41
28
53
37
58
49
29
30
29
26
26
31
25
29
29
21
17
18
27
31
27
22
20
27
25
27
23
30
24
21
21
12
16
18
33
37
16
23
20
22
34
18
20
28
37
54
34
38
37
27
27
17
10
23
53
49
35
11
10
19
22
19
25
25
28
33
44
40
45
54
22
37
7
6
4
21
32
24
31
20
13
27
35
42
28
14
30
23
19
19
68
57
35
29
44
29
27
42
42
28
11
28
15
5
13
11
10
18
14
9
14
33
37
14
39
45
21
23
24
20
4
30
21
17
9
15
15
19
12
42
40
26
31
35
22
17
10
14
21
17
4
24
18
8
13
17
20
40
40
14
15
26
14
21
35
32
28
20
13
22
2
10
20
21
18
34
24
14
63
231
157
138
113
46
40
87
46
26
30
22
23
21
10
22
14
13
11
16
18
9
21
103
114
39
30
34
136
89
91
90
70
28
19
74
28
14
36
24
30
34
32
55
84
23
41
35
30
36
28
31
28
22
23
51
56
21
27
38
48
22
15
53
168
183
157
169
233
152
62
178
174
196
177
136
201
89
45
63
84
40
136
116
94
59
72
75
87
45
64
74
79
62
33
27
39
51
44
25
15
26
21
19
23
51
82
199
194
117
97
187
147
134
187
55
45
40
23
23
31
43
38
40
58
22
13
18
19
36
20
17
18
12
14
28
78
51
54
37
40
15
52
57
16
57
36
26
25
20
22
10
13
7
46
57
36
29
30
72
27
26
22
14
22
54
39
53
54
45
31
12
20
10
3
11
42
98
44
32
31
17
22
26
23
55
50
28
14
44
70
26
35
33
28
58
102
109
45
34
32
30
43
69
107
58
103
220
214
61
55
152
120
26
92
177
66
161
211
81
35
32
64
21
10
8
16
19
12
9
12
22
18
15
20
18
18
7
12
19
20
63
46
26
5
3
11
30
16
26
52
109
107
26
30
28
30
29
36
32
19
29
19
15
25
16
21
25
25
28
23
20
16
19
14
25
24
22
15
17
25
21
23
25
12
22
24
20
20
8
19
28
39
55
23
24
26
31
35
37
24
36
62
74
35
24
21
20
50
49
53
31
27
36
49
43
49
33
24
29
15
17
11
16
20
23
22
19
19
28
34
37
29
15
10
21
20
39
69
39
17
29
43
35
37
36
35
16
10
32
19
12
20
24
15
27
20
12
34
21
23
15
35
33
21
23
23
22
8
21
18
15
15
25
14
13
15
36
21
22
30
34
21
21
26
34
19
16
16
22
19
9
14
26
42
63
53
19
5
11
13
24
30
44
23
17
8
9
13
18
17
26
17
35
25
26
44
151
139
130
76
85
39
80
75
26
16
14
22
22
38
19
17
18
34
21
13
11
27
73
63
16
23
23
55
45
35
42
22
22
24
43
19
30
22
13
18
28
29
77
114
24
43
28
14
21
16
26
41
20
14
19
33
12
9
32
32
45
44
69
85
119
72
127
171
108
166
208
223
192
160
191
236
167
77
64
63
28
82
79
65
34
63
64
49
76
102
82
69
57
36
34
34
47
47
24
20
26
18
28
29
38
78
158
107
68
70
104
70
96
181
42
45
25
20
19
25
39
48
56
44
34
12
18
27
25
44
25
16
9
21
43
72
48
39
52
31
33
70
55
6
30
44
52
19
7
4
8
44
43
28
28
22
35
30
31
27
29
19
12
47
85
30
44
24
29
30
6
10
29
70
94
48
103
148
28
26
16
12
12
39
40
54
26
6
43
66
14
42
64
37
39
51
34
27
19
29
59
140
52
69
35
89
196
166
21
85
208
159
68
137
121
73
167
237
163
85
30
34
11
7
7
10
37
35
10
25
16
8
11
15
26
34
7
10
16
36
32
38
21
8
2
6
15
10
15
49
172
172
37
24
26
30
25
28
35
26
35
26
18
29
25
23
19
15
16
29
24
15
20
3
19
33
28
19
28
28
24
16
22
15
16
25
25
22
24
27
30
33
37
20
10
22
18
25
43
29
34
43
48
32
51
44
48
77
58
60
54
44
63
69
59
37
16
23
30
23
26
27
7
21
29
18
15
12
23
26
26
17
14
16
19
17
58
54
19
22
33
32
18
39
34
37
13
15
17
19
20
18
29
14
21
16
11
37
21
19
18
15
13
14
14
19
16
17
23
25
10
22
28
16
16
18
31
18
33
28
37
19
28
37
32
14
17
27
21
21
19
19
27
43
57
53
31
12
6
25
31
25
29
12
19
19
19
25
19
14
22
21
29
22
28
47
78
84
83
26
111
121
42
50
25
11
11
19
25
49
24
22
21
71
33
19
27
31
35
18
16
20
24
20
27
25
25
19
29
37
32
21
32
27
29
7
71
41
55
71
24
34
18
14
22
17
28
80
29
19
17
22
44
73
73
18
67
57
84
61
60
40
82
124
134
246
238
222
129
127
153
185
157
80
85
38
29
34
56
65
38
53
48
29
96
172
149
89
51
42
37
29
48
47
25
24
21
22
34
45
32
53
105
80
61
62
43
41
63
102
33
42
14
19
10
22
35
60
70
43
21
12
42
50
38
65
31
10
9
17
30
75
50
31
67
34
35
75
54
22
13
57
58
9
32
35
11
38
58
14
16
19
34
40
30
20
24
24
18
66
52
25
56
37
45
30
28
6
50
69
115
81
76
175
26
35
19
10
16
51
28
60
16
11
30
47
27
38
73
57
47
25
10
24
22
29
53
152
41
115
92
114
204
117
79
153
215
190
81
189
144
83
124
164
122
65
37
41
12
3
8
16
32
34
23
27
11
7
10
19
28
28
10
13
22
46
13
15
8
13
6
7
6
17
20
36
99
103
39
21
30
28
18
20
31
35
35
38
24
31
33
27
18
14
16
38
33
24
24
9
18
37
37
33
23
24
26
23
26
12
11
21
31
33
38
27
25
24
31
31
19
22
14
17
24
15
32
41
28
29
50
55
75
69
43
47
59
60
67
62
58
27
16
14
26
22
27
41
21
23
30
28
20
16
21
18
21
12
12
23
13
23
57
36
29
32
29
32
7
33
41
31
16
14
8
21
20
16
28
11
10
10
13
19
25
26
17
3
15
12
5
20
23
22
23
29
14
29
21
16
13
13
28
23
34
26
35
10
30
29
15
9
17
18
15
24
20
11
17
26
34
32
32
29
16
33
28
14
15
17
26
22
28
23
11
13
18
20
18
11
14
77
99
29
29
33
92
147
37
22
29
22
14
21
28
36
17
33
37
86
35
33
38
29
25
24
28
22
26
22
19
13
21
21
31
30
28
15
12
38
42
18
72
43
27
27
28
30
21
22
30
26
29
68
34
39
37
45
59
102
94
19
49
34
60
69
37
48
85
151
213
240
232
168
77
82
74
104
112
119
125
32
37
42
65
102
62
44
48
42
69
165
164
110
49
30
24
42
56
45
32
30
26
28
38
49
38
34
70
77
66
70
45
46
35
57
39
29
11
9
7
19
31
54
58
49
11
24
55
74
121
93
18
15
13
23
46
48
38
33
46
16
52
58
33
41
26
47
45
12
48
51
8
10
41
26
15
21
22
37
42
11
10
22
25
60
14
21
48
44
58
47
46
18
65
27
54
80
49
89
25
45
33
22
25
52
18
41
18
19
34
65
49
36
87
122
85
39
19
19
47
67
46
80
36
103
105
130
235
174
186
217
190
190
57
106
151
79
49
47
25
15
49
78
22
5
10
16
13
13
19
15
9
7
9
27
24
15
16
18
20
28
15
5
3
17
12
13
8
23
30
27
10
10
30
16
31
22
22
29
31
35
20
21
22
30
24
20
17
18
30
38
31
21
22
25
19
21
38
33
12
18
17
21
21
10
11
18
27
32
23
19
23
21
38
35
27
20
24
19
11
18
53
61
47
30
27
43
52
43
42
47
41
50
33
29
24
18
11
8
16
13
20
43
46
30
37
40
37
38
21
16
17
19
14
18
15
35
50
35
44
32
32
48
18
27
39
20
21
14
12
23
18
17
24
14
8
12
23
10
19
19
13
5
21
20
9
19
28
21
11
22
23
27
19
15
10
9
20
23
29
27
21
14
32
20
13
10
16
4
6
21
14
5
20
26
27
15
16
41
20
20
14
12
17
35
24
8
17
14
11
16
22
14
18
8
18
71
108
21
21
64
69
72
93
50
44
58
25
32
36
33
14
51
53
98
61
40
30
23
22
31
56
30
30
34
34
28
29
27
28
22
9
18
4
29
37
41
13
28
30
27
34
28
24
21
24
26
24
27
43
60
46
71
47
40
61
23
20
19
33
37
56
63
122
198
247
229
192
111
53
36
57
103
131
182
133
41
41
36
49
98
63
39
61
59
34
65
88
72
41
20
14
77
56
58
44
41
45
51
53
43
41
43
36
47
74
82
51
51
26
62
37
17
32
6
12
20
23
35
60
53
31
45
33
63
173
134
14
29
19
44
92
6
16
21
31
15
94
77
20
42
40
34
50
21
26
30
8
14
28
26
17
16
11
24
27
13
12
11
17
46
28
17
16
16
31
41
24
32
65
39
18
27
34
32
38
39
41
27
22
32
11
28
27
20
42
78
47
39
106
180
95
73
53
17
104
164
101
78
50
8
52
99
216
246
243
219
130
143
40
15
60
61
31
37
55
65
110
118
26
14
15
16
10
11
6
18
24
3
8
24
18
14
19
20
25
18
14
7
7
20
14
17
12
19
17
26
17
19
32
8
29
18
30
35
29
23
14
20
25
18
17
24
25
25
17
28
37
17
20
31
23
13
34
15
4
10
13
20
21
18
19
23
25
21
14
27
38
20
37
27
14
23
19
25
8
31
64
35
31
17
15
30
14
26
51
61
52
29
27
44
16
13
8
10
11
5
17
28
39
49
34
33
29
26
17
23
17
22
26
13
9
19
44
39
23
39
77
70
26
21
18
17
18
21
19
17
23
16
14
12
3
8
23
19
18
15
17
17
11
23
22
13
7
16
16
25
26
17
20
19
19
14
11
22
40
32
13
42
34
18
17
18
19
12
6
12
20
17
29
24
22
11
3
34
11
9
15
23
18
34
19
4
7
12
19
18
22
16
26
12
38
32
35
50
53
52
48
62
195
121
56
81
28
41
48
45
33
48
47
128
136
25
21
28
32
38
71
37
48
38
26
44
54
38
46
31
19
37
11
15
27
36
18
28
22
25
19
28
24
23
27
25
24
44
87
87
48
66
90
38
70
27
33
27
61
60
81
163
220
233
233
227
104
76
48
41
45
192
133
130
111
66
36
47
45
57
54
52
56
53
33
64
118
39
23
33
47
96
48
78
45
38
56
82
73
48
54
38
38
33
73
52
61
75
21
30
30
20
67
25
21
37
15
31
74
44
54
64
23
24
58
123
38
33
26
36
41
9
14
16
28
47
73
69
26
45
72
70
46
17
22
38
25
17
17
47
42
39
39
19
33
33
23
14
13
31
10
15
28
19
7
1
12
32
33
29
8
17
16
37
64
41
36
16
21
14
16
47
27
21
27
24
18
32
51
145
46
79
67
9
156
180
115
111
70
41
100
173
234
232
192
179
47
43
34
45
57
56
42
94
86
163
184
83
11
15
18
24
15
19
18
34
41
9
12
6
10
13
20
19
58
38
5
9
6
14
13
22
37
45
27
11
14
19
22
13
23
27
37
37
20
19
35
41
29
22
22
29
29
20
19
22
43
19
21
13
28
30
30
20
15
20
22
24
42
28
15
14
19
15
15
28
17
22
28
32
27
22
20
27
14
40
33
22
26
13
21
35
29
29
94
76
26
23
32
46
27
10
2
21
24
30
51
15
28
47
18
7
2
9
34
25
22
20
6
5
7
22
32
14
15
36
40
12
21
23
21
12
8
28
36
13
32
25
7
9
18
10
14
25
15
28
21
15
11
17
10
28
15
9
14
22
24
19
11
15
6
6
16
12
14
21
38
33
29
23
8
5
14
6
7
26
25
11
15
11
14
10
9
29
12
14
21
19
20
10
7
2
5
8
14
23
20
31
46
34
19
43
65
62
53
99
166
170
171
189
74
38
29
30
23
34
14
26
40
43
40
31
44
37
32
18
13
21
101
52
34
15
42
37
56
20
17
19
15
23
27
16
28
36
26
23
22
26
29
38
34
19
30
43
102
194
30
155
146
29
42
74
76
22
87
185
192
253
247
244
237
235
150
95
72
74
93
188
180
170
141
53
74
53
54
43
58
83
76
40
24
44
142
66
47
41
93
96
36
35
29
39
39
66
45
53
60
5
21
15
23
4
26
44
28
13
27
16
42
48
16
7
15
24
29
8
62
52
20
31
40
66
94
27
25
18
15
9
12
26
36
212
82
34
44
26
117
119
14
22
22
13
22
28
73
213
189
159
125
59
81
28
17
21
15
5
25
40
84
26
6
6
19
13
13
10
3
12
6
10
19
35
22
10
8
38
43
13
13
19
14
13
33
35
31
190
25
44
34
35
51
20
47
19
38
116
238
237
237
208
46
77
110
185
59
33
4
13
32
57
159
75
77
142
44
11
15
36
50
27
24
5
3
6
15
14
14
8
8
17
9
5
3
5
17
21
15
59
185
228
129
31
45
81
48
14
32
37
20
8
32
20
21
24
16
31
28
26
23
30
47
26
15
25
28
12
10
11
10
0
18
8
9
11
8
46
55
25
23
20
3
13
21
27
20
43
40
16
22
34
16
0
11
43
24
12
41
41
44
107
55
37
12
11
8
66
55
14
19
50
35
48
20
7
24
18
5
8
13
21
28
12
9
26
29
23
24
41
8
13
16
12
12
14
21
9
13
28
31
52
31
15
43
14
7
19
29
15
32
17
10
10
9
13
16
10
8
13
25
21
11
15
20
20
16
16
12
31
41
18
24
25
15
24
13
27
17
23
15
19
34
25
15
17
28
25
25
34
19
22
13
22
21
32
22
19
14
16
7
18
14
10
9
16
6
19
17
20
30
58
72
74
98
64
14
56
110
108
7
39
55
51
26
39
74
29
2
20
47
34
17
16
44
87
102
37
43
20
76
46
56
29
17
13
23
22
13
41
29
26
17
16
22
15
24
29
34
34
39
42
78
38
46
254
195
49
41
42
72
95
81
132
214
248
234
238
246
205
97
69
73
86
150
52
44
132
205
142
62
41
35
65
96
88
65
75
66
72
114
58
65
36
27
30
27
101
81
26
35
41
61
20
8
9
23
38
24
13
20
16
27
34
28
21
15
28
42
53
10
42
47
34
21
60
25
11
33
10
43
28
7
26
2
2
20
27
30
108
42
15
22
29
120
25
45
42
23
128
88
195
113
115
199
79
26
51
27
28
8
2
16
25
32
25
93
36
49
44
34
15
4
12
22
26
25
25
5
0
11
34
22
39
20
14
23
27
25
26
14
8
30
126
3
21
48
50
32
51
72
99
224
250
214
146
73
48
36
7
56
174
65
8
14
21
17
8
53
25
13
126
116
10
25
69
184
38
16
4
6
1
7
16
3
2
0
9
0
1
3
7
17
27
18
47
194
219
86
185
74
54
46
25
28
28
23
8
49
24
21
14
19
16
22
30
30
28
42
27
24
25
22
21
16
21
26
30
17
22
16
23
37
60
29
30
32
18
14
20
30
34
12
38
38
14
24
26
21
36
29
46
2
11
27
33
19
58
20
27
12
16
10
12
29
31
38
55
22
26
21
12
19
3
5
15
16
13
13
9
12
28
23
15
13
15
20
15
12
6
12
24
12
16
26
11
26
48
16
19
20
36
18
14
13
16
11
9
29
13
7
24
9
13
21
25
28
16
24
17
13
24
22
16
29
33
14
11
19
42
30
3
9
18
18
22
19
21
20
22
10
14
15
15
17
34
16
28
13
31
27
25
19
27
14
4
13
35
24
17
26
5
12
12
15
16
30
40
34
48
39
23
42
47
30
31
150
19
31
41
39
45
53
72
152
179
89
25
19
9
61
56
19
18
24
34
41
40
35
27
26
24
41
52
92
64
99
36
11
20
18
28
34
34
32
13
33
54
85
34
87
209
100
51
44
41
34
180
59
130
222
237
248
245
245
238
51
69
93
40
71
80
176
226
223
175
78
74
49
47
102
36
38
61
72
79
117
59
64
59
83
51
94
129
66
19
30
41
55
21
20
20
52
49
23
40
25
24
29
12
20
22
17
41
78
71
23
26
28
27
30
20
9
1
6
21
19
15
13
17
57
30
23
23
27
12
26
43
25
71
75
45
48
37
38
88
53
87
103
38
81
43
20
25
37
38
25
18
32
27
16
27
20
23
33
32
20
9
10
26
23
29
18
24
29
32
57
35
29
23
18
27
24
31
21
11
31
32
25
65
52
134
101
38
70
73
23
51
57
34
83
118
33
61
111
22
15
24
15
42
27
74
32
12
17
23
4
27
42
8
31
43
64
18
14
9
10
2
1
2
9
6
4
1
7
9
18
41
45
12
36
118
80
26
61
233
135
26
42
26
24
22
39
46
30
35
44
27
46
40
20
30
27
20
37
23
26
39
56
26
21
22
32
28
15
22
26
35
46
29
24
30
31
11
18
23
19
21
15
14
20
25
21
25
32
24
16
29
12
76
62
36
46
18
30
42
28
17
10
20
32
34
51
57
22
29
32
37
19
0
13
30
18
17
17
7
38
21
6
16
10
16
25
17
2
6
9
28
32
6
20
30
42
39
49
33
15
32
21
21
11
8
21
28
16
8
41
47
7
23
17
16
20
13
23
20
27
24
9
31
31
9
2
29
47
30
26
1
14
11
5
28
43
4
6
7
2
20
18
17
12
14
9
21
10
18
18
19
21
22
15
23
28
34
24
16
29
32
17
10
7
18
60
25
6
10
20
27
23
47
80
67
68
40
33
19
43
78
35
32
101
123
47
30
14
15
14
12
21
23
38
49
36
25
24
33
56
46
25
34
57
61
82
36
52
39
17
33
36
22
105
148
28
73
33
31
85
100
90
48
35
45
87
128
47
112
242
240
242
239
245
252
154
145
154
94
78
141
148
167
241
212
131
108
119
108
135
42
73
61
134
139
80
80
51
51
40
73
103
63
32
37
27
35
34
13
19
27
15
24
19
52
41
17
17
18
27
41
38
49
37
77
55
71
8
12
56
88
61
25
34
5
24
29
27
20
88
44
18
9
17
19
37
57
62
181
116
73
179
94
65
47
32
43
30
30
55
62
61
49
23
8
16
27
29
19
24
26
12
14
7
6
9
9
6
8
9
17
10
26
62
25
21
13
8
11
10
46
28
14
8
20
113
112
20
21
22
42
45
13
21
15
14
24
18
21
81
86
39
21
50
26
13
18
21
56
30
29
37
8
17
25
55
45
35
42
29
15
12
24
30
21
14
6
42
21
18
27
24
21
24
21
13
43
91
88
151
138
43
19
60
95
59
26
36
13
18
28
33
51
33
34
28
31
45
41
18
14
22
22
32
47
34
29
49
17
19
19
22
13
18
16
26
31
25
15
23
22
20
19
9
29
32
20
14
12
20
35
31
23
25
13
15
19
23
54
56
52
48
33
35
48
34
19
14
18
22
39
56
45
34
55
46
31
30
23
17
22
10
22
17
26
42
34
4
18
35
33
29
20
12
11
19
22
27
13
33
34
46
42
35
37
17
25
29
16
7
2
14
15
19
19
81
38
12
21
17
14
14
23
26
32
23
11
25
41
18
9
24
25
38
12
10
18
16
24
23
31
30
9
14
9
11
26
18
13
13
16
24
21
18
18
14
20
29
19
18
15
40
27
22
25
21
38
18
10
8
27
46
9
9
11
24
32
35
46
91
40
21
76
50
23
96
40
37
26
49
69
30
23
17
12
18
13
26
44
36
19
11
10
26
39
28
21
12
20
20
105
64
34
94
49
21
28
52
108
191
229
166
92
70
38
137
57
83
105
157
179
203
136
41
64
216
226
238
250
212
225
194
198
109
80
79
213
138
74
212
219
76
152
206
207
81
134
173
93
162
158
49
94
48
21
24
46
67
68
45
55
60
25
18
28
47
22
11
48
55
141
48
22
16
12
17
48
63
58
14
92
46
76
38
11
66
84
35
20
23
10
58
31
20
37
29
24
20
47
23
16
44
53
95
159
140
94
186
54
157
80
143
174
70
25
41
40
40
60
12
16
16
19
16
21
22
27
19
13
13
9
13
13
6
1
6
21
20
26
37
8
14
15
14
23
13
30
19
12
23
41
74
51
14
5
21
19
12
5
2
10
20
19
15
18
25
30
37
26
21
8
5
9
18
50
31
15
21
79
55
30
71
49
38
19
10
14
15
15
17
13
16
14
37
35
22
31
15
8
14
30
69
67
165
132
114
71
27
17
35
20
17
21
27
25
23
29
38
26
33
32
17
23
25
17
17
13
17
15
23
31
25
20
25
9
22
23
21
16
21
18
26
21
13
8
11
12
12
14
7
25
34
30
20
20
23
34
20
14
20
25
15
9
27
19
31
60
45
49
31
32
33
11
23
23
26
39
33
27
28
48
34
27
33
23
16
10
12
33
17
29
27
33
20
8
22
24
24
34
27
14
27
21
19
20
31
18
26
31
21
30
12
10
18
10
19
13
14
8
14
13
38
20
11
16
22
19
14
22
20
23
8
15
20
29
11
12
33
16
19
7
3
10
19
36
32
30
23
24
27
19
26
14
16
16
15
17
18
26
21
17
16
18
29
23
15
11
32
13
22
22
15
17
16
26
34
25
31
27
19
22
25
36
39
36
59
24
25
42
32
34
89
44
46
102
50
39
25
18
17
13
22
15
28
39
17
9
18
9
28
48
40
10
12
17
20
91
98
34
64
41
35
73
75
124
163
232
185
108
133
98
209
108
104
121
143
129
231
117
58
74
201
163
164
182
202
237
122
205
106
56
118
192
72
58
208
231
89
199
191
131
85
201
204
107
119
164
127
81
67
44
42
33
50
66
52
46
55
27
24
28
59
27
33
61
127
111
49
30
22
17
9
20
30
29
7
81
45
64
74
29
27
37
14
6
12
25
38
13
6
29
6
10
10
45
38
9
57
122
109
97
85
84
118
92
215
87
141
154
59
53
35
13
21
35
22
32
7
35
54
22
33
18
19
12
26
24
8
12
4
6
33
13
14
12
30
39
10
22
33
16
18
19
13
16
46
49
27
11
22
13
29
19
3
7
11
21
19
14
10
12
24
20
20
14
16
9
9
19
25
38
29
52
111
117
67
20
43
22
16
13
21
29
24
15
19
20
22
23
18
21
29
61
81
135
29
30
92
156
211
111
38
34
22
16
20
12
11
14
21
27
25
23
36
17
39
36
27
16
24
29
27
18
9
16
15
9
17
16
22
15
17
23
21
22
19
21
29
19
14
21
14
9
13
22
6
19
24
29
26
18
22
29
19
15
22
17
25
27
43
9
21
48
57
53
33
34
45
42
42
29
45
35
17
20
26
34
20
31
35
14
11
5
19
34
18
24
18
16
20
13
14
22
23
28
22
17
24
21
15
16
30
24
19
19
19
23
32
27
18
19
25
24
22
14
11
5
5
18
14
16
23
22
15
14
17
15
9
18
11
18
10
16
19
18
26
6
2
2
32
33
19
22
25
37
29
25
31
13
16
25
20
18
6
23
16
13
15
11
24
27
13
16
23
14
26
19
16
13
9
30
38
17
26
35
16
21
13
43
44
34
47
53
34
19
18
72
82
56
49
158
73
31
19
20
13
14
21
17
27
21
10
23
42
16
16
32
37
12
23
16
38
69
75
41
42
25
74
172
117
70
79
113
140
123
158
116
173
136
122
81
85
144
175
82
77
91
220
187
178
174
223
208
84
213
177
148
192
197
65
88
225
238
185
234
181
78
123
152
148
111
78
119
160
55
66
74
62
37
34
34
37
26
37
40
53
49
62
31
59
44
91
44
44
31
20
18
14
14
15
15
26
60
32
45
71
40
55
33
6
4
22
29
23
11
10
22
7
8
14
32
39
28
130
201
165
155
94
92
77
105
173
44
65
56
30
54
18
6
11
18
28
21
9
44
67
29
29
13
16
14
37
28
16
18
9
25
44
6
14
13
35
55
8
21
45
12
19
20
12
16
47
41
17
26
45
13
26
16
11
20
21
37
16
10
5
9
30
18
10
7
16
16
17
28
20
34
84
134
137
64
49
15
20
17
24
21
35
74
76
34
14
32
33
26
7
23
26
47
100
142
32
25
78
182
136
65
14
23
20
16
9
17
12
8
14
19
23
18
23
17
37
35
27
14
38
49
37
27
13
20
20
16
21
17
29
21
7
17
19
29
27
24
33
28
11
36
30
12
18
32
5
12
15
23
25
18
22
29
27
22
22
25
44
58
69
14
20
35
47
39
37
55
50
59
42
27
68
43
21
25
37
33
26
37
25
24
15
13
23
24
16
22
18
12
19
24
27
27
21
10
12
17
16
16
9
12
35
32
27
29
32
34
49
43
30
23
17
17
16
17
12
9
10
19
14
17
23
24
15
17
25
18
20
14
13
19
7
13
3
33
39
6
4
11
39
31
12
16
31
32
20
23
29
24
20
30
26
19
5
16
12
12
16
13
38
28
20
18
20
23
30
21
33
25
6
24
23
22
26
24
13
28
38
32
60
56
110
127
54
25
23
72
67
36
50
129
61
27
14
23
16
21
32
21
28
19
23
31
42
12
7
18
22
11
26
20
36
54
28
40
41
31
92
197
123
43
67
64
84
106
116
75
65
144
109
58
132
239
117
71
111
96
197
183
193
223
232
144
156
236
238
211
228
229
107
149
237
240
248
245
210
154
183
126
100
99
69
65
98
48
64
57
47
31
22
16
22
14
40
51
66
57
54
21
53
28
19
40
34
26
21
30
18
37
36
26
44
50
26
31
39
30
103
64
9
7
21
15
25
25
15
18
4
11
32
45
35
92
194
184
180
192
102
125
98
61
71
16
29
17
18
27
10
10
16
31
17
5
23
30
34
37
11
12
14
20
47
36
25
27
17
27
31
13
21
16
21
31
10
16
34
17
18
17
11
18
31
25
30
67
47
48
62
11
17
23
24
47
11
8
8
13
16
7
14
14
14
15
16
28
45
75
98
119
59
50
69
26
26
36
40
35
35
137
167
100
71
53
75
113
96
41
28
59
65
87
74
20
58
97
30
27
33
24
18
30
32
18
16
12
14
23
24
17
17
18
19
21
7
27
48
37
28
33
25
16
26
34
25
16
23
15
20
23
19
30
33
22
29
30
9
25
28
19
24
28
13
11
17
22
23
23
22
25
22
17
15
56
56
65
70
22
33
40
19
24
37
57
33
27
25
27
70
51
33
37
43
28
35
41
14
40
25
27
23
19
15
19
18
25
27
24
32
20
11
13
13
11
15
13
1
15
26
18
26
44
48
47
29
33
32
14
9
6
13
14
11
16
17
12
10
13
35
41
15
27
31
20
18
15
16
18
4
2
1
38
33
13
7
19
31
39
16
17
38
18
12
20
24
27
21
28
27
14
6
24
16
13
17
28
83
28
29
29
25
26
24
19
37
24
36
33
19
29
22
22
19
38
80
24
62
95
196
150
68
32
29
26
26
22
45
56
28
29
20
25
21
31
51
26
27
33
33
22
35
4
15
29
31
9
25
38
24
73
60
24
38
56
72
104
71
69
131
125
28
67
77
46
26
158
72
77
222
253
121
68
158
148
150
93
118
220
210
157
244
224
191
134
195
206
124
224
241
242
233
218
223
238
242
177
114
73
67
54
39
45
73
34
16
23
27
23
19
16
47
58
66
34
27
13
26
33
21
57
39
29
28
51
27
47
49
30
35
43
38
37
26
19
73
61
28
11
4
3
12
22
6
12
7
32
41
53
42
131
159
97
92
90
36
141
126
56
13
27
36
24
25
42
19
22
42
44
16
17
32
28
24
33
3
18
20
30
49
57
13
29
21
6
23
27
16
4
4
9
15
18
16
21
16
8
9
18
20
21
36
90
45
97
98
9
14
11
21
37
9
11
14
19
10
7
23
17
8
11
17
40
105
92
28
32
31
101
95
30
40
57
24
59
41
134
214
193
181
79
125
206
212
85
34
106
45
145
122
14
34
10
24
15
44
71
42
101
116
14
26
21
20
33
29
23
18
39
19
11
13
49
50
31
15
21
20
10
14
31
20
10
9
10
61
46
22
6
15
17
20
20
22
19
13
24
30
28
21
26
27
20
25
19
17
16
17
3
5
38
51
57
44
42
72
49
35
42
28
31
27
24
39
39
41
39
33
46
30
11
22
39
29
28
19
31
22
21
18
15
17
23
16
17
27
16
12
32
12
12
21
16
6
13
6
17
18
35
47
34
10
40
37
14
9
5
31
15
12
22
33
15
21
9
48
60
19
17
21
18
7
16
16
9
4
1
4
17
21
18
15
15
30
41
7
18
29
19
19
23
21
25
24
31
20
8
10
41
26
16
7
53
121
23
29
47
32
25
11
10
5
18
85
58
21
15
18
27
15
20
61
59
57
135
198
56
36
46
33
51
35
38
21
15
28
47
30
22
17
40
71
54
22
39
28
14
58
16
26
35
31
15
38
61
57
143
114
26
77
62
68
40
42
96
156
70
64
88
100
49
63
114
59
91
229
233
145
43
150
205
182
134
133
183
165
241
241
146
71
89
128
152
162
238
233
236
215
168
205
241
232
169
151
71
56
50
31
14
47
48
23
55
32
22
19
29
36
60
92
48
1
34
22
39
21
32
62
39
20
38
49
33
47
32
27
29
29
49
39
31
27
16
36
20
8
10
7
6
12
25
35
91
44
29
62
75
66
63
20
15
22
111
103
83
30
27
38
52
95
124
11
43
50
31
39
40
36
64
55
21
13
34
32
40
39
60
3
28
25
8
31
34
11
3
12
17
20
25
19
25
14
6
14
15
26
42
20
59
77
82
40
14
17
19
24
25
19
14
16
12
13
18
29
35
15
36
33
52
97
5
14
65
82
62
45
28
63
106
62
108
48
35
165
218
171
62
118
117
158
185
22
69
46
206
69
16
30
27
78
40
39
142
121
213
173
15
44
26
19
42
38
34
17
23
37
10
38
46
16
33
17
18
19
14
13
9
26
18
4
22
53
52
35
6
24
33
26
24
27
35
21
21
16
16
18
18
14
19
30
20
28
39
21
7
1
15
42
62
76
62
66
29
48
44
3
30
50
44
40
49
42
48
10
24
11
9
5
19
32
19
20
39
37
10
16
10
10
10
5
13
35
16
20
18
17
24
18
17
16
11
12
10
12
44
40
24
16
36
53
16
10
6
2
8
7
31
29
26
30
19
15
25
29
4
20
20
21
5
5
17
8
7
13
18
14
17
23
3
29
33
8
17
18
18
22
24
25
26
52
27
16
27
49
38
30
40
8
96
115
12
32
19
6
21
8
9
16
39
47
69
23
15
42
21
13
12
58
48
126
169
125
79
56
34
45
116
56
25
17
22
27
31
31
22
23
85
103
120
43
41
29
37
30
31
30
46
19
25
31
56
111
38
57
80
155
59
54
53
55
122
128
52
206
160
35
36
26
52
104
108
229
163
59
43
67
59
136
241
241
173
64
186
217
95
89
151
31
110
206
178
183
249
212
165
146
229
212
223
207
81
38
40
38
23
20
28
39
100
47
47
35
57
28
37
89
82
8
36
17
33
13
19
27
15
13
14
18
21
53
53
69
29
24
27
15
32
39
10
6
6
2
8
19
29
57
59
97
126
54
32
90
59
22
76
29
22
31
33
71
26
4
18
44
163
199
194
35
45
19
14
34
39
39
84
53
15
28
29
17
25
21
35
9
31
38
12
26
33
7
4
10
22
12
10
15
22
26
18
26
46
59
49
18
30
30
127
47
13
19
30
62
32
16
14
14
14
33
36
22
95
74
132
29
11
10
16
32
32
20
18
73
101
144
189
237
199
25
26
101
126
46
13
83
51
105
218
28
95
139
221
120
55
121
88
85
98
82
110
204
180
40
50
102
36
22
28
31
35
30
13
14
17
26
7
7
21
25
24
30
39
20
4
31
39
33
24
26
43
15
15
26
22
26
30
34
15
17
21
21
28
25
17
23
23
32
29
39
52
26
25
6
31
38
26
37
82
32
16
14
26
31
36
42
35
54
52
29
23
14
27
14
8
0
8
22
18
29
26
24
12
28
21
23
85
45
66
80
36
24
8
18
19
28
11
24
18
12
13
5
63
19
13
15
10
5
2
6
17
22
18
13
23
13
13
25
18
10
10
13
19
19
19
34
37
24
29
20
14
21
22
19
17
15
7
13
9
17
22
17
18
17
42
46
39
36
43
47
48
49
6
37
50
15
8
72
21
26
31
44
28
8
17
18
21
33
41
60
36
44
16
11
33
13
48
67
32
28
183
92
138
79
6
19
13
18
17
20
15
17
27
26
17
45
138
47
79
120
79
6
56
38
41
17
14
25
27
28
32
11
117
88
59
54
48
123
131
155
163
238
76
25
37
23
8
48
109
233
73
33
105
134
91
49
162
219
96
67
70
219
246
203
84
38
130
141
73
190
237
243
187
85
154
109
195
206
107
56
68
76
46
39
41
32
42
62
55
40
26
15
14
8
42
47
46
28
9
11
30
34
25
13
17
0
12
39
29
73
85
12
28
8
15
8
16
14
14
9
1
21
35
46
11
58
14
23
36
34
50
24
42
14
6
26
35
13
12
32
10
38
53
18
141
158
148
136
21
132
38
19
39
18
6
41
13
10
2
0
7
18
11
21
9
25
22
2
15
24
19
6
17
27
21
22
22
19
37
24
12
19
25
9
70
70
9
13
50
108
24
87
80
7
47
67
10
30
102
74
24
39
100
94
10
15
8
11
24
82
241
173
95
175
135
57
53
31
0
33
32
6
17
21
62
59
197
244
121
32
163
189
123
165
253
204
109
66
37
52
44
87
37
58
11
15
24
19
25
30
31
29
26
28
24
18
23
22
4
9
34
26
21
28
28
21
13
20
30
27
27
18
12
6
17
27
34
38
27
22
20
15
27
19
21
31
32
25
35
43
53
51
31
30
40
20
19
8
23
22
23
48
50
32
43
46
39
40
18
5
21
16
16
2
24
34
36
35
31
37
43
63
30
6
53
64
50
29
47
38
4
3
4
17
21
22
18
17
14
5
28
45
8
10
6
11
17
9
3
11
11
24
22
22
21
18
19
18
18
13
30
13
9
27
21
19
19
14
9
37
10
10
11
25
24
23
20
22
13
14
27
21
31
37
48
28
19
5
4
26
32
21
20
24
13
11
53
43
27
21
51
31
29
35
38
16
4
29
38
34
54
87
39
199
67
28
74
59
182
171
82
13
115
77
25
27
15
11
19
19
10
115
196
127
87
40
144
133
42
31
23
28
16
34
41
26
29
141
100
93
133
126
235
220
154
96
209
193
67
43
20
128
118
107
182
230
75
26
117
162
66
115
114
178
116
112
37
198
205
205
70
61
172
101
147
239
227
239
168
128
186
64
121
88
48
44
69
81
51
103
58
17
73
49
36
27
2
29
39
55
20
23
27
45
33
27
3
8
25
42
60
12
25
35
29
10
72
56
16
6
10
23
18
11
21
5
32
58
25
10
7
8
7
30
24
19
22
13
39
60
38
27
39
8
13
8
15
39
31
85
48
73
186
155
33
168
153
8
16
3
29
45
31
116
165
23
12
6
5
21
40
10
6
15
28
13
4
18
22
23
20
13
24
21
26
102
22
13
59
88
31
47
33
27
28
10
43
75
122
51
38
36
97
58
49
7
34
168
226
122
13
17
14
20
24
104
212
72
23
17
12
13
39
41
23
28
35
40
20
57
25
119
214
74
11
34
36
24
39
223
241
99
118
35
41
69
103
160
72
72
7
6
20
28
25
19
15
18
18
24
17
22
21
11
13
12
15
22
23
16
29
25
26
27
29
26
28
24
26
32
37
43
34
41
27
13
20
28
30
30
36
32
41
25
26
45
34
28
21
29
39
49
48
17
13
17
16
37
42
53
43
41
41
18
26
13
20
22
9
22
34
46
29
29
23
23
30
33
7
1
22
23
16
17
46
18
15
14
19
19
13
21
22
16
7
11
8
20
13
21
14
13
11
7
29
18
8
17
43
31
19
28
21
22
16
5
23
22
15
7
10
13
17
26
20
24
12
16
33
35
14
14
12
24
19
15
22
22
27
10
14
10
15
14
30
40
37
22
24
27
20
18
28
36
8
21
34
15
23
37
49
37
21
26
51
36
74
200
206
136
109
71
15
155
118
110
120
24
111
58
17
18
10
10
24
14
83
194
207
205
113
55
91
95
19
25
24
30
11
9
24
19
90
218
222
154
138
224
244
244
235
199
211
168
204
97
16
185
136
78
147
119
59
69
59
54
123
83
115
96
89
134
50
65
139
209
160
125
88
90
204
221
209
221
121
93
141
72
88
44
27
36
41
52
73
157
96
99
128
46
36
15
25
30
32
23
27
57
29
26
50
33
1
20
14
56
49
45
57
41
13
44
54
67
12
2
16
19
17
16
13
8
13
22
28
19
13
2
6
23
17
25
4
21
51
84
70
16
25
23
9
12
16
21
21
46
22
53
60
36
10
158
75
7
20
29
26
10
24
106
160
20
12
24
19
17
36
76
54
35
36
16
38
23
28
30
23
23
20
17
40
86
134
107
88
113
24
24
33
44
31
18
31
21
34
35
31
35
86
28
10
58
56
222
189
42
13
6
16
24
8
22
95
66
59
32
31
20
14
26
34
6
25
57
89
105
113
143
173
78
90
19
34
46
27
100
157
220
183
76
170
187
143
224
156
39
17
17
28
34
37
27
17
19
21
22
14
22
25
15
13
21
31
18
25
11
25
36
29
33
44
48
29
23
20
26
31
37
34
26
23
19
35
30
25
25
33
33
23
15
8
39
16
11
37
18
28
45
55
32
21
26
26
28
44
39
45
39
23
15
19
14
17
25
15
18
36
24
14
16
45
17
20
19
12
24
25
22
22
31
21
12
22
13
16
10
8
21
22
7
4
14
30
16
16
18
18
16
16
9
28
16
8
11
36
44
29
14
16
19
12
5
20
29
15
13
16
12
12
13
20
18
14
13
14
14
11
14
10
16
15
15
14
18
15
10
15
34
20
10
17
27
33
15
18
19
12
13
27
20
18
11
14
4
16
23
35
42
22
11
35
37
46
188
149
46
122
99
41
156
47
41
36
50
83
57
25
25
18
18
10
12
73
89
60
120
132
40
103
97
12
32
39
20
15
16
30
18
115
211
197
156
212
222
239
183
218
236
240
111
157
127
44
174
144
47
74
108
127
51
61
111
176
32
107
83
113
98
53
62
168
224
227
205
104
127
210
138
150
174
67
84
86
47
69
46
27
32
38
41
70
89
119
174
113
43
19
35
42
41
21
28
76
56
36
42
51
25
52
60
45
44
16
18
34
56
21
21
16
43
13
6
9
5
8
7
8
11
8
13
25
9
13
23
21
15
4
12
15
20
39
70
37
15
23
39
23
18
17
16
24
33
47
27
31
20
31
94
20
11
13
24
36
136
89
29
44
82
19
66
52
59
16
81
67
34
54
111
126
22
28
29
21
22
37
67
45
31
197
157
48
36
15
31
39
20
40
38
17
15
18
18
24
34
29
28
58
54
46
179
117
15
73
42
17
41
13
16
27
27
28
17
30
19
5
21
164
102
18
114
189
55
58
49
47
36
68
25
45
57
90
40
59
156
223
207
216
103
134
223
200
86
21
24
34
25
29
27
23
26
22
21
15
16
28
21
12
21
26
16
17
13
21
27
27
44
47
35
20
18
13
22
24
27
29
20
34
29
35
36
25
34
32
24
15
20
8
24
22
17
43
12
24
34
32
28
13
42
37
28
41
25
24
31
12
17
19
18
26
28
14
19
26
12
5
6
41
25
13
14
16
35
23
17
17
26
12
11
16
15
13
4
7
10
27
32
6
18
34
17
15
16
16
12
21
30
26
20
15
21
17
22
22
11
17
19
11
10
18
18
14
25
23
12
13
7
8
15
19
19
10
9
21
32
14
16
21
15
14
12
13
17
22
36
26
19
22
25
28
20
15
13
5
12
31
21
23
5
30
37
13
14
31
59
87
20
19
30
40
83
158
63
77
46
54
146
28
34
10
42
73
32
24
22
26
24
89
24
82
117
2
57
80
34
55
47
30
43
35
19
15
32
31
28
79
107
101
129
231
122
166
113
205
232
250
173
200
140
70
171
101
33
32
143
198
127
82
102
154
13
115
173
160
70
74
67
128
133
126
91
67
108
143
123
121
92
78
88
52
51
59
45
28
21
32
34
45
64
120
96
55
47
26
44
46
23
22
50
60
21
19
35
34
13
46
45
54
39
22
10
42
33
22
20
8
16
24
28
42
16
8
4
10
14
3
15
26
14
29
36
20
19
7
6
13
27
30
56
34
11
21
24
32
19
12
12
18
32
68
31
16
23
42
38
21
11
14
25
64
194
71
23
31
185
129
45
45
64
12
66
30
23
56
208
127
15
21
22
16
10
25
65
104
25
154
102
34
92
27
41
38
55
30
23
10
17
18
26
26
23
11
42
70
44
36
66
38
23
77
45
16
22
19
13
13
12
11
8
15
16
13
23
112
74
24
141
192
23
19
15
25
41
31
11
30
33
86
39
57
79
145
228
191
41
99
139
207
93
16
28
36
20
11
18
24
22
15
23
16
14
23
22
17
15
16
17
16
21
19
13
12
29
22
32
26
13
9
23
18
18
21
21
55
26
22
27
25
28
21
12
17
29
18
19
25
21
29
15
36
32
17
15
6
45
36
22
31
33
12
21
15
18
13
31
39
27
16
41
27
15
4
14
38
21
5
15
20
33
22
19
22
27
19
25
15
18
22
9
6
21
44
37
4
15
21
22
21
14
9
9
18
52
28
21
16
21
9
14
15
17
20
17
14
13
16
11
23
23
22
17
13
11
10
20
20
20
13
10
18
25
18
20
27
19
20
15
37
31
23
28
32
20
17
24
23
22
15
13
3
16
32
27
30
17
30
42
25
25
25
71
138
19
14
46
33
58
154
57
28
19
38
70
19
36
18
32
58
31
26
40
26
19
169
35
89
199
120
70
36
32
27
21
44
39
20
22
16
36
32
24
42
31
42
68
141
52
89
87
195
228
252
156
165
172
138
168
89
98
93
115
162
218
153
93
84
59
104
176
128
61
82
79
127
98
67
75
117
105
64
113
107
32
79
91
42
54
66
41
36
29
26
40
37
58
79
77
41
49
40
51
51
22
14
34
20
8
11
23
33
53
47
33
44
26
27
47
54
26
17
24
6
23
37
32
36
45
20
18
21
14
11
23
25
26
29
19
13
22
11
15
41
35
18
44
27
15
12
14
19
15
13
8
15
33
51
68
43
26
51
27
18
13
15
16
119
113
26
29
31
140
138
24
30
36
15
65
24
46
61
176
122
11
13
12
11
4
12
43
112
37
94
37
17
163
98
33
81
85
16
12
22
17
32
46
14
10
17
41
87
93
73
33
51
56
38
49
27
8
20
13
7
8
12
21
19
17
22
23
40
23
30
86
131
80
32
17
31
50
13
20
20
15
42
44
56
35
65
165
187
27
80
71
167
119
19
36
38
22
8
13
21
19
14
27
26
23
17
17
20
11
16
20
22
28
25
10
3
6
26
41
35
29
24
27
17
16
22
22
46
16
14
18
27
19
8
10
24
37
23
19
20
16
13
20
41
30
17
18
8
25
20
10
20
29
13
16
17
13
9
40
35
23
22
43
24
15
6
22
45
8
7
22
27
24
23
36
37
33
31
29
13
17
27
12
5
31
37
14
3
8
17
21
23
19
12
13
13
45
31
27
26
17
15
16
14
18
20
18
13
11
13
15
20
16
17
17
12
12
13
17
14
11
10
11
17
17
17
21
32
30
28
29
61
35
22
31
34
18
10
36
21
20
20
13
9
14
31
29
32
27
15
18
44
25
32
81
94
6
19
61
36
54
74
33
35
30
22
33
51
25
18
33
49
48
42
113
40
72
139
31
62
161
206
67
31
27
26
26
37
25
13
22
26
27
26
32
86
13
36
29
46
32
51
70
151
224
244
69
99
184
194
102
99
163
193
142
125
155
152
160
86
110
129
116
78
80
96
136
130
101
61
151
180
94
31
100
128
48
128
126
60
50
54
45
42
52
37
47
45
43
45
98
52
37
44
52
61
34
9
18
12
14
18
23
44
73
56
34
29
21
28
66
38
24
14
17
6
31
29
24
14
42
18
26
25
18
16
22
25
26
16
4
9
22
9
24
55
25
13
27
16
29
14
13
8
7
14
12
15
28
22
72
71
34
46
21
10
16
31
38
110
39
13
21
19
37
60
21
26
24
31
49
29
65
112
68
91
12
9
11
9
7
13
24
50
34
42
12
1
152
125
52
173
120
20
15
44
54
30
33
6
10
20
28
75
82
72
37
66
49
15
50
31
20
34
18
11
14
25
38
27
18
26
24
49
28
26
55
122
127
45
15
21
29
12
37
45
10
28
48
29
21
32
72
146
92
83
64
89
106
23
40
36
21
21
12
16
22
21
25
34
24
13
15
21
14
20
22
26
26
27
16
11
10
52
34
32
49
45
29
24
27
30
25
18
21
24
26
32
20
6
13
28
36
21
18
15
15
9
24
30
20
17
25
11
8
20
23
21
11
18
17
12
13
26
37
20
21
18
37
16
10
9
20
43
12
16
24
29
16
17
38
31
20
29
12
6
11
14
7
7
23
17
8
15
5
15
12
16
27
20
26
15
21
32
39
37
17
22
10
15
13
17
19
8
16
15
16
6
10
12
13
15
14
5
6
10
10
11
12
26
31
20
21
39
41
40
48
56
27
30
42
30
18
25
59
24
21
22
13
20
11
31
31
21
28
13
8
41
11
44
72
20
9
25
43
56
16
16
58
77
29
16
69
95
30
21
28
41
75
103
182
57
178
65
16
33
92
155
51
35
25
16
29
30
23
15
21
33
22
17
46
123
14
40
35
27
23
35
45
83
176
217
34
86
115
153
75
87
122
220
244
164
35
109
233
169
97
140
117
84
98
116
164
75
62
37
129
113
59
35
104
183
124
206
135
72
47
30
50
44
64
44
44
38
43
48
60
44
26
45
48
63
40
23
28
19
9
23
26
43
37
38
22
14
26
32
46
16
7
21
10
14
20
8
22
17
12
5
17
16
22
12
19
24
16
17
10
10
27
9
25
30
9
15
14
28
47
37
24
14
4
7
16
14
18
11
29
48
36
30
12
10
19
59
84
36
38
20
18
22
20
25
38
55
75
43
39
77
89
167
34
27
13
8
16
10
12
20
10
6
21
5
10
16
82
62
87
238
188
66
65
60
79
11
7
17
15
14
16
24
7
30
23
26
8
13
26
22
39
78
76
47
56
33
31
24
17
42
48
52
35
26
76
113
78
36
24
26
19
21
33
71
13
45
60
15
31
28
10
56
170
117
83
64
66
11
28
21
15
27
13
23
26
22
27
34
13
13
20
28
21
23
22
29
18
13
17
22
29
34
18
25
32
39
19
27
35
29
29
18
35
40
30
34
18
5
11
25
28
21
22
13
18
12
20
20
11
16
14
13
27
56
54
30
17
26
16
14
34
45
30
16
17
15
56
24
9
20
30
34
31
12
14
20
21
12
12
8
7
12
11
10
6
6
11
11
15
32
20
33
6
13
17
20
17
20
41
18
17
28
40
22
6
18
12
16
7
13
13
11
35
28
11
9
1
6
17
18
20
11
8
16
21
15
10
25
34
29
25
37
39
48
61
42
30
43
46
26
7
49
54
30
23
12
18
24
20
43
28
10
31
18
15
10
17
27
27
23
29
21
22
52
29
29
73
71
19
12
39
49
54
34
19
6
121
200
164
41
191
78
19
45
120
91
93
37
26
22
37
50
45
20
23
26
24
22
26
33
24
28
29
34
24
31
43
40
81
166
20
27
16
52
170
76
41
172
226
177
78
202
234
188
51
42
140
84
70
91
81
41
40
44
53
29
63
26
85
189
152
153
50
37
32
54
51
50
56
23
44
20
69
59
40
35
42
50
70
51
48
39
22
11
9
23
31
34
30
22
13
11
17
25
38
21
9
35
9
16
20
6
16
6
11
11
13
11
16
20
27
19
9
23
9
15
34
17
21
22
15
13
18
44
52
49
45
25
9
5
14
18
14
12
6
10
21
33
60
9
24
51
73
18
20
22
13
12
32
26
91
102
139
29
116
219
178
141
102
17
15
11
12
16
18
24
17
14
7
14
18
36
12
17
60
195
198
116
133
49
23
12
19
21
12
11
8
15
18
36
43
35
47
25
20
36
76
145
189
80
103
45
35
22
17
57
71
11
9
41
44
6
5
20
34
35
36
29
28
45
25
41
51
13
30
42
34
30
111
175
102
144
147
24
23
14
20
16
20
59
51
36
57
65
24
18
14
18
21
23
27
33
19
21
17
19
24
38
14
14
12
40
16
27
28
34
33
14
21
20
16
15
23
21
22
25
35
22
20
17
19
12
2
4
11
16
13
23
42
54
24
27
18
19
7
34
57
24
23
9
20
60
18
8
13
46
61
16
8
7
9
10
23
5
8
21
23
19
36
15
16
27
21
22
11
24
8
31
21
50
42
40
13
24
33
13
19
19
27
9
4
18
17
13
5
10
17
18
28
38
15
2
3
14
11
14
23
23
16
21
18
7
12
24
30
20
28
34
32
43
53
49
55
43
37
22
17
59
38
27
20
20
23
24
29
52
2
8
24
26
32
1
15
33
20
23
30
7
25
33
20
10
20
5
16
20
8
9
31
42
41
17
125
211
120
48
73
118
76
53
9
18
47
50
29
29
22
66
72
26
33
23
19
24
17
14
41
26
21
17
28
39
28
34
67
96
4
24
27
17
80
65
69
156
129
150
108
224
193
103
83
55
88
53
53
52
26
42
49
39
49
90
51
19
44
104
42
54
32
27
34
75
70
42
37
27
55
38
76
78
40
32
66
51
105
51
51
40
19
20
27
22
49
37
21
29
20
22
10
28
32
29
20
23
12
14
27
8
15
4
9
17
15
15
15
38
11
28
23
2
5
15
47
27
13
10
26
37
19
25
27
19
18
31
4
28
49
40
20
25
16
8
16
32
128
27
17
7
39
33
3
17
13
19
39
29
108
36
48
63
236
250
215
102
150
4
16
12
18
15
18
16
18
8
10
18
18
9
10
30
19
43
63
36
15
7
22
14
12
18
19
22
13
17
4
14
5
67
172
117
76
81
180
210
158
38
54
127
149
29
8
14
10
16
5
45
27
10
12
8
3
8
9
30
28
6
21
9
8
13
1
35
46
37
34
137
122
188
246
9
36
38
40
9
17
39
16
18
9
10
27
26
24
33
17
35
38
19
10
24
30
35
31
25
25
10
3
28
44
16
9
20
31
28
19
16
21
20
23
25
34
26
13
13
10
17
25
23
14
14
13
13
12
50
25
5
36
55
22
19
35
40
23
21
22
13
56
56
7
35
36
38
22
4
2
10
22
37
12
10
2
16
36
16
4
12
25
27
25
11
17
62
47
8
13
18
15
11
3
11
18
16
17
17
16
4
4
12
20
27
12
9
16
10
13
33
29
15
15
31
20
18
10
13
16
12
5
11
23
19
30
20
9
26
44
157
67
54
78
56
24
27
21
79
120
19
19
31
18
17
24
17
12
17
22
19
8
12
27
6
17
23
13
24
30
44
22
12
19
24
25
17
21
44
32
56
49
37
141
184
115
207
95
221
185
42
21
18
26
27
23
79
108
140
46
18
50
21
11
22
24
21
17
21
24
12
25
72
24
25
119
147
14
24
31
31
21
30
65
196
60
207
92
60
51
23
210
109
27
82
86
70
50
46
47
43
50
58
30
30
78
51
84
41
21
31
159
31
36
18
29
57
20
46
58
50
36
32
59
50
63
65
82
7
21
39
14
17
16
20
31
25
56
14
24
30
22
4
14
27
11
12
19
43
23
11
20
11
17
8
3
6
16
27
19
2
8
19
28
19
32
1
23
49
28
5
7
24
28
23
13
70
100
102
105
45
4
31
24
11
2
21
11
4
43
22
7
19
15
15
13
15
18
14
1
149
252
247
244
93
80
14
24
27
23
20
20
16
18
15
20
6
9
9
15
11
22
13
7
10
2
25
30
22
24
22
20
27
20
9
23
109
20
22
80
246
167
141
239
246
105
37
65
59
81
66
24
78
81
14
8
15
9
6
8
15
24
20
25
15
5
14
4
0
2
9
8
4
19
34
90
67
50
160
245
17
27
46
43
24
25
3
13
38
4
3
23
31
26
13
29
32
19
11
16
25
23
31
40
42
9
10
6
11
39
12
21
20
26
31
22
22
18
20
33
27
21
19
23
21
15
28
26
30
3
4
9
1
36
48
35
36
74
59
64
64
52
33
22
10
18
22
39
25
27
47
60
38
13
19
29
13
28
19
29
15
10
37
23
2
23
34
23
20
17
6
19
32
9
9
7
17
25
15
14
15
15
6
11
7
5
21
9
15
23
14
4
11
21
17
5
7
25
44
18
8
3
4
3
7
4
7
8
18
22
17
17
25
37
25
45
103
43
45
53
32
28
18
22
21
31
27
11
22
25
15
13
29
14
7
8
11
13
17
21
3
16
42
18
16
27
40
10
27
21
23
27
52
21
25
21
20
24
22
40
111
93
41
10
83
66
24
24
29
37
24
24
108
91
121
79
21
13
21
20
19
20
20
19
19
44
114
64
77
37
33
37
17
17
19
25
37
42
27
40
118
84
119
66
85
74
34
154
64
42
56
82
42
69
38
21
33
42
43
38
25
20
13
70
72
36
84
213
38
28
57
59
73
37
39
33
40
26
7
12
46
65
54
17
45
69
40
5
37
20
26
41
23
26
20
27
31
57
73
58
41
43
34
31
42
20
21
20
12
21
20
10
16
18
13
17
7
6
12
4
3
30
23
49
23
21
79
92
67
30
14
9
48
75
35
17
11
30
34
11
10
38
29
11
13
22
36
29
6
20
21
38
119
16
43
20
133
145
107
149
89
14
27
18
23
25
16
11
20
36
11
2
41
22
6
9
16
3
13
20
20
17
22
28
19
13
5
13
41
31
11
6
40
24
52
100
236
131
165
227
245
99
47
37
55
133
233
127
41
24
9
5
12
31
54
33
38
4
8
8
9
16
8
1
3
13
5
25
8
4
12
73
117
193
244
238
40
44
26
14
23
11
17
35
27
11
28
24
26
21
29
37
29
24
34
22
21
17
27
23
30
8
14
26
18
17
13
12
20
33
46
33
29
26
31
35
26
32
34
34
36
27
16
15
11
49
79
33
19
12
30
39
49
47
40
26
12
20
44
12
5
13
14
23
50
43
36
26
9
6
29
42
12
25
16
16
24
27
17
4
9
14
18
6
6
4
33
86
55
5
11
17
24
9
13
8
6
6
24
40
18
48
62
35
39
25
29
46
20
15
18
14
22
25
33
24
15
14
18
10
14
13
14
13
9
5
13
13
27
28
25
25
34
38
40
50
31
28
15
29
12
18
25
23
12
27
18
19
20
15
11
12
21
23
20
7
8
16
30
9
5
16
93
66
29
36
30
30
69
18
17
16
46
40
10
26
83
124
63
30
43
17
51
110
9
31
68
71
181
122
99
58
16
20
16
13
11
15
11
22
26
48
192
204
179
39
31
30
28
16
19
37
31
29
34
37
131
130
119
151
75
43
42
63
145
149
64
91
91
82
51
11
6
7
40
43
30
16
20
33
44
124
75
95
44
48
51
48
56
20
27
36
33
28
23
34
72
58
27
35
19
49
20
18
23
25
24
50
39
11
11
12
5
41
47
51
85
79
20
37
18
18
11
8
16
11
8
2
12
21
17
17
9
15
32
38
32
9
87
74
18
46
104
96
38
14
2
9
15
16
5
2
13
29
14
8
11
27
30
17
21
17
95
70
41
22
25
165
227
167
75
18
167
80
60
52
22
26
75
13
27
30
34
40
30
28
5
0
54
36
11
14
14
6
9
8
17
35
16
76
40
17
7
15
17
23
19
39
33
17
101
216
232
190
231
239
161
20
17
9
73
185
215
134
32
16
11
12
13
16
26
17
12
53
47
18
25
20
14
15
12
10
13
14
24
61
105
88
162
245
247
240
35
29
17
22
8
21
44
32
34
42
35
15
14
22
24
32
27
24
29
16
25
17
22
27
18
11
18
16
5
5
11
11
21
42
39
19
26
29
37
32
30
30
32
27
39
23
18
10
2
56
97
78
40
15
31
38
56
28
24
15
3
14
30
33
25
15
39
50
31
12
9
20
54
45
48
52
17
9
18
14
40
44
16
20
25
24
21
46
51
58
43
33
16
1
6
26
18
1
7
15
5
12
37
18
19
39
41
37
37
20
40
58
51
13
17
36
39
40
32
16
14
19
19
22
29
28
22
24
15
6
24
20
30
29
30
36
43
44
50
45
27
24
15
14
17
27
25
20
22
26
20
9
14
21
22
19
20
20
20
11
10
6
13
11
24
34
70
41
22
33
57
44
32
25
24
16
28
23
27
45
41
71
68
16
37
32
46
46
10
23
55
83
137
38
70
54
40
17
19
25
21
12
13
33
48
120
120
79
118
32
31
35
27
39
36
56
54
50
36
53
156
125
103
110
60
37
89
62
108
175
97
105
48
49
41
42
56
45
44
41
35
33
24
20
68
121
39
20
29
51
48
36
49
23
21
28
44
16
23
19
43
37
42
40
42
48
13
22
19
18
17
41
40
18
20
40
26
34
11
13
31
24
5
18
33
23
19
27
6
15
24
3
6
12
17
21
16
12
28
35
34
18
45
44
23
70
113
27
14
27
25
18
19
15
2
14
30
8
9
25
18
7
25
19
19
21
35
24
47
122
67
101
153
163
44
26
142
70
41
40
26
17
42
15
25
37
96
102
56
22
11
17
23
26
20
19
9
10
11
14
22
23
11
26
23
15
12
17
80
81
19
19
28
41
41
204
247
231
175
87
39
36
21
11
37
54
86
167
38
11
15
25
25
38
57
42
3
43
36
15
23
20
13
15
16
15
6
11
18
103
151
112
217
193
194
223
23
24
38
30
2
27
37
15
37
22
15
12
25
32
14
29
16
17
23
11
25
13
10
22
21
13
7
12
26
19
7
18
22
32
29
28
26
25
26
23
33
29
25
26
33
28
18
7
63
67
84
65
44
21
12
40
42
13
34
27
28
35
40
67
27
18
44
47
12
6
25
49
77
61
63
39
24
10
12
15
24
35
24
24
28
16
39
62
42
49
29
8
24
21
2
19
11
11
16
30
5
17
29
9
13
27
37
38
40
12
30
40
40
15
31
37
38
35
29
12
13
18
23
15
13
16
18
19
10
18
21
16
25
32
26
35
38
35
32
29
27
18
8
23
50
23
17
15
31
22
25
11
17
33
24
15
18
20
21
16
7
18
28
17
27
51
54
31
12
23
48
33
25
22
20
19
18
16
41
78
78
30
48
23
17
28
34
19
22
22
26
67
92
16
65
60
27
15
60
35
19
12
19
19
77
194
79
26
41
27
35
23
21
43
43
49
46
36
37
60
143
194
188
119
76
125
72
58
86
125
78
93
107
60
32
46
51
82
65
54
31
34
27
28
54
62
29
9
27
61
67
45
37
23
22
21
33
37
32
35
36
38
76
44
43
24
11
15
9
16
21
27
54
21
26
36
31
24
3
14
23
22
6
15
35
24
37
15
9
8
22
18
34
11
27
22
17
16
39
37
12
15
16
21
26
35
43
2
35
73
29
8
9
16
19
28
37
19
6
15
35
79
83
24
15
19
17
67
63
92
41
42
44
66
23
25
52
34
20
19
17
14
21
20
25
33
61
56
58
16
25
24
5
18
14
7
5
5
6
18
30
9
19
22
13
9
24
24
147
140
53
90
136
98
50
93
212
131
84
113
92
43
14
22
31
25
19
128
102
40
10
61
45
121
71
27
93
39
22
22
21
9
5
5
12
31
19
20
40
164
192
158
162
79
70
111
28
26
28
22
7
15
20
17
26
6
14
18
28
21
13
29
16
18
28
8
28
20
9
17
24
13
15
23
35
30
7
20
34
29
26
29
22
34
25
32
29
24
26
35
27
28
30
36
100
42
55
46
35
30
10
43
33
28
26
16
35
36
39
66
11
10
32
38
15
18
33
52
63
48
59
35
18
27
30
18
14
26
26
16
23
15
40
40
36
56
17
16
35
37
18
9
4
21
44
32
7
22
27
14
24
37
44
25
21
8
21
22
18
24
34
18
26
24
23
11
6
11
14
8
4
5
17
13
9
17
17
19
23
29
24
30
24
23
27
26
33
19
14
59
51
29
24
11
27
20
25
20
18
31
22
18
19
23
19
17
12
36
37
22
27
39
40
30
18
32
30
32
36
20
18
20
16
24
33
50
72
27
27
23
17
62
35
13
92
33
20
88
88
20
41
86
71
87
70
23
19
17
24
16
58
128
47
26
22
48
97
67
65
57
43
52
36
18
47
53
165
240
248
140
140
175
97
104
93
99
87
61
101
54
31
39
28
64
61
58
37
26
48
79
68
43
48
41
59
66
49
39
27
21
25
20
12
41
31
65
45
60
91
41
18
8
10
14
25
30
19
12
39
41
32
17
19
28
13
16
23
19
9
22
22
22
43
2
21
11
16
13
31
11
28
17
13
17
26
28
10
13
5
11
26
11
12
63
85
79
21
12
1
16
25
20
26
60
76
40
41
115
114
17
15
23
31
75
83
68
22
14
15
26
37
34
18
14
10
4
8
11
18
27
26
29
21
31
66
22
59
26
5
16
35
47
2
12
12
22
22
4
18
21
10
5
27
60
196
196
166
198
187
139
93
23
88
37
60
169
183
27
15
28
22
30
13
63
149
80
13
94
122
115
48
31
122
32
22
29
23
13
0
0
5
20
34
20
98
195
209
105
63
28
28
42
27
19
10
16
23
17
20
21
16
15
22
19
16
5
12
23
19
18
30
23
38
26
16
20
27
21
31
24
30
22
12
25
28
27
35
20
17
36
33
45
28
22
26
36
25
21
31
51
78
14
41
35
19
22
19
31
36
42
8
25
49
31
22
37
27
13
24
25
32
23
18
37
48
47
56
32
16
47
39
12
11
24
23
14
11
13
27
30
45
61
29
28
27
33
43
23
8
21
38
16
6
21
19
24
33
40
39
14
5
6
14
15
11
27
19
9
16
14
20
9
8
13
7
10
13
10
16
15
14
10
22
21
28
26
24
29
19
23
27
30
37
20
22
57
25
44
40
21
24
19
21
22
22
23
20
21
24
19
17
15
23
43
27
20
24
16
26
39
24
35
19
29
33
16
18
20
35
41
21
14
26
27
17
17
23
64
29
19
90
35
30
95
86
29
25
82
138
108
59
41
45
16
20
20
33
44
25
20
24
57
142
103
114
139
74
60
64
93
52
47
196
231
228
127
179
158
142
145
109
99
81
37
45
54
49
34
21
37
53
59
46
58
101
86
73
40
66
55
65
72
63
28
23
26
24
24
15
25
30
58
43
78
78
20
4
12
13
22
42
52
26
37
56
67
29
8
13
37
43
30
26
18
24
35
18
16
30
9
19
12
14
7
11
10
16
10
32
28
10
13
16
13
5
37
37
11
20
97
83
42
13
21
7
23
36
11
20
52
123
88
31
61
77
14
18
26
61
74
143
108
43
25
23
23
30
25
24
17
22
24
21
8
17
30
25
25
17
34
55
25
81
22
10
18
63
77
4
24
22
19
8
11
17
8
9
8
22
91
179
155
153
154
100
85
66
12
12
18
107
144
124
22
21
17
9
24
20
27
90
62
24
82
169
51
60
94
58
34
34
29
31
21
6
16
15
17
49
22
115
136
121
28
19
23
31
22
10
8
14
20
33
29
22
15
18
22
22
14
8
7
11
15
25
13
17
30
39
22
21
20
23
32
31
13
26
9
15
37
11
21
35
22
24
29
34
42
28
28
25
30
25
16
17
25
55
14
43
23
13
10
31
32
49
29
12
64
77
55
41
25
53
31
22
10
34
13
5
33
63
65
53
18
31
63
37
8
16
30
35
25
0
5
27
40
40
34
37
26
18
21
49
44
25
17
4
4
12
17
7
31
22
20
21
17
11
8
6
12
14
21
5
10
9
16
20
10
19
20
16
16
19
16
15
15
13
8
32
20
34
31
23
27
21
27
12
19
29
19
22
24
18
45
34
34
20
13
19
18
29
22
16
24
25
13
16
15
37
40
25
24
16
10
46
53
23
24
11
15
20
12
15
20
49
39
16
16
11
16
19
20
19
27
35
30
23
29
32
52
63
31
54
67
142
67
60
69
116
52
22
20
35
38
22
18
26
63
95
83
145
157
117
76
79
155
55
100
198
194
195
150
158
136
151
175
160
109
57
47
28
81
60
48
29
31
52
49
43
90
104
35
51
29
48
27
43
65
96
33
32
34
26
28
25
18
35
27
35
64
41
19
25
23
15
20
34
50
34
91
106
57
22
16
16
46
70
42
39
31
46
38
18
11
18
24
11
8
13
20
8
6
5
9
48
34
11
9
14
9
38
77
40
8
49
82
48
12
8
12
11
26
39
14
21
15
88
78
35
4
42
36
28
36
109
147
197
138
64
46
36
24
24
17
12
14
27
44
39
20
15
27
25
21
18
39
47
22
53
10
23
60
69
48
16
20
22
11
4
18
16
11
19
24
26
69
85
45
57
35
14
10
11
9
21
23
114
77
17
25
16
5
11
20
21
16
6
12
27
46
130
60
146
151
43
57
43
29
29
15
16
29
35
33
49
25
77
54
10
19
20
12
28
55
6
10
21
25
21
15
10
16
19
11
25
16
8
21
26
22
45
15
0
3
28
23
23
16
10
26
17
11
19
8
14
43
26
28
15
28
34
32
33
32
21
26
28
30
27
16
18
9
56
13
32
18
31
24
56
62
64
18
30
65
64
71
88
45
30
36
18
14
20
9
8
40
87
61
35
8
42
68
57
20
38
43
59
49
9
21
50
30
28
28
24
19
11
10
31
45
36
18
5
17
31
25
13
23
6
4
11
22
9
18
4
10
15
12
7
4
9
31
17
15
19
16
22
16
15
19
20
14
8
14
42
26
32
35
27
26
21
21
5
6
13
17
23
28
34
28
15
23
6
12
17
18
34
20
16
28
17
15
12
15
43
34
42
34
10
23
78
41
31
21
10
14
18
15
11
19
21
9
9
19
18
15
26
24
19
42
83
20
38
39
19
14
34
27
92
115
127
93
91
56
172
117
58
27
33
25
16
26
35
95
19
61
162
26
130
111
42
110
91
196
201
173
185
214
146
147
156
230
219
139
98
74
28
86
52
93
44
24
42
17
31
56
18
13
54
35
11
4
47
35
51
47
43
32
35
27
13
26
26
15
34
30
3
46
47
26
17
13
26
16
22
106
91
17
17
25
17
62
53
14
31
27
49
26
8
13
18
43
29
12
11
22
7
5
5
8
19
9
7
9
14
6
71
62
18
11
101
95
57
15
6
2
2
17
10
15
14
26
51
14
48
9
61
60
36
84
124
177
150
113
82
70
65
53
71
45
30
12
14
24
31
36
14
23
26
20
22
71
70
25
9
8
53
136
96
24
29
17
20
13
10
18
6
23
29
36
36
21
9
18
97
45
41
28
25
7
24
28
36
28
35
8
12
14
14
8
14
9
14
9
24
48
100
158
233
167
151
88
32
35
13
9
17
15
36
27
21
14
47
39
12
22
12
11
52
137
9
23
35
37
8
4
17
12
12
2
34
14
17
45
51
48
50
18
2
13
31
24
19
22
13
11
13
16
25
5
5
34
43
32
22
23
23
31
30
25
26
17
14
18
17
17
29
25
25
27
26
18
35
27
61
47
44
30
37
37
24
14
36
49
12
26
20
23
25
18
29
69
63
28
37
2
20
55
58
20
35
36
49
68
32
49
61
19
29
39
30
38
20
2
14
45
34
25
23
35
39
37
18
2
12
13
27
19
8
26
12
6
3
2
13
21
21
21
13
17
19
22
15
7
14
27
28
33
26
36
47
27
32
31
28
27
21
13
16
16
11
11
12
35
36
21
25
6
8
31
8
21
36
17
10
12
11
13
2
13
14
31
44
14
18
34
28
11
37
22
10
13
12
12
4
12
10
21
7
33
21
20
26
21
16
42
96
18
27
34
10
17
5
89
120
166
199
112
187
88
91
48
107
34
28
21
29
32
41
90
42
31
91
78
167
116
88
212
143
174
206
245
145
155
193
185
167
175
158
146
137
70
56
54
96
103
32
45
59
13
24
28
23
19
34
29
15
18
39
26
28
52
17
33
27
20
18
41
21
5
24
21
13
15
4
19
32
44
27
6
34
63
31
30
3
6
19
56
18
2
18
20
36
33
21
10
8
61
49
17
4
1
7
24
8
3
2
8
5
10
7
17
9
1
4
32
56
62
33
27
14
7
2
7
21
26
10
22
29
27
9
7
69
53
25
141
62
39
99
76
158
212
82
50
66
31
114
31
30
9
3
21
17
20
29
14
42
53
6
20
23
22
81
114
160
46
27
43
34
25
27
14
10
11
14
39
34
26
40
48
41
26
32
19
15
12
70
62
29
44
18
8
29
20
0
2
2
16
7
6
42
95
133
253
233
245
235
119
11
21
20
12
5
14
37
27
24
17
14
9
6
3
22
24
35
57
15
35
28
26
19
6
17
6
18
13
31
26
18
28
22
20
22
12
5
17
18
23
24
22
10
11
31
26
20
8
9
14
10
22
24
23
26
37
23
28
32
33
28
17
18
11
21
25
14
39
30
3
6
13
11
28
31
58
34
56
80
4
4
26
57
36
34
14
3
20
33
65
32
39
49
10
21
11
32
60
51
60
60
43
1
14
33
18
33
58
26
10
13
15
1
17
39
52
39
41
30
31
13
9
32
45
14
5
12
21
9
19
9
18
26
36
4
12
10
15
18
19
15
1
4
28
17
12
23
22
26
26
32
38
25
31
23
8
7
17
21
17
20
29
8
10
9
12
17
35
10
21
26
11
14
22
26
24
6
29
22
23
5
24
35
25
30
13
22
14
11
22
14
15
8
0
11
52
39
31
10
14
17
14
14
10
9
18
14
11
16
23
18
89
153
67
186
230
153
101
43
37
51
32
34
94
40
74
241
245
176
50
91
210
219
177
224
153
36
163
167
215
132
206
227
191
202
83
70
89
110
83
94
32
105
43
43
132
74
37
62
37
49
47
29
32
10
15
36
25
48
14
21
54
33
15
26
24
21
20
18
21
16
6
20
41
66
20
7
14
20
19
25
29
19
31
19
2
35
14
12
10
8
41
58
37
13
11
18
29
28
4
40
62
0
17
9
15
11
8
6
10
7
4
7
12
15
11
74
27
19
10
7
1
18
29
55
36
14
36
41
51
15
39
64
81
204
179
197
226
251
252
219
67
25
36
81
26
31
29
22
2
10
24
31
25
25
13
31
48
37
10
73
66
91
82
51
10
19
8
17
13
12
13
63
181
33
11
53
79
21
26
14
10
6
8
17
57
14
36
50
17
36
18
2
17
14
35
22
26
56
226
127
239
238
223
225
89
50
34
2
19
11
9
32
42
31
8
33
24
8
14
46
74
15
3
28
35
21
27
19
23
21
20
40
31
8
25
31
26
17
10
27
30
39
25
10
20
17
23
18
18
25
24
15
14
11
10
11
22
22
27
27
16
28
35
23
19
22
21
7
21
25
23
16
35
55
28
7
9
8
2
4
25
59
76
61
16
18
13
76
27
37
62
49
52
60
34
44
51
46
13
27
21
21
24
31
37
29
5
30
11
25
21
35
52
33
32
10
16
12
17
24
36
15
35
16
25
42
19
9
17
22
20
43
24
33
44
50
50
16
23
25
18
22
27
14
25
34
21
6
19
6
20
26
46
46
17
19
26
21
29
24
7
20
14
20
19
17
22
22
16
4
9
1
17
19
11
11
12
13
13
19
19
29
25
12
8
20
24
18
21
26
18
12
5
9
14
16
20
16
12
12
5
10
10
9
23
13
5
18
15
13
33
29
15
19
24
56
31
93
17
146
204
181
206
191
48
26
65
49
38
33
77
207
204
136
108
230
235
105
28
61
55
200
134
193
175
205
208
225
172
207
200
138
120
86
92
102
50
24
33
63
135
97
45
153
101
53
9
25
25
42
76
28
14
28
11
11
35
57
47
19
28
21
26
12
22
29
1
16
47
26
1
22
30
25
15
2
23
26
34
9
12
7
11
9
31
21
17
27
30
25
69
69
62
56
10
36
45
9
15
10
1
1
4
5
14
17
5
11
8
13
12
13
13
21
8
9
25
44
10
23
44
36
10
37
51
6
53
143
221
248
242
237
244
161
178
171
118
29
60
211
29
25
59
41
28
15
13
17
15
16
8
47
39
8
47
86
54
57
22
29
17
33
85
39
29
4
29
39
67
2
42
97
70
26
13
11
11
9
7
8
21
32
52
52
32
22
6
9
12
27
35
10
27
44
62
36
153
218
220
182
158
86
28
5
15
1
7
25
18
5
36
26
10
18
18
16
22
24
55
40
21
25
15
20
10
17
20
10
7
18
19
16
14
16
16
24
10
29
27
9
15
20
22
6
5
20
9
21
18
10
17
24
24
25
17
14
23
25
22
17
27
27
20
13
23
31
38
22
5
51
38
10
8
22
31
21
11
39
43
24
20
23
35
66
52
67
93
60
32
41
36
50
19
8
16
17
18
6
4
30
34
33
40
71
56
58
27
51
17
23
34
9
3
17
21
15
19
4
14
19
21
21
9
18
11
17
30
26
19
15
30
24
24
23
33
22
17
12
12
11
21
22
37
29
17
22
11
7
30
29
19
24
18
16
34
30
16
20
20
17
12
13
11
17
33
12
1
0
10
25
21
17
14
14
10
16
11
19
17
4
7
17
13
29
35
30
7
25
31
36
23
12
9
24
26
12
7
10
6
9
14
3
13
14
16
63
45
16
23
16
21
25
11
17
25
92
76
30
58
140
59
29
52
64
37
40
26
35
36
21
143
184
58
130
132
47
141
226
101
174
107
127
120
155
134
188
191
140
129
91
133
205
117
38
46
46
76
32
54
171
195
73
76
56
28
40
73
36
29
26
44
28
34
33
28
26
40
16
13
18
24
31
31
26
21
5
0
11
17
13
6
19
20
36
26
16
30
10
6
4
13
29
9
4
9
95
52
57
36
13
27
20
37
44
15
17
9
0
1
3
21
19
20
21
12
14
11
25
19
23
41
2
24
44
47
40
9
32
19
52
29
39
38
136
137
142
202
236
164
39
42
31
66
35
10
132
30
15
50
47
31
21
2
9
22
8
48
52
20
3
30
62
40
31
14
13
7
39
111
127
100
19
123
94
31
107
96
87
43
16
20
21
7
8
9
29
73
58
36
26
48
33
11
5
14
10
12
6
16
33
9
17
30
46
97
55
36
41
12
6
4
18
11
14
23
18
21
4
7
20
21
7
24
59
40
27
23
16
33
27
5
18
13
9
16
14
13
18
13
23
34
17
14
17
25
23
12
26
27
13
19
12
15
23
17
14
17
23
24
13
25
22
23
28
23
20
28
23
14
7
22
42
27
21
63
93
35
5
19
6
17
16
10
28
24
24
23
32
32
41
62
47
47
36
22
24
44
45
29
23
22
16
30
16
17
22
15
16
54
68
58
39
14
15
7
15
21
28
28
19
11
4
11
2
2
5
14
24
16
10
7
5
8
6
10
7
21
9
7
9
26
15
18
6
9
11
15
8
10
53
30
16
3
9
11
21
25
27
23
18
32
23
17
19
13
19
16
6
7
4
21
32
40
24
16
21
22
20
19
7
7
9
13
19
16
27
24
8
10
16
51
68
23
31
26
22
23
16
17
29
19
11
31
35
10
10
24
46
14
9
21
34
24
16
15
14
57
45
4
21
19
21
51
38
38
72
51
39
87
55
21
49
31
22
50
46
72
49
24
187
170
37
78
174
98
164
98
88
109
109
95
127
175
197
129
145
119
153
138
106
62
56
122
54
105
175
130
37
66
40
33
15
21
40
36
26
22
54
36
21
26
38
24
9
22
14
7
24
33
21
18
13
0
15
28
11
21
25
6
13
13
24
24
19
6
3
10
28
13
5
16
53
13
41
59
22
45
60
21
32
25
12
26
13
4
14
15
17
21
14
14
13
16
24
23
25
42
22
20
19
21
28
5
16
10
15
19
46
34
94
54
34
127
202
79
19
49
29
20
21
16
31
14
19
29
38
24
6
4
18
39
10
18
42
70
156
85
80
25
13
14
9
32
65
49
50
36
49
94
54
15
171
100
27
20
10
18
11
10
12
6
23
39
42
25
9
31
53
41
17
11
12
2
1
12
19
11
17
14
21
22
16
26
14
14
12
17
24
5
5
15
16
18
16
10
6
11
8
17
27
12
23
28
34
52
23
22
12
14
11
11
14
19
21
26
28
48
24
24
26
26
21
13
14
23
24
22
11
21
33
24
15
25
31
28
20
37
27
19
17
21
23
20
15
13
11
28
29
13
17
80
57
12
9
22
9
37
36
40
50
26
26
28
34
31
12
35
30
35
33
11
11
38
49
58
39
36
23
34
24
16
11
12
51
98
70
42
34
32
22
6
31
41
43
42
28
26
7
14
15
8
16
16
16
22
6
6
12
30
5
20
10
12
6
5
14
16
16
14
6
11
14
11
10
28
40
21
18
7
16
11
17
23
22
25
21
31
25
21
16
15
16
9
9
31
35
12
27
25
21
30
20
10
20
11
13
9
8
11
9
22
25
26
16
9
10
44
64
20
23
13
13
19
19
23
24
12
20
38
16
13
5
29
43
6
24
27
7
36
38
11
14
44
57
13
25
16
12
27
25
38
33
26
16
51
28
21
31
58
30
54
50
41
14
26
112
201
75
21
135
119
132
115
80
95
89
101
108
116
135
111
165
150
103
145
155
62
55
97
118
94
126
92
33
57
79
36
20
36
49
52
17
13
24
23
30
41
30
21
3
18
17
23
23
14
13
11
7
12
29
31
22
24
14
10
11
12
15
13
28
15
11
15
17
10
10
23
23
1
27
28
37
70
63
34
30
47
52
42
27
18
15
6
16
23
20
13
10
17
19
20
16
16
38
34
14
14
9
4
23
44
31
25
35
41
37
22
24
56
73
27
12
21
19
16
18
9
15
42
58
41
42
34
17
40
40
60
17
59
70
72
155
103
89
24
16
9
14
22
66
59
40
70
49
28
18
7
66
45
12
6
3
12
3
6
6
6
16
19
24
31
30
9
46
44
28
6
29
7
21
11
5
15
16
12
18
14
30
33
23
13
13
24
13
11
5
4
11
11
23
36
74
3
7
10
17
7
22
21
24
33
16
20
16
18
13
6
13
21
20
22
16
37
22
20
25
18
22
18
12
33
28
15
20
23
23
18
22
30
25
17
19
27
20
21
17
13
18
11
9
7
18
38
32
12
21
69
24
32
51
43
46
67
42
41
53
33
31
34
34
19
16
12
24
42
35
24
15
23
33
54
34
37
38
23
25
20
19
34
74
71
60
24
42
61
43
3
23
31
27
38
41
37
16
17
22
19
20
24
19
26
9
22
24
34
10
27
34
19
10
8
24
10
8
13
4
9
17
27
14
34
17
15
24
49
34
10
20
22
24
28
21
27
20
19
18
20
15
2
15
43
28
5
10
7
23
31
15
12
20
5
16
16
13
10
1
14
11
15
11
11
13
32
32
11
17
18
16
18
17
26
19
11
20
29
1
18
18
31
33
6
31
42
28
33
27
7
18
24
34
20
17
16
15
77
34
26
20
30
68
33
23
18
21
75
139
51
24
40
37
25
46
157
74
16
180
122
115
113
74
86
78
114
98
58
102
117
158
197
107
121
140
108
128
64
158
100
83
66
32
66
80
51
27
58
37
39
29
13
1
16
28
34
13
25
16
14
12
19
31
39
33
24
12
29
25
13
13
23
11
11
9
10
5
6
14
15
15
11
19
14
10
14
13
10
14
19
48
83
59
39
34
86
76
34
31
15
7
6
10
13
23
24
14
28
37
46
18
6
49
25
36
29
9
9
26
44
30
32
25
30
21
24
26
17
13
12
11
20
11
64
37
7
28
57
53
46
49
38
37
57
62
58
55
97
74
105
78
64
69
17
40
44
21
25
48
71
103
61
36
7
12
6
4
11
7
7
18
6
2
3
14
13
15
45
30
28
32
18
20
26
34
24
29
11
15
10
3
14
12
8
12
10
18
16
35
20
6
17
11
17
10
0
17
75
40
42
93
5
7
4
12
12
24
17
11
14
10
17
15
20
17
5
7
12
18
18
11
25
21
9
10
16
41
41
19
33
21
12
21
21
18
8
26
28
16
8
7
10
15
18
24
13
17
12
7
12
56
65
58
42
20
49
35
47
53
52
59
59
26
33
57
20
41
45
38
33
22
5
24
34
25
37
28
38
18
33
24
22
28
16
22
27
33
39
61
20
35
18
45
65
51
11
32
33
14
24
38
20
14
19
24
19
12
23
25
17
24
36
28
25
33
23
44
29
15
17
21
14
17
26
24
11
18
24
14
25
12
19
31
77
41
19
31
24
26
31
23
26
22
20
20
21
18
7
13
32
11
11
4
16
27
26
12
18
24
13
10
25
14
17
9
5
11
15
7
24
23
29
21
30
12
15
11
13
12
25
14
11
16
16
9
18
33
30
23
6
22
34
39
23
7
11
35
23
16
22
11
19
21
90
38
24
23
44
103
25
43
33
45
53
167
47
14
39
49
23
30
61
45
53
208
94
117
116
76
66
67
91
90
80
104
128
144
163
131
104
103
117
179
93
112
113
85
71
37
65
58
87
35
54
34
35
42
31
33
19
25
26
12
27
37
29
18
17
34
58
39
22
12
31
18
10
10
21
19
11
11
9
5
10
0
8
15
9
18
16
13
17
17
18
10
35
53
71
59
22
23
82
82
39
30
4
1
8
21
15
17
37
24
26
30
56
26
13
37
9
38
33
16
16
17
22
13
29
30
33
32
26
20
16
17
11
17
39
21
65
36
22
25
37
32
42
41
60
32
42
71
54
56
61
47
98
24
34
36
13
61
88
27
42
32
51
130
74
30
39
19
26
24
15
13
10
25
8
11
8
21
34
41
69
33
19
25
22
6
24
42
36
20
10
13
10
3
8
5
4
5
1
11
4
35
26
1
11
14
16
9
0
16
110
50
25
42
12
4
0
3
10
30
27
31
29
12
26
15
23
21
7
3
3
14
20
19
23
26
9
8
50
64
50
21
13
20
20
13
20
34
14
18
28
17
14
9
9
17
15
19
20
22
16
24
60
98
83
82
76
38
44
68
48
25
42
41
34
26
46
57
7
38
52
41
55
16
3
20
20
21
23
26
51
16
22
23
7
5
17
21
17
24
20
41
18
22
31
36
41
40
33
63
53
20
20
33
12
9
23
28
13
10
15
19
6
33
27
22
19
39
17
29
22
17
23
15
23
38
32
36
17
17
8
20
35
13
21
39
71
45
31
37
26
22
31
27
27
31
26
21
17
21
12
4
13
15
21
11
31
25
22
16
20
37
28
7
26
10
20
15
3
19
25
15
29
30
38
30
38
16
17
24
13
11
24
15
13
15
9
17
15
28
20
11
7
12
13
24
36
12
15
45
23
15
20
18
23
26
32
21
26
21
33
54
10
54
63
58
18
61
30
22
32
29
23
26
28
37
65
136
100
125
126
93
57
88
68
79
117
98
109
110
100
116
91
83
76
139
151
46
117
109
90
54
75
76
108
34
52
66
58
37
54
55
26
35
34
19
27
39
38
33
29
27
33
18
5
13
27
35
28
22
16
22
17
27
22
8
19
6
10
16
14
11
22
21
25
23
14
28
41
42
38
46
12
9
31
61
75
30
3
1
8
46
46
7
39
47
35
12
38
27
15
16
12
37
26
13
14
18
23
14
14
33
44
33
18
19
32
20
12
19
39
27
18
20
35
21
17
42
47
20
103
20
23
51
45
15
6
19
38
18
22
13
19
50
85
34
36
29
29
74
119
37
57
20
39
39
27
41
22
19
26
32
14
16
62
80
50
19
18
21
7
19
36
41
32
18
11
32
20
11
2
1
2
5
13
26
12
26
17
1
8
11
13
6
0
13
54
31
10
5
16
30
20
5
9
28
37
52
46
20
29
29
25
21
15
11
2
7
15
17
14
24
25
24
90
65
21
17
6
30
28
17
28
38
21
15
35
19
24
24
20
21
34
14
22
20
13
55
105
86
64
81
68
79
78
90
69
41
46
39
37
40
54
36
25
31
52
35
31
26
7
6
15
25
3
7
17
6
13
17
2
6
16
26
13
7
15
30
39
31
47
27
25
22
45
61
39
20
37
42
30
15
27
28
13
13
12
12
15
21
11
11
10
4
15
19
14
16
12
19
22
34
16
6
12
15
12
30
56
4
18
37
66
52
24
31
29
21
27
26
27
29
28
24
14
19
9
3
0
15
19
20
30
25
18
19
26
51
39
11
17
7
12
6
6
18
26
15
13
21
40
24
3
31
41
52
23
15
21
24
14
15
12
19
18
18
10
15
14
12
16
20
47
21
9
31
14
33
20
30
24
15
14
22
14
12
15
8
22
60
91
27
41
27
17
26
21
21
23
29
75
48
39
51
162
145
122
104
106
148
110
71
81
109
84
66
96
69
71
79
68
82
149
65
154
122
75
66
121
106
79
17
56
77
55
30
47
20
33
45
45
17
19
21
25
24
28
29
11
8
8
33
27
51
35
26
16
16
24
36
33
9
22
18
15
17
16
21
34
19
9
15
24
59
32
14
14
23
20
15
3
9
86
32
19
9
22
50
63
9
38
69
63
68
46
26
12
17
29
65
24
5
10
37
43
19
1
12
25
25
13
18
37
22
16
18
34
22
19
38
34
23
16
46
49
10
107
27
20
22
31
14
5
6
29
43
14
29
23
28
54
41
13
38
39
10
72
42
26
16
17
39
32
58
49
32
44
39
14
11
63
80
14
5
19
4
6
35
26
20
27
21
13
33
33
34
6
2
7
14
36
28
17
12
8
3
3
6
11
5
3
25
3
8
7
10
15
85
59
14
11
23
26
31
29
14
25
18
9
8
18
23
9
5
12
4
3
19
35
25
48
46
17
17
16
18
19
35
35
20
8
35
31
30
35
16
19
28
54
29
20
17
14
52
47
64
59
50
41
69
101
83
50
47
47
30
38
12
33
47
45
55
62
27
12
36
33
11
17
12
30
21
17
12
5
3
4
4
12
27
47
25
18
11
46
26
31
33
37
28
30
39
21
19
45
25
13
18
12
14
10
13
17
18
19
18
27
11
15
16
18
17
24
16
9
16
5
19
21
8
5
9
5
33
47
5
23
17
50
21
11
25
33
23
25
23
28
34
30
17
17
21
12
10
2
14
26
29
12
20
29
21
29
45
45
12
12
9
10
8
16
16
22
7
13
3
12
11
4
22
16
13
21
17
10
21
13
20
21
47
21
32
28
20
15
21
16
8
19
19
18
29
21
94
32
19
33
17
13
24
10
40
37
19
25
102
142
29
103
101
24
25
20
81
22
40
66
55
73
99
158
175
131
91
155
156
174
108
80
111
98
74
59
76
100
86
63
61
69
92
179
123
71
68
142
82
45
30
47
27
15
32
21
23
34
49
52
28
4
17
29
4
27
51
16
7
8
20
21
25
33
28
17
9
27
21
9
17
20
21
17
13
7
35
10
4
8
8
68
57
11
9
24
12
24
30
12
8
22
39
53
32
52
32
14
29
49
46
21
156
71
31
25
24
44
50
10
12
15
52
62
16
3
2
7
24
19
13
23
21
20
21
35
31
50
71
33
9
12
9
30
23
43
24
23
42
63
58
1
15
53
49
68
107
32
64
65
41
30
52
80
29
20
16
33
27
23
60
28
42
50
50
29
3
7
11
13
31
16
7
8
2
20
22
10
3
6
15
6
7
18
35
20
6
15
18
33
19
9
10
24
12
6
5
10
5
11
25
9
7
3
5
14
74
52
14
1
30
18
16
10
28
18
3
6
8
23
15
22
14
9
18
8
14
12
11
23
30
18
23
16
29
40
32
23
30
42
22
29
33
19
5
15
20
37
29
26
19
5
30
30
38
40
30
41
44
55
90
56
50
32
39
41
7
8
34
38
26
43
43
19
22
68
63
43
66
136
72
92
76
36
20
29
21
20
15
12
9
6
8
28
8
2
4
8
10
30
37
24
22
13
6
10
9
6
5
11
12
15
6
16
9
25
23
19
24
42
20
15
19
15
16
23
39
18
14
14
7
5
36
4
11
23
22
15
23
11
18
41
20
23
19
34
38
32
17
19
27
17
8
4
2
12
22
8
18
26
30
20
38
54
14
16
4
8
6
20
9
13
4
13
10
39
50
27
14
13
13
9
9
27
12
7
17
19
31
10
36
37
5
32
33
11
11
19
22
29
20
58
71
24
14
11
15
12
28
55
72
82
47
19
56
102
79
27
100
21
6
18
78
18
32
21
28
16
168
143
98
132
32
119
77
75
84
77
60
46
78
69
64
70
86
55
91
78
78
70
79
104
65
69
31
34
53
94
115
18
22
23
55
13
29
29
12
26
55
28
16
18
43
29
18
32
11
44
46
28
6
0
1
16
14
12
10
17
21
24
22
19
0
3
17
24
44
35
13
18
58
31
2
38
53
15
4
15
25
55
30
24
31
9
16
20
62
52
82
15
25
24
18
41
41
21
11
19
72
41
7
9
15
14
17
9
9
10
10
21
42
30
17
75
66
15
48
15
35
72
39
21
23
24
19
47
82
7
53
68
11
142
118
89
76
63
47
78
62
40
32
0
19
57
40
34
47
21
24
37
9
24
17
4
2
12
13
2
19
23
11
15
24
17
4
19
43
33
9
8
20
27
7
28
34
10
0
0
9
35
10
2
15
24
17
18
14
3
0
1
5
16
5
5
9
1
44
10
11
8
10
25
12
15
18
17
13
32
34
26
6
17
9
13
12
34
24
33
23
24
42
40
22
15
24
50
33
28
16
3
5
11
11
35
27
17
14
12
26
15
10
47
33
55
44
38
29
66
43
22
44
18
10
25
24
20
7
15
20
31
86
99
54
58
108
51
43
58
72
84
56
37
34
45
26
25
43
50
38
17
9
2
5
9
23
35
32
24
16
8
13
8
5
13
8
7
12
19
16
7
9
30
31
31
8
17
19
14
15
2
30
32
24
7
7
14
27
44
18
18
28
13
8
9
18
22
26
28
22
15
18
37
35
24
10
37
21
11
2
7
15
20
27
21
18
18
42
49
41
25
12
12
0
5
9
16
16
16
29
17
21
33
34
6
5
14
12
12
37
43
6
14
18
9
12
15
10
13
11
23
22
22
32
13
10
8
10
31
20
24
37
29
31
33
29
43
17
27
54
9
16
51
121
127
7
19
7
14
9
27
59
62
29
21
70
64
25
161
194
158
79
62
67
59
41
83
82
83
98
115
90
85
89
68
83
64
56
121
134
52
33
72
92
139
167
122
47
20
12
38
26
15
36
1
19
15
14
16
15
20
16
26
24
4
21
38
26
8
6
12
24
35
23
32
23
32
25
21
4
17
9
24
30
61
106
31
42
21
3
49
58
21
6
42
23
3
10
35
43
46
28
10
10
38
4
2
5
24
15
25
13
23
14
8
37
17
8
5
10
2
12
9
9
0
7
30
45
10
31
102
43
21
11
3
73
108
27
38
21
21
9
6
64
56
59
58
31
19
12
51
52
142
131
82
61
20
4
3
17
40
29
19
28
3
13
7
0
87
117
42
2
21
1
5
23
28
12
1
14
10
4
30
39
25
14
10
21
1
6
19
9
1
0
1
3
2
45
19
44
36
14
3
5
7
7
14
7
24
20
9
3
0
44
44
23
17
5
21
10
15
19
10
29
23
24
30
23
4
11
17
25
29
27
53
32
42
24
19
21
20
36
22
21
22
20
25
25
25
17
20
20
24
16
11
17
26
28
32
15
45
29
33
13
50
34
19
47
31
15
13
5
17
11
8
30
62
41
41
25
21
70
45
45
54
58
51
49
42
35
46
30
20
49
24
20
33
29
5
12
9
9
26
8
15
6
6
4
7
10
15
6
10
23
29
27
23
14
14
5
11
7
4
15
25
17
14
20
20
20
23
5
2
8
12
2
19
36
20
19
14
25
14
30
25
27
20
18
37
33
18
13
29
18
12
6
7
5
17
23
22
19
35
34
33
10
14
21
28
13
20
24
29
31
22
15
3
50
36
20
31
14
18
3
12
25
24
14
35
29
9
13
27
17
14
6
13
13
29
35
13
18
20
17
27
43
38
11
26
34
38
13
9
24
19
9
12
24
25
40
75
26
23
13
25
18
15
38
62
27
12
52
29
23
73
124
198
182
87
37
20
16
52
80
75
97
106
77
68
78
69
138
94
138
168
223
46
57
52
52
76
46
134
68
53
27
51
62
23
12
10
20
26
17
8
18
39
54
42
7
1
14
17
36
8
32
22
26
27
14
5
22
15
15
6
1
20
16
9
17
72
46
21
15
7
13
21
25
25
10
21
9
14
46
81
120
64
57
37
45
5
7
28
26
8
44
20
2
12
6
1
5
6
8
12
3
11
16
22
4
9
16
11
74
7
12
25
19
10
14
51
54
47
24
26
12
16
27
24
14
18
8
13
24
34
65
55
55
116
111
33
29
21
25
25
26
19
8
20
8
4
11
7
17
13
41
31
6
11
27
9
6
7
2
1
23
18
38
25
6
24
33
30
7
1
2
11
5
3
12
29
30
17
64
21
17
38
15
14
7
12
19
14
12
18
15
10
9
9
36
22
37
18
25
21
9
16
15
15
28
21
17
20
27
14
22
26
33
29
36
43
33
20
18
26
18
33
43
19
11
16
23
25
25
15
11
13
19
18
9
9
36
46
21
11
21
24
25
28
6
13
20
14
13
30
26
13
7
20
4
3
8
16
8
25
31
15
23
27
37
29
18
48
51
33
19
15
12
5
12
12
19
26
21
17
18
8
22
27
5
13
10
12
13
14
12
15
14
14
21
21
18
13
5
14
24
8
10
20
8
13
10
23
21
24
17
20
13
0
3
21
31
6
30
28
34
29
28
17
19
24
28
27
27
36
35
20
18
38
43
33
14
2
4
21
26
25
20
27
26
27
12
11
7
22
32
42
28
36
14
19
21
16
46
39
52
44
10
20
10
19
13
21
12
21
24
19
24
31
21
15
7
11
11
20
31
12
11
23
7
9
40
46
10
33
31
30
14
10
30
11
18
33
42
27
46
35
38
18
19
23
14
23
30
34
24
16
18
40
21
19
61
123
132
72
31
33
3
35
94
89
146
112
95
83
64
57
109
105
181
183
156
98
70
46
62
91
22
77
52
49
41
59
59
25
30
10
28
13
20
9
13
15
31
20
5
13
28
15
39
21
18
13
26
20
5
12
5
8
14
12
19
21
15
16
33
31
29
60
25
2
16
14
16
16
22
16
11
25
53
39
32
31
82
64
24
1
10
30
21
23
29
8
0
3
18
13
7
9
5
15
8
19
30
43
22
27
17
8
65
9
7
17
21
21
38
37
17
27
32
7
17
28
32
49
20
20
20
18
13
19
57
42
30
28
50
28
45
50
32
23
25
38
21
17
24
18
6
16
17
6
13
18
9
2
8
4
5
2
0
1
33
19
25
11
8
30
33
30
14
0
5
11
15
3
11
30
9
19
33
9
12
33
12
9
10
13
12
19
15
16
12
10
8
4
23
13
35
10
21
19
10
7
10
23
22
20
23
36
19
8
25
33
32
26
29
31
31
18
18
21
33
56
34
26
31
47
38
16
19
17
9
7
8
5
10
11
30
42
18
29
34
25
15
13
8
6
20
27
1
28
23
20
12
7
13
20
15
9
1
50
25
29
8
8
33
48
21
50
29
15
28
20
28
11
15
19
10
12
17
24
21
5
39
58
45
22
24
13
17
14
18
14
16
16
16
16
14
20
39
26
45
22
5
9
10
8
13
20
15
25
10
13
15
13
9
43
35
13
11
25
39
44
35
24
24
29
30
30
30
36
30
20
19
26
35
27
13
16
13
16
21
15
15
28
22
27
26
10
13
30
26
19
19
29
12
10
9
7
27
31
26
18
5
16
25
16
4
15
7
16
20
28
21
18
12
10
13
11
21
24
23
13
20
20
29
37
32
21
10
19
19
17
11
5
16
12
29
28
21
20
33
29
33
18
30
31
8
10
21
30
37
45
13
46
51
27
42
69
38
36
50
70
9
61
102
149
191
151
138
88
76
44
90
165
115
79
95
84
51
59
70
48
34
30
27
67
54
50
38
17
56
44
30
9
22
23
27
2
11
7
18
63
51
19
17
9
5
3
19
22
10
7
7
18
24
20
36
37
42
37
46
16
38
60
23
10
23
17
13
17
27
13
8
19
42
20
18
53
98
63
14
10
18
19
41
103
13
13
6
12
17
6
12
19
20
18
30
28
21
51
28
37
11
7
23
12
19
22
21
26
39
10
14
38
18
0
10
21
32
31
38
18
14
11
3
12
29
26
30
29
13
38
42
48
30
22
33
43
11
5
18
47
24
27
27
16
37
20
5
6
0
1
2
11
10
0
16
11
11
15
7
20
16
10
44
20
3
14
24
12
29
43
37
17
26
24
4
11
16
16
17
36
42
15
6
8
4
4
2
1
23
7
14
10
20
23
14
2
5
19
25
18
20
33
7
10
21
30
25
24
40
25
27
21
17
15
38
53
23
13
37
58
37
25
15
18
9
8
9
18
6
9
28
46
17
21
36
42
8
11
18
10
23
31
9
14
11
27
18
6
11
23
21
9
21
41
26
53
27
5
24
31
19
32
52
18
39
41
40
37
34
46
21
13
10
14
18
13
44
45
57
42
30
7
8
6
11
11
21
17
21
17
13
37
44
19
24
13
11
16
8
14
25
25
15
24
12
8
10
20
13
30
21
8
8
25
37
32
38
34
38
26
26
29
26
34
23
15
20
19
23
23
14
26
13
20
21
11
16
25
28
30
28
10
23
28
12
15
7
21
11
10
8
5
13
19
12
12
2
19
24
7
19
12
17
23
18
34
19
14
21
20
13
11
17
23
17
26
43
10
34
49
22
17
13
28
14
7
11
12
14
14
21
48
16
11
16
31
35
22
33
27
10
5
19
30
33
38
27
39
42
37
38
44
14
26
34
58
40
97
115
170
142
114
111
80
75
54
89
139
48
42
58
46
40
65
72
45
24
58
67
56
33
41
24
21
48
47
32
21
20
29
17
10
3
2
22
50
29
23
22
15
23
13
8
14
11
3
5
15
21
22
26
50
48
35
38
37
47
30
25
36
18
10
11
16
18
9
10
11
23
21
35
82
95
39
9
22
19
15
27
62
14
34
33
41
15
11
22
32
33
15
29
27
13
26
29
29
6
8
6
11
19
25
32
18
21
9
14
23
12
11
4
11
28
29
47
32
11
3
0
18
22
16
23
59
23
37
18
27
18
23
26
22
2
1
9
29
31
36
18
9
29
21
1
20
9
7
15
30
22
7
12
6
7
17
17
16
4
13
50
28
11
13
16
33
27
50
51
12
48
49
3
8
16
19
33
53
45
10
4
6
5
5
5
8
20
10
8
19
25
21
19
10
12
21
27
19
11
21
39
35
11
24
27
24
36
21
20
23
18
12
29
32
19
21
41
28
17
34
26
15
12
19
23
30
17
8
41
49
33
4
21
35
11
16
20
13
18
23
24
5
14
34
14
16
6
12
20
7
27
14
28
59
36
8
21
12
25
17
80
27
23
41
59
62
27
37
31
22
14
7
18
28
58
52
46
56
53
12
3
13
14
15
24
17
18
16
17
52
38
14
3
4
27
31
10
20
30
29
21
23
17
6
10
15
15
17
18
10
13
20
22
18
37
36
42
22
20
25
24
32
18
11
21
27
22
17
11
17
5
15
17
8
21
27
37
26
28
28
34
21
15
36
18
22
8
14
15
13
11
12
14
16
0
19
22
14
28
13
24
17
9
28
20
21
26
26
14
15
18
21
17
34
47
19
23
32
12
20
22
38
12
18
19
24
21
13
14
43
19
9
14
26
30
18
36
22
18
24
32
31
17
12
23
18
12
33
56
40
28
27
22
29
42
68
103
166
87
75
81
75
60
67
66
76
43
48
45
31
43
44
57
37
23
87
73
20
21
31
15
24
28
29
35
43
44
66
9
18
7
3
15
45
16
23
24
27
43
29
10
9
9
5
6
12
25
29
19
42
27
42
37
29
34
13
27
56
43
17
9
12
10
16
29
18
12
18
34
59
61
20
12
39
11
20
22
18
16
32
42
37
21
27
29
30
30
15
17
14
11
11
24
38
11
8
6
9
9
27
44
28
21
13
7
12
37
32
17
11
25
27
30
29
19
19
12
12
23
17
24
46
29
29
10
9
37
21
9
5
8
3
15
10
28
33
9
1
10
28
24
20
22
30
38
39
17
8
12
9
11
12
13
10
2
31
44
17
17
9
14
32
21
56
96
28
35
33
9
16
13
20
38
34
28
16
8
5
11
12
9
17
15
19
15
20
17
11
21
20
22
25
26
17
25
44
62
42
4
20
32
18
14
13
14
24
22
15
15
18
35
53
49
12
13
42
36
12
12
29
29
24
29
10
33
43
47
3
6
14
12
15
13
13
12
14
22
6
26
31
10
18
11
8
17
7
10
9
35
43
19
11
18
13
33
15
57
40
8
34
55
54
16
6
20
25
23
24
47
55
73
73
44
48
70
50
12
23
31
28
20
25
14
9
23
53
40
17
5
12
25
45
23
17
22
23
23
20
16
9
13
8
18
20
20
23
21
18
8
17
33
27
31
24
19
21
24
28
14
11
25
26
24
13
5
11
2
10
14
14
21
30
34
18
27
41
35
18
21
41
38
30
15
13
15
21
15
13
15
10
4
24
29
30
18
15
27
9
0
17
18
24
18
15
16
13
41
36
33
27
65
41
18
17
7
15
23
27
15
33
24
21
19
10
14
15
15
18
26
18
17
17
35
35
25
38
32
26
13
6
24
16
3
27
55
33
40
27
21
15
17
24
73
124
62
82
103
70
50
63
41
62
57
36
57
52
56
29
33
8
35
64
31
7
24
17
14
20
27
39
34
73
75
84
17
21
16
9
9
54
25
26
13
17
31
26
16
9
5
6
10
13
26
23
38
23
18
64
33
1
14
15
34
50
52
24
14
23
14
24
39
35
14
13
22
15
21
22
35
32
7
23
27
34
14
18
24
14
29
29
20
16
18
12
10
4
7
13
18
40
16
6
5
9
7
18
30
31
23
18
6
22
61
40
38
29
27
19
10
9
19
25
22
1
23
14
30
16
15
16
14
10
63
10
11
7
14
6
16
20
24
27
22
8
11
27
34
10
25
34
37
25
3
13
9
12
16
9
0
1
5
30
31
8
12
7
22
17
18
60
142
56
10
10
13
16
10
28
33
64
69
22
11
11
19
18
12
19
26
20
14
19
9
8
16
21
22
20
23
10
53
69
20
19
11
16
26
9
12
8
11
21
21
18
6
16
47
51
38
30
28
48
30
5
6
26
20
18
19
10
6
33
33
9
11
19
13
9
13
15
15
13
9
8
23
19
21
22
22
12
15
7
2
17
42
26
20
27
19
7
16
14
14
59
29
41
13
22
33
17
8
15
17
49
79
72
66
48
46
35
45
83
15
17
34
35
21
32
21
9
30
36
24
10
5
19
2
46
38
13
14
15
24
17
12
13
8
7
18
17
13
21
26
25
13
17
24
18
18
24
19
18
21
20
11
15
27
9
17
16
13
18
11
24
21
29
14
23
21
17
16
21
25
15
14
18
31
31
27
10
12
21
18
18
19
9
11
39
29
27
12
16
36
20
2
12
12
17
14
6
8
6
52
51
60
29
88
42
19
12
7
18
17
16
26
27
28
13
13
16
12
22
25
27
30
10
11
18
21
51
26
25
15
29
25
23
60
47
11
24
16
11
44
33
12
6
12
44
66
48
29
82
127
59
56
54
53
77
60
54
79
87
87
63
35
28
30
31
21
21
12
11
28
16
32
57
33
87
77
44
25
23
17
18
14
19
20
33
21
6
9
10
7
3
0
7
9
6
7
1
48
21
42
63
8
12
8
14
49
33
14
20
21
35
19
20
21
41
21
12
17
10
19
38
55
2
11
22
7
21
17
34
15
15
27
45
18
16
11
2
13
8
2
7
19
9
8
6
7
13
16
37
50
32
28
34
17
29
51
24
31
45
32
20
11
6
4
1
12
2
22
3
17
13
14
7
10
23
47
8
31
12
9
8
6
28
17
28
38
15
17
18
2
8
23
10
12
18
15
29
37
18
22
11
0
3
8
13
11
13
7
9
19
13
5
40
91
48
32
28
9
10
8
33
37
172
142
16
13
26
32
26
21
20
33
22
28
41
32
11
12
16
25
25
1
15
40
11
7
29
14
15
18
13
17
14
18
19
15
4
7
18
6
2
13
19
16
25
28
3
8
10
17
25
15
8
11
21
32
32
26
39
36
11
23
22
17
21
24
22
13
22
32
48
31
10
11
11
8
3
15
20
70
59
44
14
11
23
14
56
48
29
25
23
47
47
11
1
18
55
42
32
55
45
30
38
17
37
2
21
25
26
27
19
12
24
49
29
1
2
1
21
7
4
33
25
6
11
28
20
18
12
7
11
15
12
13
9
18
17
13
19
12
15
18
19
15
19
17
9
13
19
21
9
3
5
24
1
22
28
5
12
10
16
29
23
10
5
23
16
13
2
6
15
25
16
13
9
15
18
11
15
13
28
20
12
7
7
25
16
9
12
9
12
8
14
6
11
29
25
78
56
24
28
11
7
13
20
23
20
24
24
49
25
28
38
16
34
52
18
2
0
1
3
8
38
19
8
33
75
34
40
79
53
24
24
24
15
24
28
34
16
20
50
66
42
27
63
107
63
64
70
67
86
96
123
89
103
140
129
79
69
22
18
16
29
9
22
41
18
10
27
39
49
67
43
40
20
18
29
27
13
31
27
36
24
33
15
3
6
13
24
24
15
11
7
18
36
60
38
9
36
5
10
33
25
52
60
13
5
12
20
20
33
29
6
23
20
41
53
35
3
20
21
14
5
30
54
23
23
4
119
49
36
5
7
32
21
7
14
12
3
8
10
10
17
27
147
171
105
75
55
38
25
30
16
4
21
31
4
10
10
2
3
8
1
9
4
14
13
24
22
10
15
30
30
32
13
14
7
24
38
10
25
29
5
30
47
9
2
27
19
6
43
54
21
117
47
36
11
10
8
11
18
12
17
7
9
4
9
7
17
7
9
42
30
3
5
7
23
54
161
99
22
17
27
40
31
34
56
22
16
49
66
47
11
6
18
28
12
4
34
30
5
41
30
7
14
19
9
4
17
35
38
22
24
9
14
13
15
11
15
7
12
11
15
24
12
15
33
28
19
14
36
57
43
40
25
27
25
16
18
22
28
31
31
10
9
37
31
2
4
9
20
10
11
7
16
73
53
20
37
31
42
26
43
54
17
8
2
41
68
14
6
64
60
40
29
23
39
30
35
10
1
5
30
21
18
10
7
5
22
38
10
4
14
8
12
28
9
1
3
4
4
19
31
26
7
5
5
8
9
4
3
25
14
11
9
13
16
21
27
23
20
8
9
16
29
14
0
0
3
12
0
21
19
3
9
13
21
29
29
17
8
10
12
7
2
5
19
42
19
10
7
12
12
6
5
8
15
13
6
8
8
10
4
10
27
13
17
10
26
25
6
51
49
87
28
49
19
6
12
15
12
13
22
44
37
22
34
46
28
27
36
49
16
2
5
8
12
34
49
23
42
41
33
10
26
61
48
68
36
33
42
28
30
45
56
32
21
19
30
39
36
52
55
60
92
70
126
150
153
105
146
200
193
129
50
15
10
12
24
23
27
23
28
12
24
21
8
29
20
14
16
13
25
19
11
25
7
21
38
33
34
20
22
70
72
66
49
27
43
27
61
38
15
43
21
21
12
11
10
46
66
22
8
13
24
19
26
18
19
27
13
38
45
5
13
36
21
7
14
27
12
23
92
13
97
37
42
10
4
17
18
7
10
6
3
13
17
13
22
32
174
81
33
5
141
103
9
4
11
21
10
0
0
34
11
9
6
21
5
4
8
14
11
25
25
7
6
19
25
14
25
37
13
27
25
25
15
4
14
49
54
34
7
0
17
11
25
31
41
163
45
26
3
55
33
6
18
8
9
5
0
6
16
5
69
37
15
13
11
6
10
10
15
65
21
34
62
78
93
20
30
24
191
1
17
45
33
11
50
27
32
30
2
18
64
33
19
62
16
6
19
19
11
19
23
6
18
11
23
22
18
23
15
26
28
18
19
14
6
14
15
22
8
14
15
11
22
26
18
37
31
25
29
15
16
18
23
29
7
2
5
7
26
26
26
13
9
14
11
0
41
91
18
6
40
79
63
52
4
11
3
6
8
19
38
15
18
11
23
27
12
2
78
35
9
9
21
3
28
39
34
9
19
21
23
29
15
8
23
7
10
12
16
13
20
13
16
14
5
6
7
37
18
12
5
2
8
16
11
4
17
17
15
18
8
10
8
12
14
9
6
8
4
2
5
1
0
13
2
1
10
6
18
8
6
5
16
15
12
17
16
12
19
31
16
5
23
22
7
14
8
18
23
7
9
16
17
8
5
18
20
31
19
3
25
61
43
40
44
14
15
30
19
5
13
21
35
41
37
50
23
5
57
42
12
27
35
14
13
29
55
58
34
50
20
15
20
5
14
14
11
28
83
198
79
15
44
19
36
25
59
54
54
58
60
61
78
64
68
27
126
145
103
164
126
109
224
240
131
48
37
28
5
34
40
6
26
66
39
16
23
14
20
51
44
26
1
0
9
15
1
24
30
4
16
22
17
44
39
54
39
5
2
19
63
15
22
19
27
40
27
20
9
4
4
5
23
15
11
2
13
11
22
31
17
1
10
45
29
3
18
24
23
44
15
20
31
18
28
8
6
26
20
24
7
20
26
11
5
8
4
4
13
10
15
22
54
76
29
49
118
91
20
2
4
1
0
0
2
31
28
16
0
6
0
9
10
20
17
26
26
11
2
1
11
4
25
13
4
16
5
23
25
15
32
25
30
20
19
0
7
32
26
10
25
58
43
71
14
33
29
18
11
29
4
0
1
7
13
10
21
15
12
18
5
10
10
10
24
30
85
103
141
242
169
10
35
11
101
18
44
33
22
42
39
16
23
24
16
3
28
37
14
51
35
16
14
23
11
8
11
15
11
12
11
8
25
26
22
16
20
15
15
15
1
2
12
17
19
23
3
3
6
6
14
36
32
20
12
7
18
24
18
25
16
5
3
3
13
19
19
21
8
2
8
38
53
71
17
18
34
55
53
29
16
8
9
5
15
33
32
16
20
10
39
69
32
1
31
23
16
12
8
2
33
34
36
19
22
22
20
23
30
8
12
2
17
12
7
24
12
10
5
3
16
15
25
14
14
32
13
6
16
13
5
6
12
16
28
44
37
25
4
15
2
7
15
28
19
8
10
0
3
2
1
7
7
1
11
15
10
13
27
18
16
28
18
10
12
20
19
16
25
14
17
26
17
16
9
4
8
15
17
12
6
4
3
5
5
6
11
14
24
38
14
15
7
8
34
25
15
15
31
41
22
15
17
13
47
32
27
48
42
3
11
18
33
31
39
44
11
2
5
17
14
13
11
26
34
101
63
32
47
25
35
15
72
128
143
97
51
22
51
33
32
49
92
216
198
123
65
112
206
129
72
62
71
39
57
45
38
45
61
38
10
8
9
17
19
31
33
30
22
6
19
17
13
44
71
57
86
25
29
27
47
44
42
12
27
18
8
8
29
9
19
7
28
12
20
19
47
15
6
11
4
4
8
7
15
18
4
2
22
13
14
48
45
14
36
21
10
14
24
21
15
4
5
14
16
4
11
14
12
14
26
18
7
14
16
10
12
67
63
35
21
66
31
16
12
21
20
1
2
8
3
4
14
32
49
27
0
36
50
53
25
3
57
43
32
4
1
7
32
66
18
2
4
6
34
33
10
33
44
40
32
0
7
35
34
21
8
13
23
52
41
9
7
16
23
35
10
4
8
9
8
1
9
22
15
10
14
6
9
6
31
24
125
89
90
115
50
77
210
198
93
11
21
8
9
20
16
18
23
13
23
21
17
25
8
30
21
22
21
19
19
9
30
29
15
7
17
15
13
13
20
27
16
7
20
19
30
38
18
17
21
7
6
13
21
29
19
14
15
23
21
18
5
13
11
6
14
11
23
65
73
37
11
8
4
19
56
70
92
40
33
21
24
32
36
48
43
18
3
1
14
22
18
36
25
34
81
48
9
6
10
10
22
12
18
7
28
19
23
35
9
13
15
16
22
23
6
8
7
8
3
8
11
11
8
8
12
11
17
17
22
26
17
5
11
15
13
1
15
24
22
30
35
19
10
43
23
20
37
24
24
22
26
39
16
5
7
15
7
0
7
13
14
5
22
29
11
7
13
6
5
24
22
24
25
29
22
24
46
15
12
16
19
16
5
8
13
26
12
10
34
29
20
7
27
15
40
30
3
2
24
32
54
35
9
15
21
13
10
14
13
17
25
17
27
25
35
29
27
6
13
16
16
13
25
16
26
12
36
31
27
27
21
22
38
29
22
96
198
180
214
109
45
132
81
64
44
28
82
199
185
122
155
92
215
118
124
93
72
32
39
31
17
56
51
27
23
4
38
47
35
31
16
26
20
17
16
7
26
49
80
87
45
13
23
18
33
15
23
67
42
5
10
9
12
6
16
33
63
27
25
23
56
44
3
12
12
12
11
6
4
13
27
19
12
8
59
21
11
11
23
13
11
26
21
17
5
20
27
16
7
1
29
17
10
17
10
27
53
21
9
9
8
19
21
56
125
22
55
20
4
31
37
8
0
21
28
16
16
28
19
14
27
54
52
29
6
1
14
24
54
16
2
2
17
51
22
12
5
14
35
36
52
29
45
39
33
11
6
21
14
25
19
29
22
20
16
7
8
13
14
9
3
1
6
7
2
4
5
13
13
4
4
14
18
17
61
10
55
52
47
84
58
114
177
216
167
9
25
3
3
10
10
13
14
11
26
25
27
12
2
21
38
50
26
21
30
22
34
31
21
2
20
27
37
32
35
41
17
19
31
16
32
47
17
23
25
11
7
13
22
27
18
18
22
19
17
21
15
13
17
12
6
26
56
68
53
22
12
16
28
33
23
47
55
29
63
36
39
47
28
34
32
12
1
35
31
18
14
17
11
30
46
13
6
9
6
18
11
13
14
17
24
24
13
26
29
8
10
22
29
27
18
15
7
2
2
2
8
5
9
15
9
10
11
10
20
16
15
10
7
20
23
10
12
9
33
59
47
12
4
25
25
21
25
23
28
39
34
44
31
14
11
7
9
33
20
8
13
20
28
17
11
18
44
16
10
31
33
30
39
63
52
38
51
10
5
10
16
10
2
5
29
50
27
7
18
25
24
10
25
16
32
17
7
15
62
44
50
35
12
31
48
22
8
18
25
19
36
24
10
39
45
29
40
47
41
44
43
28
15
23
53
14
40
32
34
33
12
23
45
31
38
136
168
182
239
127
48
140
83
45
37
39
139
123
116
127
200
67
219
140
129
116
38
66
51
49
50
29
26
59
30
21
34
58
51
19
29
56
27
20
14
8
16
43
68
50
21
32
29
19
14
9
54
87
47
23
11
6
8
13
10
72
58
10
13
33
76
40
9
18
15
13
20
5
2
13
17
13
4
4
42
38
46
28
22
21
5
21
19
14
16
28
31
56
10
10
24
11
64
78
28
15
103
35
5
10
11
10
9
34
64
22
45
9
10
42
19
4
0
9
38
43
6
18
13
36
51
39
21
7
4
4
25
31
21
14
1
2
18
55
30
48
6
20
21
33
41
17
20
24
29
26
25
12
7
17
20
44
39
18
5
5
9
19
15
6
9
4
3
2
20
17
2
7
6
5
16
15
13
46
93
2
12
19
32
66
122
174
96
108
66
16
35
29
25
18
10
13
33
13
15
38
52
16
9
30
60
44
13
13
25
24
26
24
20
8
15
23
34
30
41
29
22
20
30
21
17
29
15
22
25
43
13
14
26
19
17
30
30
26
22
23
20
13
23
22
23
42
43
30
15
11
10
15
41
40
26
40
34
72
78
30
38
24
14
48
17
23
60
66
29
27
12
11
6
11
11
8
18
15
10
28
14
17
6
17
21
14
7
25
40
4
9
26
31
25
15
8
8
9
5
14
10
1
4
11
12
18
16
7
13
15
11
16
14
19
20
13
12
28
42
52
42
18
19
14
19
20
9
10
21
37
30
34
23
18
10
21
18
40
19
13
21
20
14
9
20
18
44
49
40
32
21
32
58
69
79
64
51
19
15
12
41
26
1
14
35
30
14
8
5
15
28
18
13
14
15
23
7
13
43
50
42
48
55
55
63
20
13
44
50
23
31
26
5
23
34
36
39
72
127
144
57
23
12
58
50
18
30
44
29
24
11
17
34
40
55
74
149
206
227
167
45
110
158
38
33
37
169
113
72
87
139
73
207
100
70
91
28
52
57
50
53
24
26
71
37
35
31
43
39
39
61
73
42
27
19
14
17
29
56
59
36
52
50
12
11
12
56
46
28
29
23
2
7
20
35
72
38
6
5
49
83
19
19
18
14
10
14
10
9
22
11
4
4
5
27
43
71
22
10
22
8
13
12
16
29
35
21
47
54
32
37
30
141
81
27
20
60
21
3
6
14
11
11
15
9
13
15
5
8
20
5
1
7
16
38
23
0
14
28
39
54
13
10
7
3
7
23
63
24
9
14
10
15
35
28
65
3
9
6
14
13
10
27
30
37
19
22
8
4
11
54
30
24
9
9
11
8
14
13
8
11
3
3
7
18
12
2
4
9
31
27
15
10
28
45
9
7
10
20
32
162
186
40
26
12
20
39
45
49
39
6
13
43
26
20
65
48
18
22
42
46
40
9
14
17
18
14
19
15
10
7
14
20
14
27
22
24
22
25
25
14
20
14
16
22
43
27
34
34
13
14
23
25
28
20
35
27
18
20
45
47
34
17
26
30
13
5
6
39
36
45
54
53
85
46
16
28
11
31
66
13
29
80
44
16
20
18
19
17
3
6
17
17
10
15
26
17
15
3
8
14
2
6
21
24
4
7
24
24
21
16
2
4
18
4
16
12
5
4
4
11
19
17
7
8
14
11
15
22
20
11
6
28
55
57
44
28
30
52
17
35
27
6
3
10
16
14
23
14
19
24
41
18
17
8
21
29
14
9
16
19
11
35
53
55
52
47
54
61
67
70
72
70
63
54
42
61
39
6
33
24
6
2
14
3
10
24
20
13
9
17
35
5
3
12
55
61
77
63
36
39
12
12
46
56
45
19
12
12
21
28
49
43
86
129
164
67
22
15
46
28
20
26
59
26
28
19
42
33
38
72
39
102
218
211
165
49
160
221
78
51
63
208
151
71
98
154
95
177
67
51
54
65
23
41
28
32
39
36
42
31
33
29
44
33
52
65
65
50
35
22
26
37
23
41
73
52
58
51
10
19
17
23
10
11
31
30
2
4
17
47
60
33
20
5
42
52
10
32
24
7
16
5
19
24
27
18
11
9
19
27
26
38
11
17
23
10
14
31
25
28
36
13
52
81
31
50
65
154
83
65
30
13
27
22
10
13
9
12
10
4
11
13
13
23
23
2
10
16
30
23
1
1
17
38
34
27
2
13
16
5
13
10
50
36
6
17
22
17
17
22
37
22
30
18
6
0
8
45
52
44
52
51
10
4
6
70
22
7
16
16
11
10
7
9
8
7
1
5
9
10
7
2
6
14
37
16
13
13
7
14
15
13
10
19
13
105
133
22
14
19
23
32
27
44
57
22
25
47
40
40
77
35
16
27
29
27
41
13
17
14
22
17
14
13
9
13
20
24
24
23
26
27
26
22
19
17
17
14
11
16
23
39
52
37
12
13
11
11
15
8
41
28
22
17
49
42
11
14
50
41
14
15
14
24
32
38
57
57
42
15
12
19
24
47
41
8
15
36
14
15
12
26
20
21
4
8
17
12
7
13
17
17
13
3
5
10
13
10
16
14
12
13
22
19
17
16
4
6
20
6
14
15
15
12
8
11
10
10
6
6
9
8
7
14
14
11
36
69
49
49
37
29
50
55
24
43
23
10
5
5
11
8
15
10
13
28
35
19
2
18
24
23
13
18
18
9
18
47
47
49
64
82
80
65
69
58
72
94
97
88
76
61
59
21
40
8
2
5
17
3
7
15
13
21
8
18
26
11
4
17
75
81
82
56
7
18
14
9
17
39
62
28
13
16
30
32
51
46
111
82
99
72
31
19
14
20
34
67
53
28
35
20
74
31
43
78
39
51
184
205
132
69
233
229
160
98
141
241
198
130
159
196
87
112
68
76
40
85
26
22
15
15
40
31
8
24
20
22
50
40
37
43
45
43
40
31
37
42
25
28
56
63
70
24
15
28
23
9
8
20
45
21
7
10
21
40
50
26
21
13
23
17
14
31
26
8
22
8
19
32
21
15
18
21
28
18
15
10
39
53
38
11
34
44
35
19
24
9
56
67
50
35
71
94
93
94
28
27
52
32
13
12
12
12
6
5
20
21
22
53
67
6
12
15
23
5
5
16
29
39
34
2
5
9
16
10
12
5
14
24
10
23
53
32
27
24
8
45
58
41
20
14
19
45
51
32
69
94
32
7
2
40
25
15
31
18
4
8
7
7
7
2
1
7
11
13
12
8
14
11
34
10
17
15
8
18
11
14
9
28
16
26
56
15
34
22
28
15
3
26
53
48
43
53
32
46
58
47
33
32
4
41
23
13
18
20
31
25
15
23
21
31
29
27
50
42
17
25
20
19
11
12
13
21
9
10
29
42
41
32
15
12
14
11
3
10
29
14
18
17
24
16
5
33
46
12
15
37
36
4
32
30
44
32
19
30
12
11
31
28
16
14
0
10
26
22
24
23
14
14
0
7
11
17
18
8
19
24
16
3
11
13
27
13
17
22
15
25
22
18
18
7
8
19
17
15
17
17
21
16
18
16
9
8
8
9
5
3
2
2
0
18
75
89
20
9
7
37
62
20
25
19
18
22
13
6
29
22
10
4
2
11
24
27
8
32
20
12
18
30
17
11
32
51
57
44
44
68
82
83
72
72
78
92
84
88
87
78
88
28
28
4
2
7
21
8
8
11
8
20
13
12
13
19
11
27
80
74
48
64
16
31
26
16
17
22
57
70
55
9
19
37
41
34
94
77
60
54
35
24
28
47
84
140
27
30
12
11
60
10
57
54
9
90
130
164
112
86
217
211
199
148
214
235
233
200
161
126
63
44
63
75
43
62
45
17
18
16
31
20
5
30
17
20
33
37
23
32
24
26
36
34
34
26
20
25
38
67
73
10
15
28
19
23
13
40
56
16
16
34
41
42
30
5
4
21
16
15
16
14
13
15
19
17
9
19
12
12
15
24
21
7
21
25
65
65
42
13
45
33
35
31
32
23
16
48
111
10
51
52
62
45
17
55
45
15
12
11
16
12
7
8
19
13
23
48
81
20
2
7
5
1
26
41
36
35
31
17
6
1
11
15
8
15
19
17
19
41
82
49
41
44
10
39
39
37
35
32
26
31
24
14
33
74
61
18
7
8
24
29
24
11
1
3
9
8
6
1
2
9
20
19
12
21
21
3
50
31
50
14
11
24
11
11
9
36
18
11
28
47
85
24
21
7
10
33
27
25
25
18
8
34
41
47
52
44
9
44
15
31
36
42
15
8
31
40
39
30
9
10
38
44
12
11
18
18
13
10
27
40
16
13
28
30
25
24
21
2
17
32
14
27
20
13
16
9
47
21
16
51
20
29
29
28
30
4
24
42
32
32
57
36
0
16
41
38
57
44
3
19
37
14
23
12
17
29
2
15
17
14
16
14
38
24
12
7
13
16
14
7
13
18
9
19
20
15
26
17
14
25
11
13
8
10
18
16
13
10
11
13
9
12
10
10
7
10
1
15
17
26
3
0
5
21
29
9
4
12
40
43
32
7
30
20
8
8
1
16
43
22
17
7
12
16
30
55
38
32
40
30
25
34
43
58
73
74
78
78
68
63
72
72
80
108
66
5
16
8
9
12
26
10
11
10
9
16
21
28
23
14
12
17
26
51
29
22
28
34
36
35
51
25
65
106
87
7
18
38
31
28
4
31
44
30
35
23
53
92
136
145
12
41
14
33
30
21
33
28
9
134
86
62
76
80
135
145
109
135
199
239
209
173
99
87
87
42
61
51
47
62
44
24
17
41
45
26
18
25
36
27
18
31
29
31
12
20
21
2
14
31
15
21
28
33
21
34
25
20
3
25
14
32
46
36
24
64
40
31
15
3
4
5
10
18
15
8
5
8
16
13
4
3
18
52
25
4
18
19
26
23
18
22
16
10
29
70
31
86
94
74
24
38
100
13
61
80
39
22
1
47
23
26
30
10
17
13
13
13
16
11
12
6
28
38
12
10
4
3
45
35
7
17
36
53
4
8
13
25
27
43
35
23
25
28
49
58
26
56
0
20
10
11
35
15
2
8
17
25
68
18
49
40
16
5
35
34
10
4
3
5
11
12
11
6
7
13
20
15
12
26
22
4
57
49
87
30
38
83
24
19
24
45
18
9
91
150
162
30
3
4
14
19
27
13
6
14
13
8
37
34
10
15
8
10
14
36
27
12
4
20
24
26
31
19
6
11
13
9
26
40
31
24
31
13
13
35
23
6
2
10
14
29
30
11
22
31
20
6
8
14
6
33
95
39
6
6
44
43
6
9
8
6
44
53
30
42
57
8
2
25
39
46
64
20
16
38
54
2
6
29
24
43
3
42
32
8
20
59
24
2
7
14
11
23
15
22
56
15
23
19
15
9
14
17
8
14
11
12
9
13
12
18
15
15
14
20
10
10
12
7
5
15
0
0
3
20
11
5
13
9
4
27
24
11
19
15
10
20
20
10
16
10
3
16
19
14
15
18
20
24
44
44
44
64
51
35
29
28
49
63
63
61
67
72
71
61
48
49
56
59
73
13
4
12
21
5
17
9
1
6
15
11
7
1
2
7
7
2
11
54
77
15
16
13
37
58
13
15
43
16
5
35
31
29
12
14
14
15
19
38
20
34
120
85
79
59
42
52
33
37
20
36
42
32
22
110
46
42
67
84
34
82
71
49
111
168
135
148
121
176
109
30
46
26
24
34
23
19
5
27
28
31
27
18
33
33
11
26
32
29
25
35
34
2
0
22
12
9
26
21
8
34
45
41
10
30
11
0
20
29
37
67
13
7
14
14
10
3
4
7
5
13
8
16
8
9
13
10
35
91
23
26
28
4
1
19
28
29
65
55
127
123
78
130
131
89
43
38
2
15
52
51
53
53
3
34
29
22
8
13
7
14
15
8
19
23
22
11
19
19
41
3
9
2
0
2
0
5
40
39
18
20
11
9
21
33
60
25
21
29
34
43
11
6
3
9
2
7
10
0
5
8
27
33
83
9
5
12
13
9
29
38
17
14
21
14
2
8
11
9
14
16
14
1
19
7
16
20
49
33
34
87
93
72
24
22
61
66
26
18
123
77
38
17
0
1
10
38
30
3
12
10
16
11
16
17
17
33
42
21
9
6
17
12
16
12
15
52
21
25
5
7
20
26
20
13
18
23
17
35
10
13
26
30
23
19
19
30
51
27
13
11
3
0
8
0
14
104
73
1
4
11
43
33
13
37
57
67
47
49
30
25
21
23
23
28
13
16
62
0
0
57
26
8
14
37
62
22
3
52
32
6
13
20
24
16
23
9
2
4
25
47
31
3
11
10
10
11
2
16
10
7
10
18
7
14
7
6
23
37
33
12
16
9
14
6
0
16
6
4
31
40
22
37
56
18
17
59
18
16
14
0
0
7
14
20
23
1
23
39
20
6
13
22
22
5
13
28
18
18
58
66
56
67
86
66
44
62
69
73
74
67
68
48
34
30
54
51
28
16
19
17
1
6
12
13
27
60
19
3
23
4
12
23
7
22
28
19
11
18
25
35
22
42
25
8
53
45
30
28
19
4
33
39
55
87
100
126
103
26
39
34
81
38
97
116
75
13
30
26
21
19
22
14
37
54
39
58
66
72
82
19
133
110
103
180
46
52
69
33
23
10
17
11
9
37
1
25
73
32
1
1
45
9
21
11
22
12
11
8
1
0
11
8
10
16
42
26
17
23
17
42
30
0
27
39
57
7
1
3
19
21
4
11
17
35
5
18
11
8
20
29
4
13
6
2
58
51
5
7
12
6
21
89
126
107
150
70
98
169
220
195
90
77
9
0
8
48
100
54
5
45
71
45
23
23
41
26
15
13
23
26
11
5
13
23
11
0
4
1
0
27
0
9
40
2
15
13
28
20
28
34
28
14
16
17
15
24
20
22
40
14
3
19
16
1
32
21
29
27
30
1
13
22
8
0
9
5
8
16
51
64
23
18
7
0
1
17
36
13
24
28
10
35
56
74
6
27
55
18
71
102
58
45
24
24
10
2
1
5
7
0
5
54
41
41
27
16
17
34
21
24
29
22
19
28
19
17
24
14
12
10
27
49
22
15
23
8
26
26
9
15
20
20
9
42
19
32
23
19
3
2
5
28
25
16
20
27
8
11
11
4
50
53
8
7
43
66
38
44
56
60
42
22
19
25
19
25
33
37
26
15
55
42
26
19
48
70
23
14
18
24
30
19
9
21
24
27
9
23
34
10
9
9
1
6
20
30
9
7
11
5
6
4
2
2
1
1
3
4
1
9
14
13
26
40
24
14
16
16
17
16
41
81
84
40
52
34
36
52
18
10
15
21
28
14
8
14
33
13
18
21
6
42
63
43
27
16
15
33
43
19
3
3
8
5
21
38
35
53
66
43
40
52
47
50
45
43
31
13
20
31
57
56
42
33
28
20
5
17
14
5
6
42
36
36
65
44
9
21
4
14
23
13
13
25
21
17
27
41
15
8
32
22
27
37
23
29
46
40
54
104
219
161
133
144
50
94
43
40
143
202
190
136
58
42
36
53
61
30
31
41
29
30
44
65
51
17
78
83
67
87
38
68
43
32
28
5
4
20
28
27
22
91
43
18
7
9
19
11
9
1
16
23
4
1
0
25
18
28
31
48
42
11
30
9
11
43
28
5
32
55
10
4
16
15
11
3
8
8
9
31
3
10
8
11
19
4
6
17
10
2
15
6
9
28
28
17
46
57
72
98
101
78
78
154
194
69
24
31
52
34
5
6
22
11
1
27
92
57
34
10
18
11
4
15
17
67
18
4
2
10
1
1
2
0
3
6
18
42
30
0
11
35
36
30
36
7
4
13
5
2
35
18
5
29
25
18
37
37
26
4
4
13
16
4
35
40
18
6
6
15
1
8
12
20
34
37
31
36
21
35
40
13
14
32
23
23
1
4
6
23
5
41
68
39
88
130
66
9
10
22
39
21
14
12
3
3
16
37
18
24
19
19
6
22
5
14
23
15
19
26
13
5
13
9
3
13
25
36
26
18
29
14
17
9
6
14
6
12
23
14
15
38
19
22
24
40
15
8
11
15
19
12
2
3
13
19
42
14
34
78
76
48
24
43
42
36
15
31
26
19
70
46
16
14
11
47
55
14
15
45
14
34
24
4
15
16
16
4
50
6
15
21
10
7
10
11
14
11
11
14
26
22
18
13
2
1
1
8
10
31
44
12
0
0
1
6
10
11
15
27
19
23
18
20
17
15
13
19
44
34
36
48
51
35
13
21
9
9
26
9
8
27
32
4
15
15
17
61
29
27
26
14
9
8
19
16
10
27
18
28
50
42
30
37
46
38
39
45
46
38
28
15
50
99
102
102
118
51
30
41
22
19
21
10
20
14
2
41
65
32
17
24
8
6
10
13
15
14
18
14
19
24
14
25
15
15
23
26
17
28
26
37
12
35
58
90
118
99
107
105
79
104
58
87
154
168
161
213
120
46
32
47
69
52
26
28
50
39
51
59
38
19
27
55
68
56
16
39
52
57
30
19
39
17
19
9
21
45
30
42
26
42
13
2
2
0
3
17
8
7
6
16
18
65
25
25
26
42
20
9
4
32
6
6
11
12
2
5
14
6
4
7
9
13
21
13
9
6
8
11
5
8
3
14
15
8
2
0
2
43
63
36
31
22
21
40
63
35
30
56
42
61
115
136
114
106
66
16
8
13
4
21
35
27
10
2
9
6
17
13
9
15
5
2
6
16
0
0
1
5
13
5
25
16
27
9
9
30
29
43
51
14
4
22
13
1
20
16
7
6
5
19
29
32
17
11
4
6
5
21
23
30
17
17
6
4
27
34
32
21
38
45
46
43
32
37
19
3
35
43
34
20
0
9
11
11
51
49
72
114
108
104
22
9
13
27
61
41
11
17
6
5
23
30
22
10
8
16
13
21
12
15
16
13
26
16
9
18
13
4
14
19
10
11
12
24
20
20
29
51
22
5
2
15
45
22
24
28
18
17
36
52
32
4
6
26
11
3
22
19
5
30
37
19
31
71
70
35
27
53
29
28
53
104
107
65
88
30
4
21
9
43
24
2
20
46
9
40
17
3
7
26
35
55
70
1
7
17
9
19
25
17
18
27
24
16
23
7
11
10
7
4
10
36
52
34
39
33
25
7
10
20
14
18
24
8
15
24
20
13
13
10
9
17
53
44
52
38
17
35
19
19
6
8
27
10
4
10
17
11
11
9
13
20
9
25
29
10
28
14
4
5
23
46
38
35
51
37
40
45
44
38
45
42
35
24
24
56
129
137
135
128
136
85
49
43
16
12
15
7
11
11
16
35
35
20
8
12
22
14
11
9
7
7
20
28
21
17
8
41
60
42
36
37
24
28
27
43
25
33
56
58
72
79
65
62
68
80
65
99
166
182
152
178
58
21
9
28
45
43
34
46
43
18
40
40
43
25
20
35
58
36
20
30
42
50
44
33
36
26
25
10
10
11
24
35
16
18
9
28
21
2
24
20
7
11
14
24
16
37
31
28
55
37
8
5
4
16
17
15
19
7
1
18
11
4
8
9
4
12
11
4
4
19
16
6
3
14
13
12
21
17
13
55
64
37
31
40
47
17
3
8
49
39
36
59
66
144
110
61
113
89
59
37
10
5
10
19
32
34
61
24
20
19
28
19
8
19
21
18
37
25
4
10
15
31
24
14
21
14
28
4
3
9
9
27
47
5
3
11
9
5
5
5
5
1
12
26
29
25
23
4
12
21
13
15
25
15
20
23
13
15
21
26
14
31
32
51
61
52
36
35
8
20
48
48
33
33
27
26
18
36
66
28
33
76
43
114
39
5
11
17
39
35
27
17
5
2
18
17
11
3
11
16
12
26
20
17
18
19
20
13
13
23
17
15
13
9
2
9
13
31
25
14
15
52
19
11
6
20
43
22
15
18
24
13
23
30
24
17
2
16
26
18
20
23
6
32
44
42
23
53
58
27
33
55
27
18
49
80
59
77
59
29
4
11
4
19
16
9
22
20
16
25
6
2
22
54
61
62
36
10
15
26
34
17
21
13
22
23
13
9
11
6
10
9
8
6
12
20
42
14
13
28
37
24
13
13
11
17
39
10
12
18
14
10
4
10
36
31
40
52
56
17
0
22
27
16
9
9
12
5
4
6
4
12
14
9
5
7
9
29
37
19
35
44
27
22
29
37
42
43
50
50
52
45
35
32
32
29
20
22
34
80
137
127
121
122
127
107
58
48
7
7
11
9
3
13
37
19
14
21
9
6
23
12
8
10
11
7
12
21
34
26
20
53
81
48
34
37
37
34
37
48
35
21
43
57
64
51
56
51
46
69
69
88
141
161
118
134
37
30
10
27
25
32
34
62
46
17
25
19
20
25
18
12
29
22
19
31
32
43
38
38
21
20
19
11
10
10
26
22
6
15
44
41
16
15
26
14
20
26
16
15
11
44
44
16
29
13
2
1
5
13
24
15
12
4
25
30
8
7
14
6
3
8
3
7
12
32
14
8
4
8
26
11
17
19
15
47
53
15
5
54
48
8
20
42
33
43
52
51
82
90
40
6
43
38
37
23
28
42
9
15
38
39
47
23
26
28
30
42
46
26
12
12
26
20
13
17
16
18
12
31
19
11
21
13
3
5
5
22
26
4
1
4
3
3
9
6
10
3
19
41
23
33
35
25
15
28
31
12
11
24
33
45
48
32
28
18
8
29
31
51
59
52
32
35
23
31
43
43
24
50
49
41
43
54
30
19
12
21
24
141
41
5
8
9
12
14
20
13
2
5
11
12
12
11
18
16
16
23
12
15
24
28
16
12
17
16
19
22
4
5
2
15
24
34
33
27
17
20
10
25
12
19
35
17
23
14
14
15
10
18
18
18
13
6
37
32
20
24
7
27
46
41
32
41
45
36
26
27
18
25
26
32
27
50
30
46
27
11
29
22
16
18
18
9
12
12
4
26
62
57
61
28
19
45
19
28
42
6
8
6
17
12
4
5
3
13
8
6
14
28
19
16
47
23
0
10
25
19
9
2
4
12
28
24
16
12
14
20
16
48
52
19
13
35
32
6
14
18
24
12
13
12
5
9
10
12
7
8
9
6
5
25
21
25
35
22
17
36
51
59
55
56
58
67
65
65
55
51
34
19
18
20
20
26
35
66
108
118
117
124
125
121
66
40
10
12
14
9
6
12
35
6
10
32
31
10
13
18
11
12
13
10
9
25
51
49
51
54
68
41
31
35
29
34
61
59
30
9
18
41
48
35
45
40
45
68
74
77
100
106
77
82
50
48
31
26
20
18
33
57
47
23
19
24
13
26
22
15
15
18
15
22
28
39
22
32
14
7
13
9
7
10
20
13
14
24
54
21
5
13
12
14
31
31
20
8
9
50
35
2
9
23
7
3
8
15
18
12
2
0
31
24
3
7
10
3
9
9
4
12
30
22
7
13
13
8
23
15
17
19
17
17
23
25
3
47
29
21
37
59
20
24
33
33
38
15
8
5
4
8
15
6
31
50
4
11
28
21
15
10
16
16
39
71
64
16
1
3
14
8
11
18
13
16
11
32
12
13
12
16
11
5
9
17
9
3
4
5
6
9
12
22
21
5
21
31
18
34
26
21
9
19
20
12
1
54
52
49
45
36
34
17
8
21
46
49
52
47
40
39
46
38
44
43
26
60
61
53
48
30
4
12
18
64
52
119
21
14
8
9
19
27
10
14
8
11
10
17
18
18
19
15
21
14
6
21
27
25
20
15
14
14
14
16
8
18
13
15
24
31
28
40
32
9
11
24
13
17
21
16
48
31
15
17
17
21
24
29
41
12
29
39
37
19
4
25
43
22
27
27
27
32
16
12
13
32
29
53
74
22
21
49
53
48
66
39
7
15
18
13
11
14
7
61
61
37
38
9
22
70
27
16
20
4
14
12
11
6
5
7
5
16
7
7
22
43
29
29
59
31
3
1
18
23
34
27
22
29
7
39
31
12
21
27
34
62
31
14
16
22
10
8
26
17
14
13
15
12
12
15
14
13
9
4
2
3
11
29
28
18
28
27
8
21
58
70
72
75
73
80
77
70
58
65
46
13
16
23
22
23
32
66
106
124
118
113
116
108
58
22
16
18
14
11
15
14
15
10
12
28
43
17
12
31
16
12
10
14
20
44
54
68
58
53
41
29
25
26
14
41
68
62
35
12
16
14
30
39
33
30
44
67
75
66
79
74
66
46
58
54
53
38
30
10
40
50
54
27
26
47
39
30
19
23
28
31
20
21
33
42
20
19
15
2
9
4
0
10
22
15
22
17
24
2
6
3
4
15
26
21
21
10
12
32
17
1
14
32
15
6
7
10
16
17
3
4
15
14
5
6
3
5
13
17
11
12
28
6
7
17
24
10
16
18
16
12
21
25
30
59
9
22
20
35
49
53
19
7
11
34
15
7
24
16
7
9
8
22
24
20
31
21
23
16
34
15
4
5
56
76
34
15
4
4
21
4
11
13
14
24
19
21
3
23
17
7
18
5
10
8
5
3
17
11
13
18
29
35
17
5
13
9
31
37
8
0
5
7
2
9
7
50
40
26
14
33
37
24
9
28
61
48
57
58
66
52
57
51
45
51
42
63
62
63
28
10
13
17
38
109
70
62
11
26
9
10
33
37
11
18
19
14
12
17
13
15
11
11
11
5
19
33
24
15
23
26
12
14
11
7
15
28
30
17
21
26
21
29
22
22
15
17
10
16
2
12
45
48
28
18
25
19
20
43
48
21
17
35
35
6
10
24
36
24
5
31
17
6
18
29
21
17
52
81
82
16
26
39
53
73
72
33
0
10
23
13
20
12
14
82
29
21
17
10
10
47
37
8
1
15
25
33
22
15
7
6
9
14
12
11
19
29
23
22
39
10
13
7
23
48
58
59
61
71
17
34
36
13
17
15
30
20
5
35
37
34
9
18
22
6
7
14
13
6
14
12
12
8
2
14
19
9
10
18
26
14
25
34
29
43
61
58
54
56
66
72
73
70
65
69
61
24
18
49
33
18
49
103
112
106
80
75
90
56
27
13
13
19
10
16
16
20
19
24
18
12
24
15
17
26
16
13
19
24
31
44
38
57
34
53
29
24
14
14
13
52
39
50
54
25
43
13
19
38
45
37
38
65
66
51
75
67
71
52
57
52
62
69
52
22
55
62
67
44
35
54
56
31
25
28
49
43
35
39
39
46
32
12
14
9
6
4
0
13
33
24
18
14
4
7
13
9
2
5
17
15
15
7
15
25
12
3
5
6
12
8
1
2
17
19
6
11
4
12
11
4
0
8
13
19
15
12
10
4
10
21
34
11
18
13
6
2
15
36
35
55
10
14
28
25
58
53
18
8
19
34
34
21
39
18
7
15
14
34
21
10
65
50
30
28
63
22
6
15
46
45
8
19
11
10
20
6
15
4
12
19
26
14
9
30
36
5
23
16
9
4
7
12
23
15
11
13
42
25
0
11
1
9
44
36
4
6
10
5
15
19
17
15
5
17
6
24
33
24
12
31
45
36
50
57
67
48
49
58
37
49
52
57
46
55
10
18
25
32
41
55
55
26
9
23
7
27
29
13
34
22
14
16
12
14
21
11
3
6
8
4
27
28
17
17
22
29
19
8
15
4
10
19
27
22
32
19
19
21
10
25
16
26
8
14
9
4
8
28
10
16
16
18
6
10
6
23
12
7
3
6
31
20
19
38
6
51
18
8
18
24
24
14
63
31
22
25
42
39
29
45
61
19
3
22
25
14
20
17
39
85
45
17
9
0
9
12
25
22
4
23
19
49
50
53
20
4
13
13
15
5
15
21
7
15
50
25
29
29
10
41
28
30
60
86
40
3
13
8
4
4
13
7
14
32
30
32
15
30
23
10
6
7
9
6
10
10
9
3
6
43
54
22
4
20
28
9
13
27
46
48
59
71
51
50
68
77
71
64
62
58
65
40
21
103
82
31
82
125
91
59
37
68
89
36
21
15
18
21
9
16
3
15
49
18
16
20
18
6
16
12
18
18
31
28
22
24
16
14
28
57
43
40
28
12
12
34
9
39
62
37
46
21
13
39
57
53
55
60
43
44
63
53
62
55
42
46
48
72
74
43
68
77
55
80
46
38
50
45
72
57
50
25
45
43
32
36
40
18
10
23
17
11
0
2
19
17
15
38
14
14
19
22
6
12
23
20
14
8
17
28
9
6
0
2
8
15
7
8
10
5
13
20
5
7
13
1
1
6
15
10
11
17
9
8
9
30
45
20
24
11
2
5
3
6
6
5
1
31
27
21
45
25
11
11
15
18
29
34
34
9
22
14
3
0
9
21
37
73
21
19
43
4
13
21
0
19
19
6
18
20
12
0
0
5
4
28
50
3
20
38
44
12
28
22
10
4
4
26
9
4
4
4
7
2
6
26
1
14
20
4
3
21
21
16
33
37
22
15
6
29
10
0
1
5
7
5
6
7
7
11
18
14
25
39
33
29
32
32
26
17
7
10
16
22
12
5
21
18
13
7
3
56
24
19
76
39
8
16
23
16
18
4
16
26
38
17
9
16
9
19
11
2
15
12
10
16
20
10
18
25
18
15
13
9
9
17
20
21
13
15
25
21
10
37
24
2
16
12
4
12
16
23
14
4
4
30
38
27
21
13
4
11
2
2
1
18
25
40
37
8
20
16
39
25
19
49
48
27
16
31
26
15
14
33
61
27
6
34
22
3
17
38
46
46
14
19
27
33
66
65
12
23
27
14
16
17
25
25
13
11
86
75
45
65
14
62
59
6
7
26
14
4
5
17
9
13
10
1
0
5
18
15
15
13
9
14
12
20
22
10
7
11
6
14
18
27
41
38
14
2
7
6
18
44
32
36
58
70
66
49
66
71
58
48
40
34
34
24
18
125
97
68
88
117
110
109
89
118
137
123
25
11
17
12
9
20
8
6
7
10
22
17
9
1
23
14
20
22
25
9
13
19
6
8
7
33
40
50
61
4
12
10
4
25
61
46
21
30
34
66
50
62
53
48
43
49
49
63
64
57
58
55
48
57
67
50
68
62
53
107
99
48
64
103
63
41
14
16
15
22
27
30
38
15
29
27
13
5
0
2
7
3
6
24
24
28
9
10
25
43
33
23
18
31
13
13
19
14
1
5
13
35
27
13
12
12
19
20
12
13
5
1
4
14
15
17
13
8
6
13
7
22
9
9
24
16
10
9
9
6
5
27
9
36
18
11
26
6
31
16
6
14
14
18
14
38
81
67
19
4
14
20
32
55
20
35
8
4
9
19
0
42
11
24
27
13
26
1
4
17
11
16
16
2
9
43
25
2
5
5
15
19
4
32
43
6
14
4
11
10
32
13
5
7
4
19
7
23
40
19
11
4
13
11
9
2
8
4
5
26
34
27
33
38
35
41
33
31
7
11
27
16
4
6
15
21
30
46
21
22
22
24
6
53
67
30
2
4
2
29
49
62
13
8
14
17
23
31
54
46
22
1
6
10
16
34
11
10
26
12
11
24
15
26
15
12
13
5
12
6
0
4
19
4
17
27
17
45
22
38
44
21
9
3
4
21
33
17
22
23
35
36
18
18
8
10
11
2
12
11
9
10
7
14
2
30
51
3
19
47
18
33
10
14
27
28
39
27
13
0
40
34
7
17
21
31
24
17
12
17
17
29
40
14
13
7
27
66
57
58
29
19
12
18
8
0
46
86
110
89
89
59
15
16
18
35
43
17
9
18
13
19
19
13
2
22
15
16
20
8
0
0
5
8
1
0
8
6
2
24
29
22
4
18
15
17
71
47
5
0
0
40
61
47
39
35
33
17
7
19
22
18
9
19
23
120
105
89
78
123
116
127
128
121
146
150
22
11
14
1
19
21
5
6
1
9
8
10
19
15
20
18
19
19
25
41
19
6
10
37
2
21
47
58
14
3
12
25
38
23
40
36
21
44
36
22
28
61
29
29
46
52
31
43
63
59
69
53
59
34
57
59
76
39
22
37
72
47
48
80
63
41
46
10
13
38
44
51
49
47
37
16
40
28
0
8
15
27
61
41
20
19
1
18
22
33
16
16
3
17
11
1
8
20
7
4
12
36
22
4
13
8
2
15
14
15
13
10
14
17
67
43
19
12
33
14
12
35
24
9
1
10
13
1
0
7
31
43
54
35
3
12
15
25
51
1
9
4
10
13
61
74
13
62
39
31
38
41
66
64
27
25
14
2
0
0
2
3
0
24
19
15
28
1
18
18
12
11
20
11
24
31
22
13
18
12
10
7
14
11
37
15
6
23
39
24
77
22
8
5
20
18
19
0
0
10
9
8
38
23
17
20
46
26
6
13
12
23
39
38
40
48
52
63
73
68
85
89
41
43
94
75
64
41
20
23
35
3
2
36
61
40
7
15
12
28
43
46
20
20
18
26
16
15
36
22
5
8
7
6
8
12
26
9
12
21
24
23
19
14
10
20
18
16
12
5
9
13
2
4
18
35
3
10
33
27
31
6
35
46
16
4
53
19
29
33
14
18
11
6
3
17
12
6
3
16
8
3
3
9
10
39
18
37
84
48
25
34
7
8
13
4
7
24
28
41
36
23
8
2
16
16
23
10
2
8
22
35
73
21
1
1
8
56
7
25
39
16
8
2
9
69
29
38
49
18
54
51
33
10
8
17
54
36
9
19
24
12
11
14
16
6
9
3
14
12
1
8
6
3
6
0
8
2
18
33
21
23
22
36
30
21
28
31
47
38
30
49
21
25
22
10
14
20
31
19
2
5
15
9
3
50
152
112
62
94
103
107
107
90
104
101
22
22
13
9
3
15
3
12
7
6
7
9
21
28
29
21
21
19
23
13
17
17
6
38
10
35
49
50
29
75
22
15
49
67
52
21
19
24
41
23
22
44
38
10
38
47
29
39
38
59
59
72
73
45
78
78
43
107
78
62
65
67
60
58
63
40
22
2
46
58
26
25
28
69
34
25
35
38
23
5
30
24
26
7
29
15
14
14
7
15
14
16
25
2
8
7
3
11
16
4
6
22
13
14
11
8
11
20
24
25
15
23
34
40
76
12
5
16
21
27
11
9
22
19
46
71
85
99
91
83
78
33
34
31
3
27
54
45
85
41
15
15
23
8
29
41
6
6
8
44
59
33
33
36
33
40
30
1
8
1
1
3
21
17
28
43
22
32
27
12
12
17
16
11
27
23
3
2
7
12
11
20
22
9
15
4
1
29
38
18
28
10
1
17
24
13
13
14
12
21
28
9
4
21
17
8
11
3
13
3
9
13
40
39
28
27
44
57
43
44
44
19
14
4
11
10
24
18
36
39
56
37
0
6
13
8
4
2
9
18
22
6
19
27
19
19
15
37
35
24
19
34
10
18
24
16
19
5
12
20
27
27
15
8
18
34
29
17
4
9
24
21
3
19
8
29
25
26
36
21
12
5
17
17
16
19
13
12
28
30
14
5
6
5
7
21
29
12
7
21
31
14
19
16
4
18
27
50
28
24
21
21
13
16
15
11
8
24
28
35
27
57
41
11
28
7
28
40
23
9
21
35
16
15
24
28
10
23
10
9
8
3
13
27
38
64
19
14
22
22
37
38
12
9
10
11
22
17
14
11
13
9
5
10
14
4
2
11
27
25
20
39
45
15
7
8
10
12
20
16
8
7
27
32
41
47
43
76
90
74
52
50
46
24
7
27
37
23
13
7
91
150
163
140
93
15
83
113
70
84
103
102
99
82
45
54
24
10
3
6
5
5
13
13
3
3
3
7
13
24
18
14
18
16
10
13
26
17
5
27
20
22
24
35
35
91
56
26
32
46
46
39
17
11
42
23
33
27
8
2
13
34
26
41
49
57
49
55
51
55
66
95
49
89
114
47
71
90
68
46
49
56
24
33
61
41
12
16
43
20
9
16
10
42
36
4
19
8
23
48
18
20
13
24
10
14
15
12
16
22
18
23
19
10
10
9
10
10
14
17
16
4
11
13
5
14
16
23
29
52
45
53
66
64
73
109
114
129
142
156
160
156
153
137
134
65
22
18
32
15
9
17
36
39
102
17
3
11
8
1
5
8
18
17
22
33
32
16
10
29
58
76
79
9
4
16
19
26
44
28
55
40
8
15
19
9
14
17
16
16
8
7
7
14
26
25
15
11
5
10
12
7
23
6
12
14
21
20
0
8
14
12
20
17
6
16
20
4
24
14
18
22
5
17
16
9
17
12
26
33
30
23
27
35
34
35
36
23
2
5
18
6
26
29
22
29
50
54
56
36
23
16
10
12
23
38
35
11
23
27
15
7
16
58
18
7
11
28
17
20
22
23
12
13
12
11
26
16
14
12
9
14
15
21
28
26
22
9
7
48
35
25
14
36
28
7
2
2
8
33
31
35
25
4
17
23
16
12
4
18
17
11
38
45
28
25
33
24
10
11
6
40
55
25
6
12
16
31
27
17
23
15
3
17
20
23
54
63
22
17
21
2
12
21
25
11
8
17
5
35
51
15
10
16
17
5
11
15
26
35
57
36
24
48
59
22
29
40
12
10
23
9
11
6
10
10
14
10
9
14
7
2
8
17
18
28
26
30
43
18
10
15
15
17
12
5
8
10
22
18
42
43
73
78
62
30
20
32
36
17
24
46
45
29
14
126
197
197
198
210
156
71
73
81
67
70
95
95
74
35
33
41
19
10
8
7
11
16
22
8
4
1
1
4
10
14
27
13
16
9
20
23
21
16
18
11
7
11
11
18
21
67
49
48
44
49
28
27
23
32
38
10
30
52
30
6
4
34
43
25
44
55
59
61
51
49
74
98
78
35
85
47
71
69
57
52
83
55
55
48
54
52
14
22
33
21
41
54
35
28
23
22
26
10
30
35
11
12
18
50
19
12
9
8
4
33
11
22
19
11
5
15
12
30
40
51
54
52
58
73
78
71
77
82
73
84
149
155
110
56
46
125
111
88
99
98
83
73
54
43
43
23
3
21
22
11
7
19
27
25
81
46
14
10
4
9
4
5
32
29
13
23
18
19
7
10
23
35
47
13
46
54
18
19
47
27
24
13
7
32
23
16
16
15
16
16
13
26
15
5
22
21
9
3
0
15
6
2
12
15
15
18
16
7
4
11
17
17
8
10
18
18
10
7
27
4
10
17
16
7
11
19
22
25
22
23
23
25
34
34
34
42
38
40
21
22
49
34
24
11
6
9
36
35
27
49
36
9
3
27
22
22
22
18
16
25
25
17
22
34
16
14
12
13
13
10
13
20
22
22
13
11
22
25
22
22
18
9
15
26
36
29
26
37
37
42
37
18
10
19
28
25
24
16
12
37
33
22
25
0
8
11
7
13
1
18
29
22
38
42
19
15
29
16
8
16
38
48
32
29
21
7
20
36
14
12
17
13
7
18
17
16
64
56
9
22
10
9
9
4
14
13
8
20
20
46
49
17
15
10
24
8
19
43
46
38
48
61
41
39
70
19
16
35
14
9
34
12
4
5
9
8
19
12
10
14
3
5
19
17
26
23
16
15
20
19
9
7
8
10
17
11
4
30
30
10
18
20
38
30
19
9
2
36
29
17
33
33
30
20
92
202
200
202
202
152
106
90
81
77
70
62
70
80
66
52
70
47
18
13
19
15
14
11
13
6
5
9
5
3
4
17
26
6
8
12
41
38
30
10
17
16
3
12
5
10
8
56
60
67
38
32
23
15
23
54
46
22
33
67
54
7
8
35
48
30
29
40
25
43
52
52
64
87
95
49
74
70
72
56
46
24
65
46
56
28
41
51
26
28
29
50
95
92
50
16
42
52
40
38
25
10
9
20
29
65
31
11
19
21
23
43
38
45
59
60
56
64
62
79
82
83
78
77
75
76
65
59
58
55
41
41
109
105
59
19
12
49
40
30
29
24
16
13
29
25
15
29
27
35
16
20
13
17
12
11
62
90
46
11
2
14
25
14
29
14
3
9
11
21
22
9
5
12
13
6
25
36
29
25
47
11
3
3
13
23
24
24
13
15
10
9
19
28
14
1
29
13
7
9
17
16
13
10
13
12
11
21
14
11
23
8
15
10
13
21
20
14
10
24
10
3
17
23
28
1
8
23
15
29
39
33
27
30
35
19
33
43
41
47
21
11
25
24
19
7
10
18
14
10
4
20
16
4
2
21
11
11
6
14
11
27
23
22
19
12
23
23
15
16
13
4
11
20
28
15
15
16
35
47
33
31
33
18
23
23
28
26
34
55
46
18
20
28
11
4
20
28
26
24
9
19
18
8
15
2
11
14
5
11
13
11
23
32
25
26
17
16
25
7
13
19
44
37
29
63
25
15
21
26
24
48
44
27
31
15
28
42
75
26
4
15
7
14
15
5
9
9
6
20
44
47
28
21
17
5
20
11
22
37
35
37
49
60
25
17
41
14
13
32
11
5
24
21
9
9
10
11
19
16
10
9
3
20
41
15
23
13
7
23
10
11
10
7
2
8
18
14
1
39
21
10
16
16
15
3
7
12
14
45
28
23
37
31
20
44
175
201
183
199
138
82
69
82
85
86
83
79
70
79
79
80
93
51
19
13
22
15
11
9
3
4
4
13
9
6
3
12
18
2
7
16
28
30
33
11
18
42
26
20
4
10
7
61
76
70
30
18
17
9
15
54
47
28
26
49
57
16
24
30
39
42
35
44
13
30
46
47
49
70
79
70
68
66
59
56
51
17
56
51
45
24
54
50
39
37
37
82
97
69
35
15
63
58
42
46
34
24
42
59
63
81
62
59
65
68
73
74
73
70
75
68
61
62
59
58
52
47
41
39
37
31
19
18
17
13
7
11
26
26
15
21
23
4
8
44
11
5
9
39
66
36
18
42
51
44
16
28
22
17
5
10
41
61
41
13
9
9
36
20
18
11
1
5
9
31
35
8
8
11
3
3
26
21
25
16
29
3
6
6
15
14
24
18
9
10
6
3
17
15
6
7
20
12
21
17
15
8
11
11
13
5
5
20
15
13
29
15
14
21
27
31
14
10
10
30
8
9
23
34
31
1
21
36
13
15
32
41
23
38
53
22
22
20
33
34
13
8
5
5
8
6
14
30
7
5
8
2
11
8
4
8
13
14
1
8
12
24
12
16
10
15
30
17
14
22
20
9
11
19
24
8
18
20
40
46
31
29
37
24
17
13
25
21
27
38
25
19
19
39
21
5
14
17
10
22
8
15
17
6
19
20
17
16
11
9
26
22
22
25
16
17
22
16
29
11
16
14
31
21
34
61
16
28
16
20
31
56
64
36
42
26
65
81
71
21
8
5
9
14
16
10
12
4
0
31
46
36
16
15
21
11
11
9
13
11
12
28
40
29
13
10
13
14
11
30
12
4
9
18
13
8
7
14
15
18
9
3
3
44
43
9
9
7
23
32
10
7
8
8
13
9
13
10
3
23
6
7
23
14
13
8
15
16
32
40
34
36
38
45
21
106
201
181
201
151
68
67
72
73
80
83
86
90
82
79
76
76
74
46
22
17
21
14
11
14
4
1
9
14
6
6
4
3
11
1
8
18
9
9
20
23
30
40
28
18
3
7
8
57
53
49
40
49
19
9
11
40
49
18
21
28
49
20
35
33
21
32
53
44
29
36
41
42
62
72
57
56
51
48
52
56
45
44
60
49
46
49
67
45
47
41
41
86
67
53
60
61
76
71
71
69
68
68
78
80
78
74
67
72
70
70
71
62
52
47
38
29
22
22
20
14
7
5
7
12
8
9
8
8
13
9
11
20
4
7
10
35
41
11
9
55
13
6
16
65
62
18
18
42
64
48
19
21
18
17
5
9
17
16
17
12
17
7
23
25
38
34
10
11
14
55
62
18
15
7
2
4
53
26
16
8
10
12
20
12
16
15
18
13
9
6
5
6
9
4
1
9
4
16
32
14
1
6
6
4
18
10
4
19
14
9
21
25
27
43
35
24
11
11
12
21
13
16
22
31
22
10
34
43
21
15
21
31
24
40
57
33
12
4
16
12
7
18
15
6
2
14
10
21
16
14
15
9
40
26
4
1
13
11
6
10
10
13
10
13
9
23
31
11
11
17
17
17
10
14
20
10
20
29
28
20
16
23
35
28
11
13
25
11
11
13
4
31
28
29
32
15
20
15
9
31
20
25
36
11
27
31
18
8
10
5
20
38
40
19
18
8
11
6
37
22
9
10
29
15
22
18
14
31
20
27
17
21
44
21
22
44
99
76
41
56
36
23
9
15
10
14
14
7
5
44
18
16
20
12
25
19
8
8
1
4
13
21
23
43
34
9
9
28
15
17
14
11
10
4
6
3
2
9
11
14
10
2
5
46
16
3
5
5
41
23
8
14
2
4
31
8
9
9
9
11
12
4
9
3
4
15
19
21
35
30
38
45
34
36
35
167
188
186
200
71
61
70
62
64
66
69
73
67
65
59
46
51
39
33
27
28
28
26
18
14
10
6
16
15
5
5
8
3
9
3
6
18
14
0
8
25
28
8
5
8
3
1
7
37
15
25
53
81
32
12
16
26
53
24
40
43
35
14
35
40
15
24
60
25
41
45
46
56
76
79
51
38
45
58
64
52
36
63
54
52
68
83
71
54
68
61
60
77
67
81
103
104
79
82
86
82
67
67
58
46
41
32
27
17
21
23
20
11
6
7
7
14
15
16
16
13
13
14
14
25
13
14
12
15
16
11
15
24
11
7
7
23
27
12
5
18
5
0
14
50
23
1
26
40
56
46
23
9
5
12
4
1
11
19
12
12
20
14
13
30
74
62
26
21
19
58
65
30
21
13
3
4
50
24
17
14
7
33
26
14
15
8
8
13
10
6
7
10
9
4
2
3
3
14
34
13
3
18
10
1
27
14
3
19
16
7
15
25
37
45
36
17
14
16
19
23
10
15
17
15
13
20
28
33
33
37
31
18
31
33
29
26
12
8
7
5
2
14
20
12
7
32
11
5
15
16
13
15
47
37
7
6
7
3
9
13
7
7
8
12
17
19
19
17
11
12
7
24
15
14
15
7
19
32
28
7
17
28
29
35
30
18
17
8
16
6
2
13
13
10
18
21
16
7
13
41
21
21
40
23
20
8
17
19
16
6
5
23
42
24
14
7
5
11
35
22
1
12
19
33
33
1
17
22
38
41
34
28
37
14
6
29
76
27
28
62
68
71
13
14
6
17
13
12
15
18
6
10
26
18
15
7
9
7
8
12
27
26
44
94
34
12
14
40
48
0
3
12
18
5
7
7
5
3
9
13
20
6
9
9
4
8
4
4
22
16
11
11
2
11
28
15
9
10
12
25
20
10
7
14
9
15
17
26
26
30
23
38
38
4
84
197
179
201
124
41
60
50
50
60
53
54
60
40
37
31
22
25
21
25
30
37
39
41
27
20
19
19
20
15
18
18
20
8
11
12
12
20
9
6
16
12
7
6
15
10
15
8
18
21
21
23
48
49
32
8
22
28
38
44
61
79
29
26
41
34
43
51
57
29
47
55
57
73
56
58
58
51
69
83
78
63
73
72
71
93
97
100
92
89
95
98
94
78
76
62
57
44
48
33
17
15
9
8
9
9
7
10
16
5
12
26
21
22
29
26
23
29
24
25
16
10
13
15
10
13
4
1
5
10
4
6
8
22
12
4
9
11
10
23
18
13
15
2
14
40
22
10
22
28
28
39
26
18
9
8
5
5
30
23
7
16
22
13
17
21
57
61
35
28
10
18
3
12
33
42
8
24
46
26
13
7
10
42
8
4
8
3
6
5
4
3
10
10
23
14
2
1
1
7
40
22
9
19
9
3
20
8
4
17
24
8
10
21
24
28
34
23
18
24
25
35
16
9
6
7
12
13
19
25
38
38
29
13
18
27
14
14
12
5
10
10
6
3
8
10
10
22
13
5
2
8
15
14
2
17
13
17
11
8
3
4
6
16
11
11
23
17
10
15
21
19
19
21
14
6
1
12
23
9
5
2
44
24
11
21
21
4
14
15
26
23
10
21
13
3
9
13
2
7
16
17
17
9
19
23
7
3
23
34
54
8
5
12
16
19
10
21
16
7
31
7
11
19
20
36
0
5
13
7
41
55
49
12
28
46
21
19
28
26
26
40
33
63
28
7
11
18
8
2
11
11
24
7
13
14
11
4
11
10
39
27
27
24
27
43
0
9
10
14
55
1
6
5
11
16
8
7
15
5
9
21
22
9
7
5
13
16
14
10
1
9
10
6
5
11
4
15
18
20
21
6
2
8
31
36
8
16
18
28
31
46
31
32
50
3
158
188
184
164
32
54
34
42
41
43
47
42
45
36
32
22
23
26
31
37
34
34
32
34
44
46
27
30
49
39
38
36
17
20
14
21
25
40
11
24
35
24
30
13
13
17
33
32
45
6
37
25
32
31
11
8
28
62
30
31
60
71
61
48
54
50
63
60
62
55
36
67
62
71
74
55
92
107
89
93
95
94
94
93
86
75
68
51
46
40
37
29
26
18
13
6
8
11
21
24
39
32
34
39
42
45
32
46
71
23
15
19
17
38
63
34
23
9
12
6
6
3
5
3
9
0
5
5
8
8
3
13
3
8
11
6
14
9
17
73
38
45
46
11
3
7
13
35
9
7
40
69
27
25
22
6
6
13
19
15
2
2
10
2
7
10
6
11
47
9
3
2
0
27
59
37
2
61
81
28
22
30
43
12
12
6
0
6
10
3
7
13
10
16
20
16
4
2
1
7
15
9
8
2
2
7
29
35
7
6
26
20
19
22
17
13
15
17
14
37
40
23
28
1
8
11
2
15
22
24
25
18
10
11
16
17
10
2
7
1
5
1
18
12
11
5
5
7
11
5
3
16
28
19
8
6
2
13
7
12
4
1
9
9
12
24
18
7
18
11
10
8
4
8
16
13
7
14
15
17
20
15
25
31
30
20
15
13
21
16
14
7
19
27
14
13
0
17
19
25
26
1
14
14
24
16
25
2
20
44
28
22
15
13
24
13
14
20
26
45
52
64
65
38
26
31
3
12
1
21
57
57
18
27
60
42
13
47
31
56
33
25
25
10
28
53
68
24
4
6
12
6
8
10
16
22
14
6
35
78
53
0
1
14
17
2
3
21
19
17
1
1
7
6
11
6
2
13
27
17
11
9
8
6
10
10
15
8
6
15
6
24
18
11
6
9
13
12
19
29
33
19
6
13
14
8
16
20
14
22
58
55
39
38
12
25
205
166
196
85
43
33
36
35
40
41
37
38
37
44
46
43
38
42
45
42
42
49
52
53
64
65
68
60
61
61
71
45
23
3
10
9
24
38
33
20
13
7
8
1
8
7
13
38
32
30
53
27
43
28
20
9
19
39
36
54
26
25
48
33
44
94
83
89
103
107
111
115
100
111
116
99
83
65
50
45
32
28
11
12
13
1
2
3
5
15
19
24
32
41
30
35
36
51
67
86
78
43
54
44
30
51
20
35
14
3
11
1
2
8
56
23
2
8
17
14
14
2
4
1
11
3
6
6
5
7
6
2
6
15
4
4
2
60
106
44
33
35
49
15
4
8
15
22
13
3
24
69
20
13
12
1
10
6
8
21
14
9
11
16
6
40
57
14
3
2
11
14
1
42
31
19
16
31
53
43
28
7
17
1
11
16
3
6
37
11
6
12
21
11
13
18
16
6
6
5
16
14
0
18
8
17
29
35
0
12
32
23
8
3
14
20
6
10
9
26
25
21
11
0
3
7
7
21
16
19
8
10
8
9
22
14
3
3
8
10
13
6
12
10
4
7
1
6
8
1
18
34
12
8
0
0
0
12
0
6
9
8
10
19
16
18
8
12
28
16
35
30
8
2
19
19
5
5
29
11
16
19
14
22
10
19
19
17
18
14
33
25
14
16
27
38
13
9
11
27
19
0
3
11
10
14
19
10
19
35
17
50
16
8
7
11
14
2
27
59
47
63
51
22
10
24
36
53
56
56
24
13
22
45
58
11
21
25
17
23
4
30
23
2
22
89
35
7
6
10
6
11
11
15
7
5
7
64
63
78
30
16
63
51
24
76
68
41
18
7
14
4
3
7
8
11
8
11
13
13
17
22
19
17
22
6
7
5
13
6
16
14
14
11
8
6
10
8
10
21
16
14
3
21
35
22
29
36
13
29
65
58
41
28
14
156
197
178
155
27
33
35
38
36
39
34
39
35
34
39
43
52
53
51
56
57
62
65
69
77
66
54
48
38
34
46
49
56
109
122
112
81
37
9
3
9
29
20
7
15
21
34
34
22
36
64
38
31
49
24
44
60
40
53
66
73
75
92
107
114
80
102
99
95
82
60
48
29
33
18
12
12
7
6
4
4
10
19
22
32
33
62
69
74
109
68
47
47
87
130
54
31
49
31
57
88
65
36
38
26
33
21
24
28
1
11
19
19
13
15
32
62
17
1
4
13
17
13
10
26
27
11
6
9
6
3
12
21
16
29
15
19
11
118
78
42
12
50
75
16
13
8
41
70
28
8
28
75
13
1
9
29
17
1
8
19
10
13
24
39
20
47
82
28
8
11
15
12
4
12
17
17
22
4
5
4
17
28
12
28
8
20
25
1
13
24
4
18
8
11
11
10
3
1
10
7
8
4
1
10
15
15
4
6
8
28
37
27
29
20
31
22
23
77
45
18
11
7
10
12
13
17
13
16
17
13
2
17
18
10
18
20
6
6
8
8
7
7
1
1
5
8
1
5
12
15
18
17
5
1
2
1
0
30
9
6
5
2
11
16
17
16
11
10
18
13
11
11
15
11
14
14
10
32
16
9
10
17
4
9
14
13
6
16
14
9
8
15
12
31
17
29
10
8
19
21
9
8
8
13
8
17
24
13
24
24
8
33
24
23
6
3
4
27
61
73
26
21
73
36
42
34
54
54
58
73
47
14
43
46
39
5
5
11
27
13
10
30
11
11
13
41
22
25
14
8
4
11
12
3
6
1
10
94
41
18
9
46
86
45
52
51
25
12
9
3
6
2
9
5
5
8
8
22
27
19
9
27
27
29
18
10
9
15
12
9
18
16
17
15
8
18
32
23
22
21
8
17
30
14
21
29
19
13
20
59
65
54
36
24
61
198
170
192
97
35
48
43
34
29
32
27
31
32
33
32
35
40
56
60
68
68
74
73
69
62
49
39
35
42
57
63
47
31
87
151
150
179
163
131
58
8
31
16
8
23
36
17
18
22
32
45
38
64
90
85
98
105
96
91
88
73
64
111
129
128
39
30
27
18
15
10
12
13
10
21
23
14
14
28
44
37
37
46
44
55
42
61
49
37
82
49
34
57
81
92
34
16
32
25
38
37
32
30
22
9
9
18
35
29
0
22
30
19
19
4
19
29
15
10
17
16
11
19
5
38
23
3
3
12
9
7
6
10
20
14
38
18
2
28
15
21
6
48
42
20
13
8
14
32
33
12
14
15
2
0
2
14
12
1
13
8
4
19
31
45
29
32
57
48
20
10
20
19
2
17
13
10
4
0
3
17
11
13
33
15
16
21
22
1
3
11
11
12
2
16
5
4
21
9
14
6
13
8
0
7
6
8
5
1
8
8
13
11
9
4
6
7
6
15
17
18
16
3
2
5
12
8
11
17
7
9
2
11
4
2
8
12
15
6
3
7
7
8
5
3
7
9
1
3
7
14
20
10
1
0
0
2
17
22
14
11
13
6
16
12
18
15
15
12
15
10
8
3
5
10
11
15
9
19
8
4
6
5
15
17
16
11
17
20
9
7
2
17
28
27
17
17
12
8
24
28
15
9
9
14
15
14
20
10
10
12
6
19
16
17
4
9
11
38
56
35
25
4
44
23
37
57
84
65
69
60
45
6
20
30
33
13
26
39
36
29
23
10
8
14
20
14
22
46
16
8
9
8
10
10
29
7
15
50
16
3
1
24
54
41
35
14
6
8
10
11
3
3
9
8
9
10
11
26
27
22
11
23
25
25
18
6
14
9
9
12
22
27
20
16
19
28
27
22
22
19
8
25
53
37
14
24
20
32
54
62
66
47
41
35
122
184
162
170
54
30
40
33
25
24
25
29
28
30
30
29
30
32
41
53
63
71
73
73
70
51
34
33
39
50
56
47
37
31
45
142
93
128
145
149
141
95
53
61
61
55
72
73
79
88
86
141
137
73
64
62
55
51
44
36
32
24
22
40
49
51
20
14
25
44
64
51
56
60
78
61
44
17
27
21
28
19
12
23
36
36
13
29
34
18
67
70
21
55
74
48
11
23
26
25
20
32
12
10
14
14
18
33
54
19
7
52
39
7
6
0
5
11
8
9
6
5
3
8
11
11
8
8
11
8
6
5
6
7
7
18
44
15
16
4
43
16
26
35
23
6
21
54
14
6
27
3
4
7
8
15
9
3
3
6
16
23
23
29
22
13
9
10
15
15
12
21
21
13
6
12
12
5
9
25
31
18
3
6
24
47
26
9
6
14
4
4
11
18
6
7
8
9
24
11
16
3
11
9
10
5
6
13
21
19
25
38
18
14
15
20
14
12
36
50
68
65
23
12
18
18
16
17
29
9
6
10
14
20
27
11
5
7
9
6
3
5
2
5
5
7
10
10
6
8
13
8
12
3
4
8
9
4
14
17
8
4
7
3
23
16
16
14
18
17
16
17
20
9
8
13
11
14
8
7
17
5
2
2
22
17
16
16
23
19
12
7
7
20
26
13
10
16
17
9
22
24
21
14
11
17
18
9
14
23
17
8
4
18
26
25
24
34
23
37
55
21
22
22
23
14
49
74
70
65
76
38
39
18
11
21
32
27
17
43
45
30
15
1
6
11
9
9
22
32
6
9
15
3
11
9
17
14
51
36
28
13
0
28
29
28
12
16
45
14
15
17
6
7
9
12
11
9
11
22
26
25
12
15
23
16
18
7
9
7
9
16
25
26
19
13
30
25
22
20
20
13
11
16
48
48
10
15
19
40
52
55
56
35
29
45
165
156
167
147
44
41
38
35
30
28
26
27
28
29
25
27
25
27
27
33
43
49
51
54
52
40
33
40
43
46
41
37
32
26
25
127
69
94
115
123
133
139
103
81
82
71
63
61
56
54
42
103
106
36
21
22
22
26
18
28
30
18
12
19
20
18
22
30
30
73
67
43
41
45
63
50
41
24
27
12
11
10
0
6
20
26
23
42
66
47
42
61
38
53
59
29
11
18
22
17
22
37
16
13
21
38
28
34
36
6
16
42
27
1
8
57
33
15
6
9
17
0
0
15
30
1
15
14
28
18
14
21
11
13
8
24
29
11
23
4
78
30
22
28
27
31
47
66
18
42
62
10
7
10
16
21
5
0
8
20
17
26
22
18
10
7
10
28
19
4
7
29
19
7
3
16
16
7
53
69
56
7
5
6
38
47
49
14
14
18
6
1
5
21
22
3
7
14
17
14
13
5
5
3
12
7
8
14
17
21
14
25
22
23
18
27
19
14
22
37
46
35
12
11
24
20
11
12
18
13
8
8
8
15
23
7
3
6
4
6
8
8
2
6
15
4
8
11
4
9
17
12
12
9
6
8
11
24
11
16
8
11
10
10
28
16
7
11
19
24
21
13
21
16
17
15
15
13
4
7
25
10
5
4
12
16
21
20
19
17
16
14
10
14
12
8
15
25
28
20
21
21
22
15
12
20
13
13
30
29
17
8
7
18
20
24
37
48
14
22
51
31
22
41
46
16
40
75
44
34
43
40
29
19
10
26
26
18
5
30
35
15
7
15
4
9
1
7
12
24
9
10
15
1
16
7
3
18
54
25
56
27
2
37
51
18
2
13
77
31
8
11
4
10
9
16
13
6
9
17
23
22
14
10
12
12
21
10
8
6
10
25
31
21
18
10
32
24
19
20
18
10
14
9
48
38
30
26
13
29
53
39
30
20
23
67
168
136
171
134
34
40
40
46
43
43
41
41
43
38
35
32
29
27
26
24
28
34
38
41
40
40
39
42
38
35
28
30
28
19
21
108
74
94
97
108
103
131
123
72
43
39
25
22
21
20
9
35
35
17
15
8
31
40
44
60
50
36
31
25
22
17
17
23
20
53
47
37
16
14
19
37
36
46
36
17
15
6
5
2
8
12
42
58
65
42
25
55
56
64
49
41
19
11
18
18
31
33
29
35
25
24
27
27
16
12
12
16
16
23
58
80
41
11
16
13
29
10
1
26
36
2
24
15
23
20
27
37
7
30
23
15
14
7
12
20
57
25
7
13
36
43
62
51
10
63
50
12
9
8
13
20
4
3
19
49
8
13
12
8
7
11
14
41
30
9
9
15
9
7
3
12
10
9
45
59
32
16
24
6
49
31
42
10
11
24
17
6
3
18
19
3
12
10
15
11
12
13
4
3
7
13
15
12
11
9
2
7
11
14
9
20
12
8
4
9
14
7
10
11
14
15
10
10
8
17
14
8
8
11
11
3
4
6
6
6
7
11
6
9
18
6
3
9
11
11
11
13
8
8
5
13
22
27
17
13
13
17
17
15
30
17
6
10
13
26
23
11
30
20
15
13
17
18
8
16
22
12
15
4
2
12
21
16
13
14
13
17
11
14
9
13
24
37
44
24
23
26
25
10
15
23
15
22
40
16
14
14
9
10
10
10
33
44
2
11
56
36
21
60
54
21
41
47
27
19
40
47
27
8
12
36
24
7
7
21
13
3
8
36
19
12
9
8
5
27
16
19
10
6
20
9
5
11
22
18
66
26
2
22
49
16
14
7
51
31
6
8
1
13
11
14
17
9
6
16
24
19
12
5
8
22
20
8
7
8
16
21
28
21
16
8
25
27
20
18
14
12
13
12
49
28
49
26
11
21
46
17
12
14
30
92
148
149
166
124
20
27
33
39
37
40
41
47
47
46
47
39
37
31
30
30
28
30
36
36
36
39
36
36
32
29
25
26
24
16
24
84
47
89
87
94
93
115
101
76
28
16
9
14
27
28
19
18
23
25
23
19
34
40
51
55
49
54
50
32
15
19
18
16
14
28
55
48
15
15
21
39
38
56
34
18
20
5
6
8
12
0
51
48
37
27
24
59
56
54
31
32
40
37
46
31
43
31
30
45
22
12
20
25
13
24
13
7
10
37
66
41
18
12
30
12
18
20
6
20
21
2
17
13
7
9
48
35
7
33
20
5
7
4
5
21
17
11
4
6
25
26
44
32
12
35
11
9
20
23
6
17
15
5
15
45
0
2
6
6
16
9
27
24
18
11
12
10
4
8
5
3
2
5
10
18
2
31
44
8
28
19
15
5
2
23
31
19
7
17
6
8
25
9
10
5
11
16
11
10
4
17
20
12
13
8
2
5
5
9
1
8
4
2
1
4
8
13
15
9
5
12
12
15
11
12
13
9
8
12
9
7
5
4
5
3
3
8
6
15
8
9
9
10
18
12
4
10
7
6
8
17
25
14
14
6
11
14
22
16
29
23
18
17
6
16
17
15
35
19
6
13
19
20
13
23
14
7
20
7
3
6
16
14
15
13
8
19
18
17
13
15
19
38
51
17
25
29
25
14
16
23
23
22
21
7
20
23
10
3
16
3
27
36
3
13
61
24
18
58
22
29
63
15
36
42
85
40
37
22
24
37
27
14
22
18
7
17
19
37
41
13
13
9
9
20
14
33
9
9
24
13
10
6
2
23
47
18
5
4
15
31
26
11
12
11
12
9
7
15
11
8
16
11
5
26
28
17
5
6
22
30
17
2
4
14
24
18
18
20
14
10
25
28
21
16
12
16
16
16
39
25
33
10
27
27
25
17
16
17
46
121
150
170
154
121
20
21
21
19
16
17
20
29
30
39
42
41
38
34
31
33
31
29
31
31
30
30
27
29
29
29
28
28
22
16
37
64
11
70
81
72
93
92
55
73
53
30
20
27
35
28
22
25
40
30
20
25
16
27
24
16
27
51
54
48
22
22
27
27
16
19
58
43
24
41
44
28
36
33
18
11
15
12
13
26
19
2
47
31
25
35
29
48
40
22
21
18
60
91
90
36
74
43
16
27
14
19
16
18
11
19
18
9
10
23
16
4
15
33
33
12
2
19
19
16
8
7
10
19
9
19
59
19
16
19
2
6
12
9
10
3
4
7
10
18
7
13
24
22
18
18
9
8
32
46
9
16
17
5
5
11
4
3
7
8
23
7
49
11
6
13
9
22
9
7
4
5
4
4
3
1
3
29
40
9
1
8
4
10
8
11
47
31
8
21
4
11
26
12
1
1
8
10
17
12
7
15
13
8
15
15
3
3
7
14
0
6
5
7
5
10
7
17
12
7
8
12
10
14
13
10
8
10
5
10
9
8
4
2
1
1
3
4
5
18
7
9
18
13
15
6
2
12
12
10
14
14
11
6
6
5
4
8
17
15
24
24
26
24
12
4
9
8
5
12
7
13
20
8
4
19
10
4
12
12
9
8
16
22
23
16
9
35
29
12
13
9
11
20
35
16
21
29
22
27
12
16
18
16
9
16
20
22
18
4
22
15
30
31
0
15
38
10
23
10
4
43
50
17
61
45
78
37
39
47
35
26
26
19
41
15
34
57
39
22
37
9
5
2
16
15
16
43
16
5
25
18
14
17
5
15
20
20
14
11
25
52
12
11
18
9
10
6
20
11
10
5
7
5
11
45
27
11
2
20
27
19
22
3
7
17
24
35
23
16
15
14
35
30
15
18
16
20
32
20
35
22
9
22
50
38
28
45
36
32
75
161
176
151
146
126
29
30
28
26
23
22
25
28
31
34
34
40
36
34
30
28
31
32
27
24
27
30
27
28
24
25
22
23
22
17
43
48
26
41
60
65
82
48
15
33
40
32
27
31
29
16
21
28
31
34
22
14
12
39
23
4
2
16
46
50
54
26
20
24
20
8
26
31
32
60
42
9
19
9
21
11
10
18
34
49
13
15
25
29
20
36
34
29
20
12
48
52
46
110
80
20
116
49
7
8
3
1
22
7
11
4
4
3
14
13
13
24
46
42
21
24
3
14
37
40
26
30
19
31
19
48
36
6
26
18
3
5
20
20
10
8
8
5
15
24
11
10
32
23
10
53
25
5
16
36
19
20
2
6
14
9
13
10
11
13
17
6
45
36
25
18
2
21
14
8
4
11
12
10
10
2
5
20
15
4
3
3
10
10
15
7
55
24
2
18
11
8
15
9
1
0
2
9
15
7
8
17
6
8
13
9
6
2
5
5
5
21
13
17
16
15
13
11
5
15
11
16
7
10
15
22
11
11
9
10
5
1
0
3
5
7
12
12
14
13
17
14
9
9
10
0
4
16
13
15
11
12
6
3
13
15
2
3
3
10
19
18
28
22
29
9
15
5
4
8
23
12
10
3
8
8
6
14
8
10
14
13
8
13
14
14
21
42
31
25
33
5
14
9
17
19
12
32
36
22
9
20
13
28
34
15
21
20
32
9
10
35
49
19
1
26
20
6
19
6
8
41
28
19
29
9
20
28
9
27
12
22
24
19
23
22
72
77
42
38
34
25
6
3
11
20
37
53
33
13
18
16
11
17
7
6
7
16
14
17
19
33
6
12
17
12
8
13
16
8
16
9
2
4
15
34
25
4
9
32
10
16
24
2
5
19
15
20
23
16
20
20
23
27
18
17
19
24
28
21
27
27
28
39
43
42
26
49
73
86
115
162
169
148
144
117
41
57
61
65
61
67
68
59
66
58
53
47
34
24
27
25
26
24
26
23
23
26
28
29
32
29
18
20
20
18
4
15
39
11
18
52
21
26
36
36
31
41
39
36
40
32
32
12
18
50
20
6
17
45
36
7
5
17
34
17
45
32
34
21
32
28
21
25
15
37
49
5
8
29
30
13
18
18
25
47
22
47
3
22
33
46
46
28
26
28
66
36
17
57
32
18
96
13
21
36
22
7
25
33
53
18
2
0
0
15
37
60
57
23
1
27
21
8
30
54
75
71
27
9
14
15
6
11
36
21
14
7
4
5
6
16
6
13
28
16
10
4
20
7
37
63
26
1
2
1
17
22
8
9
10
8
15
16
4
20
11
5
17
68
55
17
2
16
17
11
2
20
9
7
8
1
11
2
6
4
12
7
17
14
8
2
15
4
1
17
11
16
30
27
1
0
3
6
16
18
2
28
26
35
23
0
7
9
12
11
17
27
9
6
18
13
11
3
9
17
7
15
12
10
14
24
8
3
6
5
5
6
2
5
13
20
23
15
16
6
7
7
5
9
4
6
10
8
14
15
6
17
15
2
15
20
6
2
6
6
24
68
26
9
35
32
18
9
12
12
5
3
6
6
3
1
10
19
7
9
16
26
9
38
43
5
29
25
24
18
23
9
6
2
0
24
17
37
37
12
33
39
31
37
33
29
53
30
35
20
9
25
17
5
5
15
21
9
2
29
23
36
37
19
52
72
24
13
27
31
12
15
17
3
12
72
50
20
35
57
69
42
29
21
17
76
76
47
39
4
12
10
4
9
19
16
16
20
15
13
15
14
11
2
7
10
18
14
1
10
14
11
6
4
11
9
10
4
24
24
8
6
2
8
21
16
15
12
20
25
21
21
15
22
26
9
16
17
8
20
26
18
4
12
17
9
10
16
20
41
139
172
165
156
128
106
102
102
89
76
68
53
43
33
37
27
17
15
20
22
14
12
14
24
25
20
21
18
18
16
19
29
23
60
55
26
13
9
15
31
12
6
8
16
20
45
35
33
32
40
43
53
29
0
6
32
23
2
26
39
20
13
12
24
1
4
35
42
31
29
21
35
11
16
6
7
25
15
39
70
50
47
26
25
32
6
20
1
4
24
48
48
31
24
37
44
46
22
78
53
22
21
30
4
28
90
95
55
15
39
73
31
2
2
4
12
72
57
22
9
8
53
67
22
33
28
85
152
84
40
38
59
46
20
6
12
3
1
8
8
7
1
17
27
41
19
5
20
45
25
54
65
0
5
17
8
11
23
17
16
25
14
9
2
4
5
9
13
19
11
1
17
2
8
12
6
6
11
3
9
4
5
16
17
17
13
2
6
15
10
9
10
13
6
6
11
3
11
9
8
5
1
9
5
17
10
14
24
23
28
14
1
8
13
19
18
11
9
2
7
18
11
15
15
21
23
2
2
19
12
15
16
10
11
8
10
11
13
14
7
6
10
1
4
7
1
7
6
12
10
23
39
12
0
7
2
9
7
14
2
18
38
9
4
10
8
27
147
76
22
17
20
12
16
16
16
14
9
12
15
13
13
5
6
6
6
13
15
14
19
14
27
10
3
7
16
13
35
31
16
0
6
25
36
33
35
42
32
23
24
20
18
37
48
27
18
6
13
21
10
4
36
26
14
10
10
15
28
50
62
43
66
39
29
24
26
33
40
27
6
46
42
4
34
53
93
59
23
19
26
63
52
13
17
24
38
32
7
9
28
28
22
22
13
4
20
19
16
8
1
2
12
14
9
9
8
16
12
15
7
8
14
18
3
36
20
25
19
12
14
24
14
12
5
21
21
20
27
17
23
19
11
18
13
10
11
18
38
63
93
126
157
188
211
224
223
236
220
80
39
38
35
31
22
27
14
7
7
14
17
14
16
28
48
30
18
22
71
52
19
22
21
20
13
15
18
26
35
31
35
28
12
18
26
36
60
26
16
11
23
37
46
41
42
44
39
45
38
14
13
17
42
27
18
28
25
19
17
16
34
20
4
23
73
44
45
24
22
18
2
2
8
17
24
42
42
43
50
45
29
2
23
60
3
8
24
36
45
29
25
34
42
43
25
60
70
27
56
42
13
61
85
27
11
32
17
8
25
83
48
11
14
56
22
5
6
4
77
55
3
10
7
18
31
64
88
65
54
43
37
13
5
3
20
22
3
4
3
11
7
5
1
40
61
30
52
57
28
12
15
8
5
23
31
1
6
14
11
2
10
13
12
7
6
14
16
3
9
2
4
4
18
25
4
8
54
21
11
24
15
3
4
5
3
11
8
8
2
14
10
8
15
20
7
23
12
13
5
13
12
7
4
7
26
34
67
74
17
3
14
11
13
12
5
2
7
12
5
13
18
10
2
0
0
1
1
3
1
1
1
5
10
11
9
9
15
19
14
12
6
7
15
17
11
15
13
28
17
10
3
13
23
9
3
12
5
9
13
10
10
23
15
37
88
65
39
30
17
14
14
17
19
8
9
14
24
23
10
10
6
1
11
21
24
20
18
17
22
13
13
32
26
4
30
32
9
6
4
29
36
34
28
19
34
22
28
30
21
19
21
24
11
11
17
13
18
17
18
8
13
14
9
10
37
70
50
21
20
11
20
11
9
23
30
44
26
54
70
61
35
12
38
58
20
22
22
41
19
41
48
23
40
32
15
8
12
17
17
4
10
35
18
10
8
1
14
7
7
7
3
2
4
12
9
10
2
4
15
15
9
21
6
22
13
8
9
15
6
12
20
24
23
20
23
19
23
17
16
29
17
13
6
68
183
213
223
223
224
212
200
170
120
107
96
41
44
33
22
20
13
9
15
22
26
20
21
19
22
36
57
24
18
18
104
91
12
21
27
36
41
36
26
31
28
21
25
26
19
35
48
30
12
15
22
20
28
35
37
39
29
31
28
35
30
16
13
22
42
37
39
53
42
29
11
18
23
20
16
11
37
34
24
29
22
19
24
29
5
29
27
24
31
46
64
61
22
37
21
23
22
18
33
34
12
33
66
65
15
14
6
28
40
40
49
20
2
20
25
4
20
16
31
15
8
19
65
65
16
35
34
7
25
56
50
75
3
8
1
3
4
42
88
53
12
8
26
49
23
32
85
50
8
7
7
2
8
7
3
15
13
13
29
24
5
11
23
18
10
4
5
1
1
26
29
0
3
12
10
1
23
66
27
6
2
2
12
6
40
39
6
36
41
15
33
23
17
2
9
4
11
5
6
10
15
16
13
11
18
21
11
20
13
4
15
22
17
11
11
4
4
18
50
47
14
7
6
4
5
7
6
6
7
14
16
9
8
3
12
11
25
19
17
16
17
10
9
4
7
6
11
16
15
10
5
10
14
14
25
31
20
4
9
22
3
4
16
18
9
14
5
9
13
11
10
2
2
7
11
91
104
54
29
27
25
23
16
16
17
14
18
15
18
24
10
8
8
17
19
19
16
16
18
17
11
18
15
22
32
28
8
9
3
12
27
20
19
16
14
7
21
15
30
29
17
8
19
22
10
15
15
10
17
10
9
10
18
25
24
11
18
35
16
33
42
21
25
33
4
8
26
28
39
50
78
76
22
12
23
38
30
22
20
21
23
28
33
9
28
19
20
9
16
34
12
32
53
37
11
8
16
26
46
15
5
6
4
11
1
5
14
16
3
14
15
13
6
8
6
10
11
13
5
11
11
9
30
27
22
20
18
17
17
12
17
30
23
16
15
86
131
141
147
128
121
106
84
44
103
120
118
150
151
23
24
22
9
5
27
46
36
32
42
27
25
36
47
14
17
18
98
85
7
21
26
36
45
35
24
26
34
27
14
18
30
32
30
27
11
22
21
17
32
32
45
39
28
28
24
23
20
17
13
23
44
34
43
59
51
19
7
31
6
11
10
5
15
28
12
44
28
15
21
38
22
21
32
10
37
54
58
41
17
25
31
19
15
11
32
73
22
40
83
30
15
30
1
7
30
45
19
4
5
17
17
15
26
30
31
24
13
1
41
52
5
12
27
15
55
53
45
21
1
5
21
20
4
10
28
21
2
1
33
72
24
12
27
16
5
11
19
1
12
13
3
17
36
11
13
39
49
14
22
13
3
0
0
4
11
10
11
3
28
17
3
44
44
55
25
3
33
36
6
12
36
30
16
29
17
24
52
17
11
7
7
3
8
4
3
11
16
18
13
14
13
10
7
10
11
7
13
15
14
22
19
5
5
6
12
17
28
12
6
3
3
5
11
19
20
20
12
4
6
10
12
9
24
18
18
18
15
10
14
7
5
10
14
8
14
22
17
19
24
12
14
11
13
10
14
11
6
3
12
15
13
14
10
6
13
17
22
5
3
1
7
82
97
45
15
25
16
13
15
20
18
18
18
14
11
26
14
15
12
17
24
24
15
17
18
13
17
16
12
15
26
24
10
12
11
24
21
10
11
11
18
13
8
11
23
20
15
6
21
14
14
14
19
22
23
13
8
12
19
30
30
24
11
9
13
45
24
15
30
44
40
32
27
19
16
45
66
41
29
33
18
20
35
20
26
42
43
49
37
8
11
12
18
7
9
25
29
37
29
13
14
20
29
30
30
7
11
11
4
18
10
9
17
16
11
9
15
10
5
9
15
11
16
14
8
7
11
10
27
24
19
15
19
23
25
17
21
12
15
19
16
56
73
52
46
44
37
39
23
37
171
140
159
185
98
15
26
20
6
13
53
63
34
41
61
26
28
48
33
7
14
23
102
69
7
24
24
30
39
30
21
25
27
25
25
41
31
22
33
21
6
15
33
29
40
34
46
41
34
28
18
17
16
17
14
36
55
34
37
39
29
9
11
44
8
13
23
21
11
15
20
38
34
27
8
26
20
16
39
17
21
48
62
44
17
31
28
11
31
16
19
50
20
29
37
16
36
23
7
16
12
23
5
34
34
38
22
23
43
68
26
13
9
22
18
16
1
2
9
45
52
20
17
2
1
6
24
21
2
3
5
4
4
1
30
40
12
1
15
10
6
18
18
1
17
22
21
27
27
7
11
39
44
6
18
27
12
6
10
8
18
28
29
39
67
66
44
80
30
17
13
2
55
108
21
32
36
23
11
10
18
30
54
27
6
10
7
5
7
2
4
8
6
14
13
13
6
2
8
9
6
3
4
15
14
18
17
9
16
7
5
5
17
5
5
9
6
12
16
15
9
8
12
15
17
17
14
16
16
11
14
14
5
9
11
11
5
14
16
11
9
22
13
23
36
20
14
14
10
6
6
3
6
7
6
9
16
9
6
3
7
8
11
6
7
3
4
46
55
33
21
18
9
11
15
23
24
18
8
10
12
22
9
16
11
12
18
18
25
28
13
7
13
14
11
18
19
9
18
19
12
26
8
5
15
27
21
15
10
14
12
20
15
17
22
13
13
16
25
26
19
9
6
10
20
26
28
28
15
12
18
36
15
9
15
33
33
43
29
17
7
35
30
14
25
33
9
11
21
10
45
54
42
37
26
14
8
13
17
10
10
10
26
18
7
6
14
48
37
23
19
3
12
9
2
15
16
11
12
13
13
6
11
7
11
9
21
17
12
14
20
8
10
27
30
23
16
16
22
24
26
30
27
5
16
27
13
20
26
23
20
24
41
32
9
96
182
153
182
158
23
25
26
13
12
46
74
55
34
56
59
25
38
51
20
15
17
35
86
38
15
24
23
29
41
47
32
32
21
21
31
51
36
21
27
18
10
14
34
40
46
39
40
35
46
38
18
17
18
18
19
47
57
39
30
22
16
7
25
39
14
10
27
21
5
6
15
33
44
44
15
16
14
25
35
25
15
44
53
44
23
37
20
15
48
32
21
37
27
20
17
14
38
17
17
20
25
28
8
37
28
49
42
41
59
65
26
7
9
63
13
8
6
0
7
38
21
3
0
2
1
9
17
11
4
4
6
1
6
7
27
13
5
11
14
10
15
24
16
25
41
21
30
30
15
12
14
25
18
17
45
55
36
6
9
24
56
60
45
76
78
78
56
47
64
23
11
16
30
77
30
25
22
23
4
9
19
23
35
28
11
9
4
6
9
5
2
7
5
5
8
13
11
9
5
6
5
0
8
15
9
13
15
11
21
10
11
11
5
2
2
9
9
21
14
5
9
11
11
25
21
14
14
22
10
7
11
9
6
6
8
10
6
14
18
22
7
14
5
16
27
14
15
16
5
2
1
0
4
5
4
8
8
3
7
6
3
2
2
6
10
3
2
23
21
20
20
12
18
21
18
19
27
19
10
16
19
17
4
10
11
10
15
12
20
23
10
8
11
12
12
14
14
2
11
13
10
16
18
13
16
30
16
9
21
23
13
19
23
25
16
12
8
14
27
16
13
13
8
4
17
17
20
18
16
13
11
16
13
13
14
29
9
30
29
18
18
26
7
8
16
20
15
21
10
3
47
31
33
17
13
24
14
11
13
12
10
10
18
12
14
7
14
51
24
16
13
3
9
11
12
14
14
10
6
8
8
8
5
4
14
8
18
19
11
15
20
7
14
31
29
28
14
19
23
21
14
37
22
5
18
38
12
11
10
26
26
28
56
29
18
130
159
174
187
99
13
29
22
9
38
85
77
39
44
75
44
37
58
59
16
23
20
51
68
17
20
23
25
30
37
57
49
55
44
32
32
42
36
34
20
22
23
22
30
38
47
41
32
29
53
48
26
18
20
19
25
48
47
35
24
19
15
12
35
24
12
7
16
7
11
20
14
34
47
43
33
25
16
26
27
23
20
46
43
34
25
29
29
25
31
32
41
42
35
26
17
8
23
46
28
25
47
33
15
15
17
45
34
62
54
42
28
11
20
82
9
12
12
6
9
13
6
5
0
4
5
11
11
9
5
4
11
10
7
21
35
5
5
14
3
3
15
25
12
28
40
11
17
16
12
21
17
20
7
33
65
63
51
6
21
57
74
68
54
83
59
62
39
23
84
33
10
17
5
17
36
20
6
16
10
16
15
18
23
18
16
8
2
11
13
9
3
7
13
11
2
10
16
17
1
3
4
1
15
16
9
26
28
18
15
14
20
17
5
3
2
5
9
26
15
14
28
22
15
19
17
14
15
15
7
5
9
14
9
5
9
5
6
11
10
18
9
11
9
15
9
3
8
6
5
8
5
3
1
0
4
10
1
1
10
16
13
13
4
7
9
3
8
15
12
9
7
13
27
26
19
12
18
17
24
28
21
16
3
6
8
7
15
16
8
5
9
15
26
12
15
6
10
4
7
7
12
16
35
21
13
16
12
14
26
27
25
13
25
19
9
24
4
9
23
10
13
28
20
3
14
13
14
8
11
3
0
3
3
27
40
29
10
15
20
18
25
18
13
8
21
16
28
35
16
5
21
9
28
23
25
28
20
11
11
10
8
12
16
15
17
6
19
26
5
11
4
3
8
18
24
13
13
12
6
7
5
8
2
4
13
14
10
15
13
13
6
10
23
15
18
25
16
19
21
19
9
36
16
6
15
36
10
24
20
19
15
28
34
11
52
141
166
182
154
37
25
20
15
21
74
99
66
38
59
78
39
47
49
50
20
18
20
64
63
17
18
21
25
27
26
48
59
73
67
44
37
41
32
40
31
30
31
27
26
26
38
39
30
32
49
50
33
19
19
15
31
44
38
28
23
22
13
16
28
13
9
8
5
0
20
34
25
28
32
33
42
36
20
15
20
20
21
35
34
28
24
32
36
33
14
18
59
43
28
25
10
8
19
67
39
42
43
26
35
5
25
35
1
56
38
26
21
11
21
49
4
9
12
12
10
10
10
9
3
8
15
13
9
12
4
3
15
19
12
28
38
3
2
6
0
6
12
19
10
6
10
1
3
5
9
16
18
19
7
25
56
59
47
29
59
70
58
62
67
64
27
39
24
35
43
13
3
4
8
10
35
29
3
15
30
24
20
25
20
11
12
13
28
23
19
12
8
8
16
21
2
6
11
14
2
2
1
2
11
14
17
36
34
26
12
19
22
17
10
2
3
3
9
24
19
25
30
18
20
11
13
18
16
6
5
7
14
23
9
11
13
7
9
10
3
6
13
12
17
21
5
1
1
0
9
19
15
8
2
1
4
7
2
0
5
16
18
21
9
9
4
3
11
17
9
4
8
17
23
22
14
9
7
8
24
22
19
15
2
5
1
6
8
17
14
7
5
16
36
19
19
11
8
14
19
16
15
29
24
13
19
17
11
23
19
17
31
19
12
11
16
47
2
12
17
14
11
32
33
10
19
17
16
7
4
5
1
2
11
48
47
12
7
4
10
14
22
8
19
13
24
15
20
37
21
8
15
24
27
31
35
18
23
18
16
12
18
10
7
6
9
15
22
13
6
8
11
9
6
12
16
10
18
15
12
11
8
9
7
8
13
20
5
11
15
14
1
20
23
9
21
11
19
19
18
15
18
36
23
11
17
11
11
29
12
3
9
29
16
8
95
164
173
156
81
14
23
14
9
52
93
85
51
47
74
62
55
34
17
17
23
14
24
71
46
16
17
14
20
22
24
44
60
58
54
55
47
49
33
31
38
35
38
32
20
24
28
40
38
41
45
46
34
19
16
16
34
40
38
33
27
21
10
22
19
5
9
12
4
1
7
23
23
15
14
33
38
32
22
6
9
17
16
11
16
26
32
53
24
57
36
21
49
41
19
11
12
22
28
38
38
45
26
39
55
7
18
22
7
22
31
18
16
3
5
4
9
10
7
9
19
14
5
11
15
9
18
14
15
13
10
3
13
18
20
15
22
11
7
4
4
17
22
18
14
5
7
4
5
20
12
5
21
11
5
6
49
62
43
61
79
53
65
68
77
49
1
10
10
19
9
3
3
4
9
5
11
16
6
32
62
46
40
30
18
8
9
36
80
38
23
15
11
10
12
16
7
3
3
9
1
2
7
12
3
1
18
21
18
22
18
18
14
15
16
6
4
6
9
18
18
14
12
13
21
20
21
19
17
7
4
13
19
17
12
14
14
13
15
14
11
10
14
9
15
15
15
4
4
2
10
30
29
11
10
9
11
13
11
1
6
7
3
4
12
11
1
1
2
26
11
6
11
13
20
19
9
5
8
9
15
14
20
10
10
11
5
8
7
14
15
16
19
22
21
20
14
9
7
24
25
22
22
21
1
10
24
22
12
2
2
9
14
31
18
17
21
23
5
10
15
8
8
36
19
21
22
15
15
11
1
7
2
9
22
37
14
1
2
9
26
12
16
1
14
16
14
4
8
39
18
25
60
46
47
36
28
23
15
7
21
13
10
25
11
15
13
28
10
9
6
8
15
11
5
10
17
26
21
14
5
5
11
14
15
14
13
11
13
16
35
23
5
16
7
15
34
13
7
10
10
5
15
29
20
13
8
3
28
17
6
7
34
29
14
25
116
166
157
118
31
19
17
10
19
86
99
69
34
62
82
52
63
19
72
44
19
14
23
73
30
14
12
21
20
18
22
37
53
42
58
106
59
44
41
35
31
35
41
46
44
44
45
46
50
65
56
42
31
21
20
25
34
37
39
29
25
20
14
42
25
4
13
29
16
7
4
8
12
23
19
22
29
29
26
13
14
5
7
18
15
21
38
50
43
95
36
40
8
15
26
28
1
21
26
17
13
25
20
23
21
15
8
11
26
13
16
37
39
10
13
15
8
13
6
13
23
5
18
25
37
14
6
5
22
24
19
10
14
21
8
0
2
20
27
16
12
18
32
39
5
9
18
19
7
36
32
4
23
23
9
12
42
30
60
47
52
62
69
61
83
54
11
28
17
7
7
13
15
11
18
17
3
6
6
24
89
81
60
20
52
17
16
66
86
38
18
13
8
7
17
22
9
3
10
11
6
10
27
31
14
1
11
17
25
13
13
6
4
6
18
23
17
22
5
15
20
19
32
33
24
23
45
42
28
4
9
7
7
8
14
13
4
8
13
16
21
11
12
6
4
1
9
6
6
9
19
36
31
14
21
26
25
45
36
3
17
25
8
5
10
11
3
2
3
32
17
16
11
7
15
15
11
11
9
9
21
11
8
15
18
20
14
9
17
23
18
19
21
10
18
27
20
17
8
21
18
14
13
1
4
12
13
15
19
14
9
13
2
25
34
14
6
34
6
12
16
5
2
15
18
41
41
15
14
13
8
13
5
1
16
19
3
2
17
24
31
35
38
2
9
21
8
8
1
10
19
63
64
53
37
21
12
21
1
5
19
9
1
35
17
19
7
25
14
15
10
8
13
5
9
15
16
29
15
17
6
8
12
11
17
15
4
7
31
26
25
12
26
21
1
10
10
34
47
13
1
0
7
25
31
15
5
22
37
6
3
4
24
4
7
52
154
167
144
68
15
17
15
4
35
94
103
47
51
87
80
69
28
47
79
52
7
13
24
66
25
15
21
27
28
31
33
41
39
38
55
78
73
44
36
33
27
22
28
31
31
36
27
35
68
102
59
33
38
33
27
28
39
54
69
62
39
9
28
33
7
24
42
10
25
30
31
1
7
34
20
16
35
30
13
50
65
37
20
20
22
15
29
48
42
67
28
34
19
1
29
32
3
5
25
20
28
83
49
9
1
43
28
0
4
10
5
28
26
9
16
14
12
7
6
19
1
5
22
12
20
19
14
23
7
13
16
17
33
23
7
2
16
30
24
8
1
31
40
24
2
4
24
29
34
42
55
12
10
32
51
5
55
19
38
53
40
21
21
8
44
59
61
51
24
5
6
25
26
22
52
59
16
15
5
2
19
84
76
36
14
22
23
34
54
10
37
14
8
15
29
10
14
9
14
12
27
30
22
33
27
6
34
19
10
15
10
2
8
15
20
16
14
17
5
6
15
30
22
40
26
26
33
45
27
26
5
3
4
8
27
13
6
4
12
12
19
20
17
2
0
1
0
10
24
11
4
13
31
27
28
19
7
23
54
14
1
3
10
16
12
0
0
3
12
31
13
11
12
26
20
10
9
18
28
19
26
16
15
13
37
19
18
12
18
26
4
35
23
7
21
26
23
20
24
20
23
15
12
19
14
14
2
18
30
18
11
23
5
3
21
32
22
21
19
18
18
11
32
28
14
12
15
12
23
13
13
15
24
28
36
54
29
54
18
10
27
45
50
29
20
22
2
8
3
31
39
48
38
36
23
27
20
15
13
20
18
8
9
12
4
10
14
35
22
13
11
7
4
9
6
17
15
3
17
16
12
6
7
9
34
15
0
28
17
2
2
14
12
33
6
13
50
67
81
39
28
7
0
34
29
15
16
35
20
21
33
30
11
11
17
55
92
177
135
29
17
18
14
9
68
104
88
36
58
86
67
71
3
71
62
49
6
16
23
28
17
17
14
24
26
31
25
34
32
37
41
35
38
37
36
29
22
24
18
19
18
20
23
45
77
97
57
40
44
33
28
33
51
60
60
54
49
22
42
33
30
40
17
2
13
7
30
27
0
18
24
22
39
16
28
11
37
55
9
4
16
26
9
24
52
31
37
32
51
16
2
9
21
54
49
12
69
49
25
10
1
47
44
8
14
11
4
10
10
16
34
12
1
0
4
10
12
6
9
3
19
52
14
20
10
1
1
13
40
11
11
9
52
14
28
26
2
8
15
6
4
1
14
8
74
80
69
26
9
10
25
5
67
43
38
76
23
1
5
4
9
24
79
61
34
11
2
25
40
41
75
52
8
7
20
54
50
90
60
19
7
16
8
12
55
29
35
32
27
13
31
21
11
2
4
23
11
9
11
31
2
23
29
15
16
11
15
12
8
21
29
21
8
2
6
0
32
39
34
35
58
33
15
8
19
47
0
0
4
4
2
16
8
8
13
11
21
10
4
0
5
3
6
8
24
16
7
3
2
2
2
2
3
21
42
29
14
15
3
1
6
5
3
2
1
38
16
13
19
32
16
27
20
16
15
12
10
12
16
12
28
20
25
10
3
19
19
34
22
10
16
14
15
17
21
13
12
7
12
17
25
31
11
4
19
16
15
25
25
6
23
29
34
24
20
22
13
11
25
28
2
10
17
16
20
11
15
17
23
31
11
21
22
28
3
8
31
38
36
33
25
9
25
52
23
25
33
29
31
26
19
11
42
31
43
24
27
21
23
10
10
20
20
10
15
14
11
1
0
8
8
13
6
17
15
11
10
3
3
8
24
24
27
45
2
8
17
14
2
33
17
30
41
37
33
44
25
32
13
28
29
14
20
28
14
23
38
28
11
8
32
74
28
82
94
18
23
22
11
26
94
98
56
38
62
77
59
48
8
80
59
32
11
22
17
14
19
15
25
26
21
28
29
37
35
33
30
33
37
32
29
24
20
18
18
15
18
19
41
50
66
87
66
42
36
30
39
41
42
38
41
43
25
25
43
45
36
9
9
25
18
31
74
39
34
39
33
11
7
15
19
20
35
24
12
33
32
47
4
28
46
14
6
18
33
29
8
18
21
18
14
35
39
21
22
16
34
47
49
14
38
36
59
27
13
14
49
28
5
10
14
15
15
24
11
5
28
30
12
5
3
24
26
39
49
3
12
4
49
16
22
14
4
3
4
5
5
21
23
23
68
54
36
64
36
40
43
34
70
69
61
90
47
13
14
10
7
17
43
26
41
81
20
11
43
55
40
11
22
15
17
35
65
52
26
21
46
16
31
42
53
59
49
59
41
6
18
25
18
10
15
38
20
29
27
27
58
57
6
2
8
8
6
6
7
14
37
21
23
34
13
3
35
21
38
39
25
33
23
6
6
29
8
0
2
9
12
13
11
2
2
2
6
9
7
1
1
3
12
11
11
7
3
2
4
1
5
4
17
28
68
45
13
15
0
1
5
15
18
10
1
47
17
24
23
32
24
32
22
5
46
35
7
9
9
17
20
25
29
17
15
19
16
15
29
16
17
13
17
18
16
20
13
11
19
8
18
24
19
12
20
11
12
14
20
20
18
13
22
24
12
22
26
26
11
7
1
10
28
12
5
6
21
19
11
9
5
17
14
6
18
30
20
13
26
43
25
16
40
34
36
34
8
29
25
25
21
13
31
33
23
35
41
23
10
14
7
22
10
4
7
18
19
15
1
11
17
12
16
17
5
12
9
3
1
2
14
36
41
18
25
37
28
27
7
19
25
27
12
20
17
13
9
14
8
19
20
18
27
28
9
14
17
20
9
10
32
46
33
26
27
23
16
19
3
59
102
79
46
43
68
67
52
34
42
73
53
18
17
25
28
16
17
27
31
24
27
32
32
34
33
34
31
29
28
26
26
20
21
17
15
15
18
33
46
58
58
76
62
38
30
35
41
34
34
36
35
44
128
55
36
37
19
12
38
22
11
32
50
13
29
19
19
31
24
45
31
48
61
12
19
28
13
27
29
21
30
15
20
33
34
31
30
45
38
5
9
35
37
17
18
25
35
19
13
16
54
37
34
14
13
23
54
8
10
13
32
25
28
25
4
3
8
7
6
5
2
13
17
74
43
7
22
1
14
12
10
3
7
9
10
20
10
10
41
46
59
57
38
51
35
64
67
68
67
36
49
73
41
16
22
4
10
10
14
17
18
53
57
33
30
52
23
15
45
20
10
21
47
41
44
60
55
47
56
81
67
65
50
41
30
15
27
23
24
17
23
18
39
46
44
39
48
27
15
16
17
8
3
10
16
19
34
20
22
31
8
24
34
38
51
38
28
21
19
5
2
7
12
15
10
11
4
13
6
1
3
1
3
6
2
2
5
4
9
11
12
11
6
3
6
14
11
5
9
15
29
29
20
26
9
6
5
9
17
8
8
43
23
35
26
24
26
28
22
15
62
67
26
12
7
17
24
26
35
26
16
20
26
16
23
19
11
16
14
12
17
19
16
12
14
15
13
13
17
20
15
14
11
10
12
26
27
11
18
16
13
24
26
29
30
21
23
15
30
58
82
41
17
23
12
1
6
10
9
17
24
17
24
29
39
32
32
18
40
13
24
28
23
34
29
35
22
18
22
36
21
33
31
14
5
26
9
13
4
4
7
16
24
21
19
22
19
17
33
8
5
15
14
6
1
3
13
29
20
10
15
24
20
19
4
38
37
24
21
48
7
13
26
20
3
15
30
20
24
13
6
8
14
22
33
40
36
25
29
15
24
68
30
9
0
80
95
59
42
62
75
51
49
47
53
58
45
17
15
23
40
24
18
24
24
18
24
29
29
27
27
28
26
21
20
21
21
19
16
17
17
22
32
45
50
55
58
65
49
33
30
36
33
32
37
37
37
33
158
177
60
43
30
40
44
12
33
53
31
15
36
12
31
50
64
64
34
73
85
10
49
53
33
72
28
20
16
25
63
62
35
31
44
36
33
26
28
36
62
32
24
51
40
13
17
14
35
29
8
21
54
65
56
9
4
6
19
29
23
9
5
8
6
10
5
9
8
4
4
30
20
27
23
5
15
18
25
7
10
15
11
18
34
32
38
55
32
24
38
17
32
63
74
50
75
38
53
28
14
21
18
2
11
23
14
10
5
14
28
26
23
58
50
42
36
10
13
30
36
43
52
46
44
62
79
69
51
57
68
26
16
17
20
18
23
18
20
23
31
40
51
39
22
22
21
20
15
11
17
20
15
21
63
13
38
35
42
42
29
58
61
22
36
20
9
12
10
0
13
14
9
11
5
11
8
2
3
6
8
9
6
7
9
12
12
4
10
6
7
3
4
12
7
4
5
10
18
29
28
16
8
4
4
4
10
8
19
43
21
27
15
15
29
17
28
42
65
56
21
21
19
11
20
12
17
19
15
29
20
12
13
12
7
12
11
11
22
17
17
13
14
32
5
5
13
15
14
16
23
12
5
20
22
6
17
8
13
11
14
19
30
41
30
67
93
122
117
104
48
26
33
18
16
6
15
27
16
16
32
38
27
11
24
22
40
19
11
24
33
26
23
29
26
26
33
25
18
24
17
14
14
24
13
18
14
10
24
20
15
20
27
18
9
13
33
10
8
12
15
16
9
12
13
14
13
10
4
12
12
7
43
45
24
15
32
54
6
16
36
21
3
18
33
15
12
4
8
5
12
19
28
45
32
18
29
10
41
82
60
32
23
90
81
48
47
73
68
44
53
59
55
57
40
21
18
20
34
37
23
17
16
16
21
23
25
25
29
25
24
20
21
20
16
16
13
16
20
30
43
51
47
49
57
56
43
34
32
37
35
31
33
37
34
57
179
233
150
72
35
30
33
18
40
45
20
19
38
10
29
51
94
69
17
41
62
9
46
91
58
60
25
26
27
48
78
84
49
43
41
47
37
44
32
41
64
42
18
39
71
14
25
21
25
28
16
23
45
63
40
17
8
5
13
25
26
14
8
9
9
10
7
9
6
4
11
3
15
24
10
10
15
20
30
20
13
15
12
14
43
59
36
52
37
23
43
11
52
70
59
48
64
41
39
24
42
26
6
6
19
19
13
6
1
0
15
26
62
79
57
49
40
13
26
44
42
51
59
43
52
74
70
47
37
51
63
28
13
19
17
20
23
16
31
50
39
43
46
28
13
15
26
15
9
15
31
16
10
12
79
11
38
27
67
41
21
34
37
12
27
24
13
14
8
4
9
11
6
8
10
7
11
6
9
11
7
11
11
10
10
14
12
4
5
2
6
3
1
9
4
3
9
7
23
44
28
7
5
5
9
6
12
17
12
41
11
11
11
24
35
14
43
55
58
20
7
32
43
16
11
37
37
17
12
28
7
13
16
16
13
14
18
14
26
15
17
16
19
38
10
11
11
12
12
17
36
22
8
13
19
10
16
7
17
56
60
54
74
110
36
121
137
129
105
125
83
34
39
32
29
10
12
18
6
16
23
26
39
19
24
31
40
29
18
22
26
27
14
20
35
29
28
10
18
11
11
19
21
16
14
25
17
11
24
22
7
10
18
6
2
4
15
14
21
18
14
17
13
28
9
8
20
22
6
14
18
17
47
33
19
8
25
41
12
15
24
11
11
19
21
12
8
6
8
8
12
18
17
32
31
18
28
5
49
63
64
56
47
77
67
46
60
73
54
45
60
58
40
50
45
25
28
25
19
42
37
22
12
12
21
20
23
24
30
28
27
24
23
20
15
16
15
18
25
39
48
52
47
47
51
46
44
34
36
43
42
28
28
38
31
62
201
224
216
104
36
15
24
34
50
33
19
13
32
13
20
53
81
53
20
13
37
46
38
64
38
39
27
23
39
53
52
81
66
53
23
70
45
27
23
40
52
33
15
18
60
11
32
39
21
22
23
23
18
26
17
10
13
8
15
20
34
17
14
8
11
3
4
7
9
11
13
4
15
9
9
36
20
10
17
18
13
11
13
21
52
66
37
42
62
52
48
33
65
55
48
48
31
29
33
47
62
19
13
11
23
15
26
9
4
11
13
31
84
66
60
54
51
44
39
46
34
49
61
49
64
66
66
56
45
51
51
38
18
24
23
25
26
19
39
56
51
47
31
20
23
27
32
15
12
12
44
16
10
13
48
13
26
36
47
32
16
10
17
27
17
16
15
11
5
7
9
9
6
5
7
4
7
5
8
11
6
12
8
8
9
9
9
9
9
1
8
20
14
8
9
3
7
3
18
38
17
11
6
8
17
8
12
15
3
39
15
11
21
32
31
18
43
49
41
7
6
33
59
20
18
79
75
24
7
25
12
21
25
29
19
22
22
16
25
11
12
12
20
28
23
25
14
16
11
16
28
31
28
23
32
43
35
37
30
115
145
145
173
189
73
112
117
111
115
121
100
63
55
31
32
13
4
19
19
16
12
16
63
36
38
30
28
26
36
18
15
33
15
18
32
25
16
20
24
5
13
20
16
16
20
27
12
5
12
26
14
11
6
10
10
5
1
9
28
25
13
11
17
34
3
11
17
25
10
16
28
35
8
37
40
12
12
28
31
15
13
10
19
15
11
14
11
8
8
13
21
25
33
26
59
53
36
10
39
51
50
51
54
50
60
46
71
67
42
48
66
52
21
36
46
22
33
30
8
30
38
28
17
12
19
16
20
20
24
28
31
27
24
22
19
21
21
25
35
48
50
49
51
45
43
43
55
40
35
43
41
31
31
41
36
34
139
215
226
125
44
32
20
30
48
27
15
17
29
16
13
48
43
52
44
22
32
70
49
12
25
79
27
24
39
66
42
69
65
50
14
60
41
8
23
33
55
25
32
24
24
30
37
35
15
10
13
22
20
7
4
0
11
6
11
22
38
8
21
8
13
0
1
9
14
12
4
6
13
7
17
49
34
15
16
18
16
14
16
23
45
45
32
29
49
70
53
54
55
27
63
47
27
21
56
59
33
38
43
15
19
24
38
15
13
22
8
19
54
28
48
57
44
61
44
48
35
53
57
50
63
48
71
69
59
50
50
48
24
27
26
28
28
24
36
48
42
36
17
15
52
59
46
55
26
12
48
27
13
31
17
15
27
51
18
22
15
14
16
41
17
1
8
12
5
8
11
7
8
3
3
7
8
5
5
7
6
12
9
5
7
13
6
11
20
16
20
38
32
9
10
5
4
5
8
12
11
22
7
5
19
8
8
8
4
46
32
23
25
16
17
19
22
37
25
22
5
19
49
19
33
59
52
26
16
35
31
22
25
25
13
14
13
17
21
9
6
7
16
16
22
30
16
18
11
18
29
52
66
45
45
91
59
78
40
79
165
187
198
174
113
79
104
133
138
144
120
107
103
37
33
17
22
45
45
34
23
19
42
23
40
24
19
26
37
17
12
29
19
12
15
24
32
40
21
12
17
15
9
20
33
33
19
2
20
37
26
27
2
27
17
17
19
19
23
21
16
10
25
23
8
18
7
4
18
19
27
35
12
55
43
19
9
20
60
14
19
19
20
13
18
20
13
13
17
21
28
29
47
43
103
113
64
24
22
53
48
45
50
42
60
47
72
51
36
57
66
47
34
45
35
13
26
25
8
14
15
25
28
23
16
10
19
18
19
26
33
29
28
28
25
22
27
34
47
53
47
45
46
42
38
48
72
50
26
29
33
39
43
44
41
31
22
183
229
152
55
55
15
7
11
14
10
32
23
11
6
22
43
81
44
30
21
30
47
21
66
101
21
39
34
89
70
57
44
45
35
38
29
36
32
33
51
30
46
33
31
52
27
11
20
6
7
12
21
11
3
1
9
3
6
21
35
15
20
7
13
2
5
12
5
2
3
15
19
14
13
19
37
41
40
41
28
26
20
10
6
16
19
16
4
53
44
45
34
25
65
58
56
23
64
47
12
70
54
17
18
29
23
14
15
19
32
7
27
28
3
34
33
43
41
49
65
70
55
55
55
53
55
53
48
33
46
46
26
26
25
27
27
23
49
62
25
21
22
22
84
75
74
114
56
48
49
37
24
62
25
24
38
36
26
17
20
14
9
22
14
0
5
13
5
10
9
6
9
5
10
21
16
15
13
7
4
10
16
6
2
22
6
11
20
38
29
28
30
16
2
5
10
11
8
3
16
25
5
5
23
6
7
15
4
39
24
20
18
8
16
33
35
16
16
21
6
10
18
49
38
20
34
44
51
19
43
26
29
16
14
6
13
24
16
14
9
15
20
17
19
23
15
11
12
43
99
127
110
53
57
115
25
40
30
39
111
88
81
94
83
99
117
121
124
138
138
127
94
56
59
58
53
44
32
40
32
24
31
13
37
45
31
29
21
7
18
39
26
8
22
28
36
22
20
25
19
14
24
25
35
46
23
6
25
18
21
18
1
22
10
33
62
63
62
47
25
17
18
13
22
31
11
19
54
37
22
29
42
41
17
22
11
45
73
16
23
20
17
19
33
31
16
42
37
65
45
37
56
94
112
106
61
45
35
48
36
52
47
51
56
56
69
35
42
61
56
50
61
69
28
10
21
29
26
19
12
31
25
24
16
20
37
26
15
24
29
29
30
29
25
22
29
48
52
48
46
41
35
44
41
50
64
46
26
24
23
42
56
44
36
38
17
99
188
202
70
48
16
16
11
30
36
26
16
10
12
16
80
57
11
48
20
23
36
38
57
30
13
32
28
26
52
13
24
50
53
62
26
71
37
44
3
21
28
22
33
9
20
28
25
6
0
24
12
7
10
5
9
7
1
2
3
22
6
7
14
11
10
5
2
3
11
18
11
9
18
18
41
33
48
48
33
26
23
25
21
15
12
8
6
2
8
8
5
5
6
13
31
17
13
14
14
4
12
15
17
30
21
14
10
9
61
26
26
44
9
11
50
48
41
29
55
59
56
47
49
71
60
62
31
26
66
36
22
26
30
24
24
14
73
79
15
17
48
70
76
99
104
92
102
120
83
61
63
120
25
54
43
43
50
38
36
6
9
2
8
3
5
4
7
17
18
4
4
9
14
26
18
16
11
10
10
8
12
9
2
11
7
6
3
16
5
2
11
13
4
4
11
5
6
10
10
10
5
17
33
5
6
12
3
30
25
19
7
3
7
45
30
22
3
8
26
14
2
20
66
27
48
38
46
14
25
12
22
13
17
17
14
20
14
15
12
4
2
12
19
18
20
21
80
95
116
170
130
60
79
92
30
24
18
135
115
31
18
23
55
53
72
104
102
119
123
144
118
75
95
122
52
38
32
37
45
45
11
2
32
45
15
17
23
3
18
36
43
20
17
19
22
28
26
39
29
59
59
26
36
30
23
18
8
9
7
14
3
4
12
28
51
41
101
84
37
70
38
16
34
41
33
49
93
102
73
29
45
36
20
20
6
95
94
12
29
20
31
34
47
30
25
83
74
150
132
120
209
109
91
86
38
52
35
23
21
42
54
44
49
74
63
34
57
69
43
46
44
48
18
13
30
52
38
15
14
29
41
19
8
29
62
39
9
22
24
26
28
27
25
26
44
50
48
48
46
43
39
36
44
53
65
133
43
30
27
37
42
33
36
34
41
33
46
187
97
34
28
14
32
23
15
33
36
45
22
14
16
3
22
63
12
30
28
25
10
2
62
71
76
56
29
11
52
51
23
30
26
41
49
58
17
36
32
24
53
17
10
9
22
7
1
33
18
9
7
10
1
0
3
14
15
8
4
10
20
24
8
4
9
8
11
7
15
22
24
21
14
20
10
1
7
22
36
77
74
45
77
49
38
15
52
53
31
7
34
5
0
5
3
9
10
13
13
12
7
8
13
37
44
8
39
57
15
19
42
44
73
55
85
84
83
107
106
90
92
119
116
139
135
147
157
122
50
24
23
25
24
16
43
56
20
27
81
128
59
142
106
83
88
89
110
88
103
111
75
97
89
77
66
35
25
14
8
7
7
10
10
6
9
6
36
21
4
0
14
12
47
20
16
2
5
19
17
12
8
9
11
12
17
7
1
7
12
2
0
6
12
7
14
10
15
12
3
0
24
8
0
6
6
33
19
11
7
40
28
2
10
6
33
77
35
6
1
27
16
24
28
60
39
1
6
15
15
21
16
13
15
14
7
17
31
24
3
21
17
5
30
54
112
110
84
79
184
181
92
46
43
94
185
124
60
44
32
38
17
21
25
66
74
104
111
134
117
52
54
79
60
37
33
41
34
29
30
16
62
50
21
32
18
20
25
20
24
18
18
25
23
18
30
44
99
144
66
10
41
21
27
42
11
7
9
17
22
20
5
21
33
20
21
23
59
96
36
20
19
17
43
83
10
70
88
56
38
36
22
23
6
115
127
17
24
18
33
28
39
32
96
107
92
123
124
148
115
56
70
27
50
119
118
74
35
30
36
48
44
33
51
47
59
47
41
46
51
44
9
13
28
17
31
28
24
27
30
25
10
24
40
62
11
19
32
25
29
29
26
38
49
53
45
44
41
39
33
45
50
45
67
111
44
34
47
42
26
30
24
29
30
54
31
118
133
21
38
6
16
16
13
31
36
42
35
7
3
18
47
72
33
56
34
3
7
31
36
44
51
25
32
45
46
47
41
67
39
2
22
28
53
8
14
23
13
28
9
8
21
15
18
41
36
45
41
5
0
3
11
15
8
14
7
12
15
1
23
18
3
3
0
9
17
13
14
30
44
62
42
15
36
70
69
64
46
55
35
9
3
34
48
24
24
14
40
22
8
12
6
16
18
22
16
37
104
118
17
20
35
24
32
37
60
77
95
62
92
88
172
187
191
174
149
160
119
135
148
123
125
136
106
112
51
31
29
22
27
23
18
31
28
102
158
154
100
145
129
139
117
130
128
72
25
12
8
9
17
7
3
7
10
8
3
3
12
21
10
6
7
4
6
3
5
7
9
21
24
66
24
0
6
29
20
18
5
7
21
16
10
6
22
30
12
0
7
8
10
6
11
9
16
24
21
2
9
6
0
3
10
33
8
12
34
62
39
31
18
32
37
33
32
49
54
42
18
16
21
35
10
5
40
48
19
16
20
11
16
31
41
48
24
24
19
41
28
47
166
148
30
97
156
97
200
119
132
104
102
166
150
67
62
80
42
30
17
21
22
39
77
103
105
118
116
63
44
42
32
28
92
46
16
26
48
50
36
14
13
24
10
14
13
9
11
16
13
29
11
3
38
126
152
103
27
30
42
11
11
14
33
16
16
31
15
24
26
22
83
31
47
18
36
39
7
37
18
28
78
53
59
48
50
55
26
35
28
28
9
116
95
23
23
18
13
37
36
105
138
97
140
122
148
75
38
61
88
129
180
178
156
124
59
34
35
36
32
9
11
58
69
42
44
41
55
21
18
28
25
9
10
33
22
15
20
24
4
18
35
37
18
16
23
28
31
26
32
44
48
46
45
41
39
35
42
46
50
47
45
63
49
37
49
40
24
25
23
30
29
48
39
114
182
23
25
23
18
15
8
30
43
35
44
44
24
35
81
85
21
47
31
20
42
28
7
17
24
21
32
18
18
88
107
83
6
17
27
39
46
1
11
25
13
12
10
16
11
9
3
8
11
7
8
1
14
12
8
6
18
22
12
18
10
11
15
41
14
10
16
25
56
67
103
137
110
73
81
129
156
132
136
130
126
172
30
1
9
27
28
4
9
7
6
5
17
6
8
24
17
21
73
106
164
93
11
10
14
17
25
26
30
28
15
16
13
13
25
27
28
37
84
113
123
166
166
129
124
116
115
130
40
30
27
30
24
25
32
24
98
151
137
131
112
126
142
137
88
37
18
16
47
84
71
72
43
53
54
6
5
3
6
1
12
6
23
24
5
1
9
15
13
12
17
9
47
114
24
0
5
6
11
4
4
4
13
8
14
32
39
22
2
11
4
7
6
1
26
37
15
26
39
31
2
9
8
11
27
34
12
19
16
26
49
43
30
60
57
10
17
46
44
12
13
27
24
22
16
42
49
34
27
24
20
17
18
37
44
19
14
20
10
17
60
155
181
133
73
93
140
146
200
77
127
166
101
79
90
82
95
125
76
47
35
26
22
11
70
88
92
100
109
88
88
76
55
26
73
49
28
24
51
39
12
10
18
32
22
19
15
7
16
20
38
36
33
21
48
97
121
53
19
27
30
8
22
24
43
42
20
12
21
34
10
26
100
95
48
39
48
19
26
27
29
42
48
26
42
41
57
45
30
31
30
28
16
83
97
29
32
17
17
38
41
96
130
105
127
160
157
36
34
165
177
176
170
152
137
118
110
63
33
37
36
25
9
18
34
54
44
42
47
13
43
35
37
18
15
20
24
17
25
22
6
17
27
27
23
22
22
31
38
33
41
51
50
46
48
41
39
38
47
47
49
44
47
53
49
40
51
55
33
24
29
32
30
46
39
83
210
56
25
36
24
21
16
28
33
34
37
30
31
34
44
24
30
35
42
36
35
27
94
83
50
42
59
94
70
64
76
54
40
67
43
77
42
2
15
13
11
5
5
14
7
9
25
8
2
6
7
18
15
19
15
7
8
6
10
18
8
10
7
30
27
24
26
14
56
90
127
181
114
117
65
115
177
119
130
106
60
52
30
18
11
15
9
9
11
16
15
46
5
17
41
15
29
72
67
95
123
27
65
33
21
26
18
30
35
38
68
24
19
37
21
25
37
12
22
29
35
91
130
156
168
139
137
141
37
30
29
29
27
31
26
47
151
136
128
125
133
141
108
55
23
20
78
113
136
127
112
130
137
119
56
34
2
15
18
7
13
34
24
26
31
10
3
10
15
20
13
10
30
36
12
7
2
7
11
5
3
8
5
2
4
50
45
14
0
26
18
12
9
9
13
36
28
30
40
28
1
13
13
12
19
29
24
10
17
32
40
53
43
52
40
9
5
28
55
26
5
22
14
17
67
44
61
35
32
23
35
14
19
21
19
17
21
21
56
71
36
143
139
75
96
143
91
142
187
140
177
149
81
51
61
70
109
138
116
118
76
59
44
29
76
71
81
57
97
110
74
68
54
33
44
48
44
26
36
22
3
14
27
22
19
29
26
23
28
17
56
42
32
21
27
44
65
39
22
9
16
53
72
17
19
26
23
15
96
73
14
75
121
81
57
57
39
30
32
59
49
31
30
19
23
26
41
77
40
35
26
27
12
97
113
27
34
19
16
25
31
47
87
76
143
192
88
47
149
131
179
150
135
141
122
96
118
71
26
39
39
29
19
11
9
30
45
43
25
19
46
31
38
20
20
18
18
16
20
23
5
17
30
30
26
27
30
36
48
34
49
52
51
49
46
39
36
41
52
47
50
41
50
54
49
48
48
57
43
33
33
33
31
42
43
43
161
150
26
37
28
30
22
14
16
18
27
25
31
32
26
19
39
28
39
41
38
22
144
99
71
61
76
128
102
78
42
65
64
101
56
51
61
22
15
11
17
7
2
8
4
5
24
18
13
15
11
22
8
11
19
8
6
15
14
12
4
7
15
19
29
25
21
35
132
107
168
151
92
131
107
83
64
127
141
58
29
18
13
14
8
4
7
6
11
29
17
53
42
25
67
64
15
69
39
30
36
20
46
25
31
129
108
123
148
129
158
111
119
78
27
33
110
122
100
75
19
22
40
61
93
136
163
122
28
28
30
28
29
24
44
152
146
145
143
129
95
68
33
30
65
97
128
129
132
121
132
95
97
76
26
20
4
29
31
20
11
28
16
13
19
14
4
6
11
10
15
14
27
14
7
19
10
4
4
9
3
6
10
9
4
18
20
11
4
25
24
10
10
5
5
14
25
28
37
30
14
6
5
9
10
29
33
22
27
37
32
35
25
37
28
25
4
9
32
45
55
44
28
22
46
37
42
40
34
37
49
15
20
18
11
12
26
45
121
87
24
124
160
140
120
98
62
139
188
180
160
110
77
75
53
66
126
132
135
145
126
112
82
30
35
44
53
55
81
81
47
45
41
53
38
34
32
32
34
18
1
15
33
28
8
26
28
39
60
55
43
41
23
8
9
16
31
30
17
18
20
89
63
7
16
13
14
37
103
69
58
89
96
55
75
40
29
52
45
72
37
37
39
14
28
17
42
111
63
34
29
32
13
105
112
21
30
23
21
23
30
79
52
67
194
126
37
89
189
54
155
150
130
147
113
94
104
55
102
54
30
28
25
17
16
14
30
35
14
15
21
25
39
29
14
14
16
18
16
21
4
18
28
29
25
30
36
42
53
41
54
51
49
51
43
38
32
43
53
41
52
40
46
58
49
59
42
51
44
38
36
32
32
38
41
31
83
215
58
30
35
31
18
5
21
18
18
27
32
31
27
34
23
19
35
40
44
23
158
115
106
112
121
147
131
76
51
73
40
116
71
69
108
55
20
21
20
8
5
6
6
3
11
13
25
16
17
13
21
15
17
13
6
19
18
20
47
3
24
12
18
27
24
69
107
93
164
143
53
136
115
42
18
88
158
60
13
27
16
11
5
6
6
11
13
19
21
143
80
19
68
86
5
30
19
26
15
21
43
59
93
118
96
140
189
153
167
151
152
56
30
24
111
180
167
156
116
90
43
13
21
60
88
58
24
28
31
26
26
19
49
190
122
107
97
71
34
26
39
75
108
128
122
103
94
90
87
36
27
20
12
9
11
20
16
12
4
11
8
3
4
6
8
11
19
24
9
10
28
19
7
22
15
3
11
9
2
14
11
8
7
5
9
14
6
12
16
11
7
2
7
9
14
13
16
21
9
4
3
11
12
33
24
30
30
27
19
16
29
39
28
30
11
11
12
40
59
48
41
30
17
31
19
37
33
36
44
42
31
25
17
36
99
122
107
67
43
92
176
192
167
95
105
150
164
138
122
108
98
88
37
69
122
120
139
138
149
142
104
36
35
40
47
74
62
38
62
38
27
46
52
39
22
31
31
35
18
23
32
32
6
32
74
87
106
98
72
66
20
5
6
9
21
53
34
24
30
67
22
13
33
43
33
55
51
77
98
88
67
51
64
25
33
71
73
37
25
52
34
46
34
38
78
136
105
34
37
33
19
82
95
18
27
26
22
42
72
132
53
109
141
45
47
91
106
21
104
167
139
140
119
89
91
92
153
44
20
24
25
27
27
18
20
24
13
10
12
33
35
30
11
13
23
14
11
15
5
20
23
26
24
35
40
42
56
49
54
52
48
51
44
41
31
45
51
41
51
41
44
61
43
66
44
45
41
36
38
34
35
39
41
37
38
185
147
77
61
30
21
13
25
19
16
30
36
28
28
34
23
20
26
36
46
27
158
126
136
154
159
155
112
68
107
69
24
124
108
128
151
75
35
48
44
10
7
8
10
5
6
4
38
57
29
4
43
26
10
20
21
16
22
45
81
8
22
8
6
29
39
78
37
45
106
148
37
126
105
57
15
39
130
55
9
24
20
18
36
11
9
14
14
33
32
199
94
30
59
81
8
16
11
44
26
20
65
118
135
48
29
110
174
128
150
119
94
46
98
90
130
166
168
169
168
170
132
80
38
10
24
22
30
29
30
28
23
18
31
106
63
38
34
29
55
88
114
117
112
132
91
55
59
108
47
8
7
3
7
10
18
23
23
6
1
5
3
7
16
4
5
8
23
34
4
11
27
16
5
18
10
11
20
8
10
18
10
6
10
9
8
14
10
4
11
9
10
7
10
17
11
3
1
7
11
10
17
22
13
36
17
24
30
22
11
16
49
46
39
24
15
23
18
26
12
28
31
22
36
33
22
28
22
28
30
57
35
30
62
125
189
188
105
112
71
92
174
184
202
175
164
134
103
88
114
125
111
68
31
67
80
94
131
133
145
140
110
73
71
49
58
66
41
31
79
43
29
40
63
47
32
37
37
50
36
36
29
29
28
76
127
129
119
95
111
82
29
30
11
13
39
77
60
31
29
25
9
25
56
100
80
48
25
96
94
91
51
43
36
41
50
70
71
4
27
69
47
111
54
93
117
146
144
38
36
28
21
50
90
21
30
26
18
57
112
102
70
127
51
37
67
54
38
27
37
125
134
126
135
88
116
138
92
20
19
20
24
34
26
25
22
18
14
13
17
34
22
25
14
11
22
10
8
22
12
24
25
28
30
39
43
37
59
48
51
52
48
49
46
44
34
45
43
45
48
42
44
62
40
69
55
40
44
34
40
40
41
40
41
43
34
94
193
118
80
33
26
26
22
15
20
31
37
31
34
27
37
28
20
31
42
18
154
127
146
159
146
146
80
98
124
57
37
132
144
162
169
56
50
84
88
18
8
12
12
10
7
14
84
96
40
21
39
27
8
31
49
33
73
86
66
28
13
16
22
35
34
66
27
24
58
108
79
99
83
84
19
24
61
24
25
45
27
25
69
12
10
12
14
49
39
124
80
45
41
51
26
84
55
53
18
22
74
136
101
33
55
119
162
122
169
90
40
102
171
175
171
149
154
149
147
172
178
157
123
61
25
31
36
33
31
31
20
21
23
21
22
44
64
82
123
158
156
129
112
140
50
18
33
106
41
7
12
11
19
56
19
28
39
11
2
8
6
15
24
15
8
3
18
19
5
16
20
21
23
9
9
19
17
10
16
11
13
16
14
9
9
12
12
8
16
6
11
10
11
20
12
9
5
4
29
15
30
25
15
42
31
24
23
20
20
16
33
41
42
20
11
20
21
25
12
31
16
12
46
41
27
17
15
41
28
28
28
70
153
208
195
188
190
202
121
170
199
201
200
191
140
78
50
75
104
119
87
48
58
55
32
56
116
132
138
127
102
89
62
45
50
37
31
53
55
55
57
65
71
43
43
73
71
47
44
51
45
53
70
133
125
117
84
73
84
52
56
77
26
25
73
63
73
54
19
19
15
19
63
110
93
28
31
59
57
77
39
26
29
66
74
49
36
23
40
78
103
151
105
139
129
138
159
48
30
23
22
30
81
26
33
26
18
43
83
29
78
91
72
66
52
33
54
39
15
34
108
130
138
120
151
90
8
20
20
23
23
26
25
25
20
14
14
17
14
17
17
28
16
7
11
14
15
45
26
29
32
38
38
41
41
37
58
48
49
52
47
49
47
43
38
41
35
45
48
42
44
60
46
65
70
36
49
39
43
45
45
41
43
46
45
35
125
93
62
45
23
26
22
20
32
29
30
38
47
28
31
28
24
31
37
2
155
135
149
157
113
140
111
147
92
40
56
142
151
163
171
35
86
108
131
30
10
16
11
10
26
35
111
70
62
64
21
38
45
49
50
91
162
126
55
38
5
30
50
40
15
73
43
71
76
60
127
73
37
42
47
20
13
20
36
68
45
19
51
22
19
16
10
23
45
40
51
30
30
14
48
158
114
79
18
18
58
89
48
54
148
153
146
140
178
95
68
152
131
162
163
149
159
160
148
156
150
160
179
155
37
28
33
33
33
30
22
27
33
30
77
130
156
156
132
146
137
134
118
128
37
43
54
47
23
13
20
39
64
104
15
11
18
9
5
13
13
17
7
26
20
10
14
6
4
14
13
56
49
11
34
18
12
12
9
14
17
27
12
10
15
13
10
12
20
15
7
11
11
15
11
17
17
17
33
17
21
12
25
50
37
19
5
4
16
5
7
26
3
5
13
14
24
29
35
31
23
50
24
26
4
9
42
39
24
21
78
175
202
187
186
190
192
194
202
198
192
193
184
131
69
34
39
40
107
113
79
69
79
20
20
36
109
128
129
94
52
46
57
65
38
20
42
74
57
89
84
57
102
71
65
113
101
68
70
67
85
108
113
145
124
106
74
91
68
44
89
115
52
32
67
74
90
40
11
28
12
3
28
35
42
26
19
10
33
70
75
46
54
85
95
61
50
62
76
48
107
140
146
129
129
142
164
74
30
28
20
21
35
37
29
25
18
24
33
31
85
107
98
64
33
28
37
38
31
4
62
147
135
138
85
13
18
15
22
25
22
23
21
22
21
25
18
18
34
30
29
31
24
16
8
11
20
47
30
28
34
44
42
42
37
42
46
68
52
51
49
50
48
42
41
37
38
47
47
44
46
45
50
49
77
43
39
46
42
44
44
49
49
48
51
45
72
119
53
77
26
19
19
19
46
34
26
33
42
32
27
22
24
37
44
3
162
138
150
164
127
149
157
152
152
54
100
154
150
165
170
95
163
118
174
57
24
27
12
4
76
38
29
46
104
85
59
105
133
63
33
163
174
125
87
27
20
19
36
41
64
100
25
106
129
78
81
40
23
9
28
13
20
33
13
26
47
14
19
56
70
20
15
43
71
73
63
25
73
56
37
86
61
81
50
15
22
35
52
77
169
149
119
138
115
75
135
125
33
105
173
150
160
160
151
160
154
150
145
192
97
10
27
25
25
30
28
31
27
70
158
161
145
131
109
132
132
129
107
126
105
92
131
98
14
23
55
78
94
32
11
11
6
7
14
23
12
18
8
19
14
13
9
2
4
14
35
96
42
51
73
27
25
16
15
22
19
17
3
19
12
13
11
7
24
31
12
21
10
10
14
10
32
31
18
14
5
11
32
35
24
23
20
25
11
9
8
4
6
29
24
20
21
41
43
12
46
63
43
15
5
23
60
15
16
108
199
190
183
188
189
184
187
181
182
187
191
166
114
95
105
88
50
48
201
190
192
103
54
38
33
59
98
104
125
51
41
31
70
56
20
26
52
114
124
137
105
97
96
83
106
122
122
98
87
66
77
129
140
135
122
84
92
117
110
97
71
118
36
15
37
87
40
13
19
57
26
8
47
44
22
20
20
24
56
103
131
117
155
143
123
142
76
55
54
34
114
139
138
127
140
153
154
123
35
31
21
17
25
35
24
20
17
40
77
65
104
125
75
41
32
22
16
17
22
8
6
142
179
107
17
19
20
18
20
19
20
26
19
20
29
102
25
26
47
66
57
38
8
17
11
3
5
30
29
29
36
47
38
38
36
47
31
79
70
51
55
47
46
44
38
33
40
46
51
43
44
40
47
40
58
52
32
41
40
42
46
48
45
48
49
58
66
156
89
135
32
38
43
46
35
31
30
30
34
35
34
32
28
36
39
2
163
152
155
168
141
155
147
146
170
117
162
169
151
165
158
172
168
147
177
140
115
97
21
12
39
36
68
28
28
84
152
172
153
112
158
151
121
90
39
121
115
24
35
125
195
56
9
56
117
3
5
13
8
19
1
26
47
21
25
137
149
64
21
101
74
5
71
143
90
70
132
51
71
74
11
119
108
12
25
26
13
84
121
164
158
70
11
22
9
41
109
128
29
75
181
152
160
152
153
167
153
154
153
156
151
8
23
27
22
23
30
28
31
182
148
135
136
128
124
135
132
131
112
130
117
77
83
124
79
19
54
14
29
84
15
14
12
22
18
5
8
14
19
5
9
15
14
12
22
69
74
65
131
95
56
99
73
36
13
5
16
8
8
6
5
8
12
4
9
11
10
16
4
4
3
10
24
5
5
4
7
14
16
26
22
4
23
30
16
21
42
12
12
62
56
44
18
30
18
7
28
33
31
24
14
5
2
62
104
135
170
169
182
182
182
192
199
208
205
183
135
93
108
142
146
131
122
150
195
181
160
60
113
120
31
80
59
12
120
40
93
87
82
88
46
26
43
211
240
245
222
229
184
167
236
239
162
34
57
85
104
145
128
119
96
58
64
11
31
102
80
53
23
8
26
44
30
12
25
19
13
28
21
70
28
93
105
47
132
120
142
152
113
35
98
69
37
69
84
116
133
137
144
124
135
144
141
149
42
30
28
23
20
36
25
18
23
35
75
91
114
109
56
41
37
23
18
19
25
24
5
42
168
42
13
24
21
20
21
22
23
25
24
19
35
90
18
22
27
87
68
81
24
26
16
9
20
15
28
30
39
41
45
37
39
45
42
52
94
59
44
48
47
38
42
34
37
45
44
39
40
39
44
38
32
70
38
33
40
38
42
49
48
52
54
60
49
139
122
132
119
125
63
18
22
36
25
16
26
29
21
32
28
32
34
2
164
150
159
160
136
162
163
153
154
170
157
161
155
170
159
155
167
150
55
188
178
160
31
14
1
55
35
2
9
68
171
162
131
175
157
130
60
50
101
190
84
24
25
105
174
84
11
30
9
44
18
13
8
15
7
21
23
32
53
96
87
45
9
5
113
41
39
50
6
13
39
17
9
40
49
108
122
22
2
113
117
72
161
105
108
114
106
174
119
21
54
158
105
169
166
151
156
159
148
159
153
147
154
141
147
19
19
26
29
32
31
26
58
206
128
143
140
129
114
139
133
130
93
80
40
22
51
50
43
73
17
27
59
36
35
38
49
51
6
25
25
24
5
3
11
21
17
14
31
129
72
32
146
77
126
133
104
62
3
16
19
47
33
15
12
6
5
2
7
6
7
5
18
12
8
9
2
3
3
1
3
6
8
28
27
15
18
19
20
23
40
31
4
13
18
29
36
30
22
22
17
44
26
19
12
20
109
197
193
180
187
195
188
191
190
171
157
145
132
117
91
125
151
143
137
131
206
223
147
152
96
93
136
155
108
76
91
107
70
40
38
111
87
119
90
72
110
138
142
150
142
143
135
141
153
154
91
64
106
110
122
150
142
118
60
30
58
87
52
69
95
59
63
91
80
114
37
6
31
26
17
13
62
145
134
160
151
149
137
134
142
138
126
81
90
53
126
139
141
138
135
125
136
126
134
147
134
148
73
36
31
26
18
21
24
27
23
40
101
110
113
51
42
25
14
19
28
32
35
34
28
13
32
31
26
24
23
24
26
30
29
23
29
27
32
31
35
15
9
15
12
26
53
24
20
32
31
28
30
36
48
44
44
43
48
49
46
37
56
85
57
42
46
43
41
36
31
39
41
40
43
42
41
37
30
57
65
32
47
45
45
53
54
51
54
64
67
89
99
83
132
192
193
96
22
33
32
33
25
24
32
48
35
30
71
21
159
147
153
160
147
163
158
151
154
154
159
161
153
169
158
161
167
154
83
83
68
73
69
94
140
36
5
3
81
27
159
157
123
167
134
164
162
141
130
24
16
31
46
26
28
48
16
19
34
82
26
13
11
22
22
3
9
42
137
42
38
108
128
45
41
25
11
7
17
28
63
36
24
56
79
61
115
25
79
161
122
120
202
76
52
113
101
130
129
138
139
167
155
164
155
150
148
149
135
152
149
147
151
130
151
20
13
20
22
31
34
24
84
192
128
141
142
143
110
140
136
134
96
11
18
25
25
22
37
70
21
21
103
16
14
67
78
23
12
32
47
82
32
1
17
26
15
5
6
38
38
57
52
18
84
140
102
105
132
47
64
118
29
11
9
6
7
8
6
1
6
9
8
12
6
10
18
19
5
7
12
8
6
26
25
21
14
5
42
35
10
10
24
11
9
16
38
39
33
19
19
45
20
21
16
81
192
185
171
163
154
146
128
117
102
93
87
78
79
88
175
152
145
146
132
179
220
166
185
193
183
190
198
189
193
184
196
204
162
109
87
145
178
144
112
152
160
172
155
156
167
152
159
169
166
105
61
54
61
65
76
77
79
72
45
22
42
64
35
42
64
52
82
63
55
59
19
27
23
23
20
15
57
107
108
103
105
119
116
136
139
139
145
129
135
142
157
154
151
153
146
137
147
136
143
154
151
164
114
39
34
27
21
22
25
26
24
37
107
112
101
47
60
29
17
22
36
40
40
43
34
28
31
30
27
25
27
28
32
34
31
23
28
30
29
32
29
20
17
17
20
14
35
36
32
38
46
40
37
46
51
46
44
46
52
48
43
40
41
64
76
59
44
40
39
32
32
34
38
37
38
39
35
36
36
40
76
38
45
49
46
49
49
55
80
82
58
37
38
57
78
106
139
169
43
18
32
36
27
27
35
44
37
56
71
48
158
151
153
164
149
166
154
149
155
157
155
161
153
167
153
155
163
166
187
119
102
53
119
161
126
32
12
11
135
139
157
144
130
158
87
70
107
122
43
36
75
22
26
35
10
43
65
23
15
29
25
24
11
15
15
16
20
16
120
79
32
81
75
85
13
19
16
20
22
23
41
67
59
68
26
113
136
85
78
42
65
126
122
50
55
59
77
52
114
160
118
139
152
157
156
145
148
145
138
157
150
148
153
144
174
43
21
32
32
32
31
21
109
183
123
139
142
138
124
138
136
133
112
86
74
23
11
29
125
101
43
61
142
87
51
35
24
13
21
36
25
71
73
35
23
20
17
9
9
9
12
54
59
9
49
129
117
104
150
116
110
106
34
9
6
8
3
9
7
11
13
12
3
5
4
8
5
19
11
12
17
14
11
26
29
12
8
25
24
22
30
29
41
35
14
22
36
25
22
20
51
53
37
75
20
67
126
107
95
89
87
85
86
78
78
80
87
94
98
123
214
158
154
143
156
205
186
180
196
198
204
207
203
199
197
199
203
217
158
149
159
162
193
173
122
189
184
200
145
111
139
184
175
175
143
103
52
46
68
92
108
109
86
54
58
57
37
47
46
63
73
90
45
36
87
74
53
21
19
40
49
41
77
47
70
85
75
76
83
91
90
93
87
87
87
93
93
87
91
90
93
88
85
88
96
107
104
108
89
42
37
31
22
22
27
23
26
29
113
113
61
43
47
33
24
24
43
47
50
49
39
35
34
29
31
32
30
30
33
31
25
21
21
24
25
28
20
16
17
18
20
14
19
45
51
40
48
35
39
43
44
40
43
47
48
46
44
45
45
45
53
67
57
38
38
32
29
30
34
34
33
38
35
33
38
29
61
51
35
49
48
45
61
68
64
48
34
44
39
76
57
63
102
147
70
33
23
22
29
23
21
31
26
48
69
45
154
146
154
166
142
163
152
146
155
156
151
157
147
158
146
145
164
131
120
77
67
80
148
163
41
15
19
11
77
170
154
142
137
115
25
22
63
59
7
59
106
8
13
22
12
58
63
29
12
4
17
27
24
21
7
14
18
7
56
55
11
27
33
41
8
17
23
14
10
7
32
51
104
103
10
127
105
43
25
37
113
127
121
82
124
141
146
93
131
151
140
130
151
152
156
148
155
154
148
161
150
148
155
141
169
50
27
37
36
28
28
26
140
172
124
138
140
132
115
137
137
134
121
139
125
88
84
106
148
119
106
129
145
140
115
80
41
16
32
24
16
27
46
50
42
23
14
13
12
26
27
23
61
45
32
88
118
111
145
129
130
115
62
5
4
14
35
37
8
23
25
10
2
1
17
29
14
17
13
12
11
13
12
26
31
12
2
24
27
25
41
35
29
45
13
16
21
10
22
38
73
66
45
94
35
49
65
58
67
72
85
96
102
108
118
125
129
141
138
154
214
154
161
144
180
201
177
194
196
196
200
203
202
202
193
198
201
210
190
200
190
184
193
182
120
188
191
179
97
121
144
133
116
124
106
97
61
41
56
101
111
120
63
34
57
45
22
24
33
49
66
110
56
69
130
107
85
55
50
51
66
32
69
16
42
85
111
110
118
121
117
122
113
114
113
109
112
99
104
96
87
67
86
89
100
99
90
102
98
49
38
34
25
23
25
22
28
23
111
97
36
46
43
88
80
52
50
55
59
51
46
46
38
32
28
30
32
32
36
30
24
23
15
17
21
23
17
14
18
19
19
16
11
33
54
48
40
38
45
41
42
38
42
48
49
46
46
48
46
43
45
49
62
52
35
30
27
32
32
33
32
32
32
30
35
33
40
57
34
38
39
55
62
49
39
32
42
56
58
74
76
50
55
93
80
69
27
27
35
26
21
27
30
43
64
43
159
139
151
160
138
160
150
147
152
150
151
157
133
154
143
146
104
65
35
28
51
101
132
157
45
47
27
14
95
166
94
60
59
56
6
14
41
27
19
41
108
22
16
32
22
28
25
19
15
10
64
26
50
92
21
12
8
7
18
21
22
13
16
27
63
15
25
57
15
5
33
38
109
61
11
99
108
22
18
106
150
91
149
122
159
172
167
146
160
146
153
154
150
150
152
142
156
161
144
156
145
139
144
135
158
54
27
37
31
25
27
31
157
159
130
133
135
128
111
134
135
134
122
143
141
130
133
140
141
126
133
142
139
144
125
91
31
27
39
18
30
67
45
30
25
14
26
23
19
36
28
14
36
37
31
76
86
57
84
113
115
117
75
6
11
20
33
25
17
15
14
7
5
7
13
23
19
12
12
10
8
12
10
35
47
22
7
17
34
34
38
32
20
40
23
22
31
32
21
43
60
73
50
69
52
44
66
88
98
109
124
135
139
147
147
152
151
156
154
161
213
153
159
141
187
199
190
194
197
199
200
204
204
204
203
204
202
203
207
207
196
197
196
176
118
185
195
180
99
145
152
83
79
102
98
86
85
53
44
63
63
69
37
25
43
22
20
21
26
30
45
73
59
72
89
74
61
61
57
38
44
15
29
8
19
52
95
104
111
116
112
121
122
124
123
125
127
114
120
114
80
40
94
112
118
113
100
112
88
47
35
33
28
25
27
25
25
20
77
77
33
45
42
111
117
101
62
59
64
55
52
53
43
37
29
25
28
30
35
31
26
24
15
18
23
19
17
13
16
19
21
15
11
24
56
47
34
46
51
47
44
41
43
49
49
48
48
50
44
43
46
40
50
58
48
31
26
29
31
31
32
28
30
32
32
38
34
48
41
36
45
56
40
32
38
43
53
56
64
58
82
69
50
82
66
73
47
42
32
22
17
27
29
53
56
41
163
144
153
158
142
161
151
152
153
155
157
159
124
163
139
102
57
42
26
29
97
125
137
154
87
115
50
35
87
96
27
19
33
25
5
33
44
30
25
15
79
36
14
97
58
4
12
15
13
36
98
20
39
92
35
10
4
27
13
20
46
20
19
34
106
15
31
125
32
16
29
59
143
75
42
111
143
59
67
154
114
53
134
143
155
160
156
152
165
146
138
162
147
147
151
139
154
162
142
151
144
137
144
137
162
62
25
37
31
28
29
37
167
158
135
137
139
132
114
136
141
141
126
138
141
128
138
139
145
126
131
140
138
133
115
67
12
28
25
22
65
97
41
12
4
11
33
29
23
37
26
18
39
13
63
82
97
31
73
123
112
108
58
14
18
16
15
9
17
11
9
7
10
15
17
15
19
8
6
6
10
13
8
60
80
45
31
22
19
22
27
27
25
33
38
38
44
52
13
25
43
76
61
53
45
49
90
124
131
139
151
176
189
168
148
150
148
153
155
164
218
156
157
139
188
207
199
198
200
201
202
202
204
210
211
206
194
188
187
190
203
203
201
190
130
194
203
191
108
123
149
116
89
144
106
77
118
74
68
55
52
48
54
34
43
40
42
41
45
49
51
51
56
57
42
37
36
47
41
20
15
17
8
12
11
18
34
48
59
57
55
62
68
71
69
73
74
71
71
73
42
17
60
77
79
91
75
69
44
32
31
32
27
27
29
28
27
19
35
50
39
39
51
98
112
123
74
61
64
59
55
54
46
40
35
26
23
27
30
30
29
27
24
23
24
19
19
13
14
20
23
16
16
29
58
39
38
51
53
52
48
47
45
48
48
48
47
52
46
43
43
44
38
46
58
46
29
22
31
30
30
30
30
33
30
32
36
39
50
44
51
36
25
34
45
50
49
52
61
53
66
93
82
98
64
53
58
63
36
23
21
29
27
52
55
36
158
154
157
161
147
162
155
154
157
159
160
159
123
172
138
47
63
59
76
86
143
135
151
144
100
123
57
82
46
18
50
62
60
25
2
72
59
24
35
31
44
29
8
130
67
15
25
19
18
39
107
39
14
45
38
42
32
53
19
25
42
29
29
22
109
46
48
141
30
23
29
105
178
150
108
149
156
118
136
130
52
32
105
161
147
162
159
143
159
149
135
147
143
152
157
144
158
161
146
158
156
151
163
156
178
66
22
37
34
32
30
44
175
157
132
126
127
119
107
125
131
130
115
140
138
112
123
123
136
114
120
128
122
121
84
36
15
19
15
30
61
54
36
36
5
17
21
31
17
39
42
29
57
37
99
67
130
87
132
149
129
85
27
17
13
9
11
22
14
20
14
10
13
26
29
22
19
14
2
5
9
10
6
79
103
66
49
24
4
8
14
24
26
25
41
42
30
39
17
15
52
78
54
54
22
69
108
113
132
136
157
195
212
168
145
151
152
160
156
166
216
154
154
142
192
208
197
201
204
202
203
201
206
209
205
201
192
183
193
206
211
212
209
215
143
203
213
150
96
102
132
174
117
164
97
91
167
86
94
88
83
73
79
40
51
69
65
47
60
76
80
87
87
85
65
51
57
64
43
19
24
38
27
20
22
29
39
46
64
56
56
54
54
53
52
48
50
52
38
38
31
48
41
26
28
43
34
23
31
29
29
35
27
29
28
27
32
20
22
22
52
80
103
113
109
116
84
62
68
62
55
54
45
39
36
30
24
26
28
32
37
35
37
29
27
26
23
19
18
24
25
21
20
37
50
44
47
50
50
50
51
53
47
47
49
45
43
52
49
48
43
43
37
33
43
57
44
25
29
31
27
33
29
28
28
25
32
41
54
46
35
26
36
38
42
47
46
49
60
55
53
83
85
96
113
93
54
81
61
45
50
41
47
44
55
28
153
159
156
162
145
164
160
158
162
156
155
163
129
178
146
73
81
69
122
140
132
117
129
127
115
73
40
124
57
13
109
85
39
53
32
74
55
6
58
60
35
28
16
71
24
27
28
32
51
9
108
63
30
90
72
102
82
56
28
18
35
51
28
5
111
114
57
82
29
33
66
153
164
171
155
161
147
160
143
65
23
28
123
175
152
174
167
156
167
155
156
132
141
165
162
149
164
162
151
162
161
155
157
153
154
53
24
36
34
31
29
48
176
140
125
105
107
95
103
111
107
104
97
139
135
106
111
107
112
105
116
104
99
85
31
25
33
18
28
45
23
15
75
77
8
20
12
31
11
34
56
35
47
74
84
46
129
140
163
146
131
70
15
11
3
9
12
37
21
23
9
16
18
35
27
24
19
26
8
5
5
6
5
66
101
49
32
20
15
22
30
34
22
23
49
47
34
37
39
36
67
84
25
43
34
88
131
130
130
129
148
146
137
140
137
150
164
164
146
160
208
148
145
133
188
196
191
190
193
195
194
198
198
186
181
191
197
205
206
206
206
205
204
202
130
199
208
112
174
133
70
163
184
116
88
158
218
93
71
65
56
42
65
34
32
49
58
31
49
64
92
100
87
81
50
41
54
59
37
32
65
90
57
29
49
60
93
89
104
104
108
103
107
102
102
109
109
105
93
73
64
85
71
58
43
25
44
59
57
70
44
30
29
29
30
27
27
26
26
24
76
176
170
135
117
124
94
63
77
65
53
52
43
38
35
33
26
29
33
38
44
41
41
37
39
38
26
22
19
19
24
25
28
42
48
54
50
47
45
49
52
50
50
48
51
46
41
50
51
46
45
42
37
32
24
35
54
45
25
31
26
28
27
26
28
27
30
43
47
42
30
42
43
42
41
48
45
51
63
58
51
63
62
88
177
212
95
77
86
82
79
74
92
80
61
32
158
159
157
164
150
166
163
161
170
156
145
168
143
178
150
145
104
85
118
116
101
108
114
107
152
96
68
101
44
19
53
51
27
100
85
13
31
20
41
22
34
49
23
13
11
20
24
62
95
7
50
20
60
151
144
104
88
39
33
35
84
75
18
16
121
152
32
14
67
67
131
162
163
154
126
161
142
140
48
32
27
55
147
142
142
163
157
151
156
143
141
115
134
145
138
133
136
139
146
138
128
116
103
91
78
33
35
35
33
32
30
50
177
132
128
134
132
120
126
131
130
126
114
141
135
122
129
136
128
123
135
126
125
42
28
71
63
28
33
70
60
33
107
77
21
24
28
33
13
17
35
10
42
47
29
55
127
115
140
125
119
106
51
18
4
8
9
30
23
18
4
26
29
30
18
16
16
25
15
3
7
10
7
63
100
46
44
43
23
30
38
44
43
47
81
54
31
20
54
57
80
92
79
101
97
114
130
150
163
141
151
155
160
156
141
177
181
189
137
162
202
140
144
131
181
188
180
178
169
172
174
170
169
180
191
193
193
193
192
192
195
203
200
198
119
190
183
162
211
123
85
143
208
158
112
195
160
89
53
46
40
29
40
17
9
8
19
39
14
45
97
93
47
18
27
34
22
31
45
48
89
119
109
77
109
98
100
104
116
107
116
106
111
112
113
118
118
115
67
32
58
87
95
65
33
45
56
78
94
128
93
18
36
31
28
30
28
29
30
32
70
134
128
132
113
82
78
75
75
64
53
51
48
44
39
33
24
34
37
32
35
34
29
36
44
51
40
26
22
22
25
34
41
41
56
54
51
50
45
49
52
46
52
51
52
49
42
47
46
40
49
41
37
38
32
17
28
56
48
24
25
26
25
25
24
28
35
36
37
51
42
44
47
46
49
44
49
58
64
62
42
83
73
91
146
222
234
110
129
140
139
142
148
158
148
144
153
143
140
148
167
145
150
148
146
138
120
136
119
116
118
149
141
143
120
106
101
111
109
99
113
122
120
34
9
24
16
36
50
45
4
41
44
29
25
16
16
13
16
12
19
23
27
29
29
12
6
35
71
61
66
31
61
37
8
66
118
60
25
82
120
87
33
29
49
52
108
96
100
94
73
82
70
56
40
34
37
45
44
46
56
60
63
65
78
82
87
104
88
67
59
48
41
30
62
137
107
108
122
121
144
52
31
36
38
30
30
54
181
152
133
149
152
146
112
148
150
146
126
137
134
119
139
146
155
137
134
145
150
54
31
79
84
12
37
59
92
43
36
84
91
34
39
65
18
8
6
20
65
75
39
39
103
102
127
122
119
115
116
53
5
1
14
10
15
19
7
28
35
43
11
4
10
4
6
4
3
8
9
116
130
118
90
65
29
63
51
75
118
122
115
106
117
122
129
134
141
125
130
158
107
143
141
154
174
142
163
173
163
174
154
191
204
199
150
175
228
159
156
139
187
208
199
219
238
217
213
208
222
203
199
209
215
215
209
205
210
214
198
187
125
208
206
219
208
201
132
169
204
207
184
185
99
78
62
38
16
37
36
19
31
12
48
62
67
85
84
63
46
29
23
26
7
61
60
74
144
129
117
158
136
117
113
122
120
132
124
128
132
119
109
113
104
110
56
19
28
52
49
54
41
27
27
72
95
81
67
32
37
32
34
35
27
25
35
36
50
88
115
132
134
105
70
83
65
59
61
55
56
51
47
38
35
32
32
28
32
27
25
26
33
32
38
60
37
32
42
39
45
50
57
53
51
50
51
53
52
45
49
53
54
53
49
53
46
37
44
41
41
37
33
27
16
20
59
54
29
21
23
21
22
26
33
35
30
44
45
39
45
47
50
46
53
50
45
46
31
88
127
150
182
176
235
198
70
59
68
70
70
66
63
59
91
93
90
90
98
117
118
133
134
142
141
87
119
139
135
146
120
102
92
76
61
73
86
83
114
106
72
79
61
26
48
120
63
12
17
23
23
15
21
19
19
29
20
13
17
37
39
47
34
5
21
34
54
64
55
52
63
57
19
75
100
68
52
99
90
89
78
69
37
47
48
42
50
60
43
62
49
57
66
62
63
53
68
72
71
76
75
77
74
69
79
71
75
83
85
83
75
73
34
98
154
133
139
126
129
39
26
35
40
29
33
62
175
155
133
135
134
129
120
134
135
134
118
135
138
120
130
133
142
117
121
132
126
107
27
10
60
17
22
59
107
78
68
118
87
51
44
62
40
55
51
46
93
88
102
55
72
120
124
118
108
109
95
69
6
3
13
12
13
15
12
1
3
17
33
18
6
2
7
3
9
11
6
150
147
113
100
87
86
105
95
131
150
154
145
128
146
155
157
150
126
110
143
84
101
146
145
141
139
142
139
156
160
157
147
177
184
168
133
169
218
151
156
137
189
194
196
162
138
144
144
138
138
184
191
171
160
162
159
171
154
163
185
169
113
162
172
170
180
207
204
193
180
185
194
167
138
47
40
38
41
59
22
43
56
60
67
108
105
94
70
43
21
14
24
23
20
38
65
77
83
74
76
69
66
68
61
60
58
51
46
49
48
44
44
45
39
33
42
32
41
51
47
53
49
43
51
56
54
61
53
39
30
37
33
34
33
25
38
46
45
60
99
117
120
108
78
72
65
63
59
50
52
48
43
41
37
31
26
28
25
27
23
30
39
32
155
127
91
52
35
43
51
59
58
59
55
49
52
50
49
47
50
55
52
52
49
48
42
39
43
43
41
38
32
26
14
18
22
57
58
41
25
24
25
28
33
25
26
35
44
27
25
49
51
51
49
51
44
46
46
48
185
154
185
207
194
235
118
50
58
55
56
43
70
106
99
132
123
90
62
84
67
69
76
76
74
75
66
131
148
95
84
81
62
98
86
80
74
44
74
87
86
89
90
37
57
92
60
34
8
6
14
20
18
20
32
41
19
9
15
44
47
37
37
20
15
33
36
32
34
54
59
70
53
69
70
68
72
73
82
85
77
64
65
55
70
73
72
71
71
76
78
88
78
76
73
69
80
67
78
82
85
87
88
83
81
91
90
88
88
79
72
75
65
50
107
149
139
138
130
36
35
36
35
30
27
58
173
153
136
141
138
135
115
138
139
137
122
132
136
123
132
133
137
124
123
131
128
142
102
32
45
62
59
97
114
120
135
120
117
105
46
20
48
43
91
56
41
11
69
119
109
118
146
140
135
113
103
79
7
18
22
24
27
15
5
4
6
53
73
34
31
9
3
3
3
10
4
140
121
112
126
116
118
107
110
131
138
134
134
140
143
141
144
139
119
136
116
89
116
140
145
157
145
139
137
134
134
127
139
159
165
159
133
170
212
146
145
135
170
184
189
138
101
122
124
116
115
172
173
142
123
138
139
132
116
131
171
149
93
82
97
96
113
159
165
130
93
76
105
122
125
73
71
87
38
36
40
77
89
78
64
66
72
62
66
49
38
15
13
34
51
53
66
68
70
74
65
71
67
68
71
68
68
66
63
65
58
60
63
68
64
59
55
45
42
52
59
62
65
57
61
71
74
82
68
51
39
37
29
29
33
28
36
47
47
56
68
112
113
98
81
77
66
59
71
92
79
68
53
40
36
31
25
27
22
27
25
40
25
58
194
38
34
69
49
58
55
59
55
54
56
53
49
47
49
50
55
51
47
50
48
45
46
44
43
40
37
37
31
23
22
18
16
24
55
65
58
29
29
30
26
21
29
42
25
59
67
46
52
51
50
57
56
46
52
38
159
156
178
180
195
211
200
81
93
76
71
109
143
125
124
130
125
123
82
62
78
75
75
74
69
78
86
156
135
94
82
97
88
71
54
79
72
39
30
55
88
54
46
21
39
43
30
22
19
16
13
20
14
18
36
33
22
14
25
26
30
32
31
42
34
61
58
56
44
54
55
66
77
79
86
87
91
90
97
87
73
72
71
54
65
68
72
74
66
74
75
88
82
84
83
73
76
78
83
89
89
83
85
85
87
91
93
87
87
77
73
74
71
55
56
102
122
111
76
32
33
32
39
36
29
63
172
148
135
134
136
132
111
143
136
136
116
135
135
121
130
138
140
130
129
134
133
126
113
53
24
77
108
99
112
120
135
148
138
134
104
100
128
129
106
51
15
52
71
114
137
90
152
143
141
116
102
50
19
22
9
31
27
12
5
7
23
31
16
8
16
8
3
12
13
15
8
133
121
129
138
146
132
110
120
135
136
131
131
136
140
141
136
131
131
122
92
105
115
139
142
150
148
136
131
123
123
119
96
112
138
151
155
161
169
162
158
159
158
161
164
152
145
155
153
155
149
151
153
149
144
148
146
127
125
122
122
108
91
81
87
94
94
107
114
111
105
61
55
81
121
122
124
109
58
79
101
112
95
75
72
61
76
72
66
58
55
38
37
41
52
59
66
72
74
58
56
64
70
72
72
70
71
72
73
77
71
69
74
75
68
73
59
43
43
49
55
69
68
69
65
76
74
76
66
53
41
35
37
32
29
33
40
46
48
66
48
93
97
93
78
74
70
84
105
105
91
89
84
60
40
33
27
25
24
23
46
42
22
83
176
6
36
109
55
52
54
56
57
55
56
53
50
47
50
52
54
52
53
53
47
43
43
45
44
37
35
34
30
26
22
21
19
25
81
83
67
63
34
26
29
21
26
20
52
96
77
48
54
57
54
65
72
58
55
41
136
171
149
148
195
197
223
132
75
73
105
128
115
86
102
77
84
106
127
93
71
73
79
76
71
70
88
140
105
97
77
71
85
88
55
65
80
66
51
56
77
83
40
32
18
20
13
11
27
31
36
34
17
16
33
45
32
28
34
21
16
22
37
48
48
67
73
65
50
62
67
77
82
89
87
93
92
90
94
82
71
77
71
64
70
70
78
74
66
71
76
89
84
85
89
81
81
76
85
91
91
85
84
83
82
83
85
95
82
78
77
73
78
63
52
59
74
77
60
29
32
26
36
37
30
66
177
145
132
136
137
133
115
140
138
136
119
134
134
122
132
139
147
130
130
138
128
124
92
28
32
57
119
100
110
119
128
143
138
138
130
140
144
132
99
43
10
60
35
54
107
87
152
137
138
124
102
102
65
63
70
68
24
10
17
21
20
34
61
38
16
19
18
15
15
25
38
131
120
127
138
138
123
111
122
132
132
130
131
134
136
131
124
131
124
102
95
99
111
140
142
144
147
138
135
130
130
109
81
101
105
141
160
160
162
164
164
160
161
164
157
151
155
160
155
159
152
153
155
151
155
151
146
128
135
143
115
94
88
92
89
87
84
93
96
100
125
72
52
60
73
91
87
83
74
92
107
98
81
79
83
72
77
86
71
67
63
52
45
37
31
30
42
59
68
52
55
58
61
67
68
68
73
69
73
77
77
77
75
71
66
65
52
35
43
44
45
65
78
73
75
75
79
77
62
53
49
39
39
36
27
32
41
45
44
63
37
63
80
84
78
71
82
102
111
96
91
97
94
72
42
32
29
23
21
30
58
38
25
132
101
55
123
154
40
42
53
55
59
61
56
51
54
50
52
51
50
51
55
52
47
46
41
44
44
39
37
34
29
22
24
22
20
37
89
85
61
83
58
36
23
59
47
97
139
157
45
52
61
63
65
62
53
53
55
40
129
173
131
140
190
193
211
194
43
91
131
119
106
93
108
86
87
88
135
127
71
71
83
84
75
76
111
121
89
74
64
67
74
75
56
77
79
77
71
56
75
98
36
29
14
12
15
25
35
38
41
32
15
24
35
48
44
42
38
22
21
31
38
37
40
57
71
70
62
70
75
85
86
92
82
88
90
82
87
76
73
85
78
61
73
76
81
73
61
74
82
90
83
79
84
81
81
76
87
87
87
81
86
79
81
85
79
89
81
80
76
70
81
67
56
53
55
60
50
38
34
26
33
35
30
69
171
143
131
135
138
135
113
139
137
134
122
122
124
125
135
142
148
128
131
134
128
126
49
39
50
51
112
104
108
118
128
127
128
125
121
130
124
113
93
41
10
34
18
28
66
66
106
121
123
125
96
80
75
67
72
48
25
14
29
40
34
46
59
38
17
26
30
6
8
18
38
126
120
124
136
126
115
113
123
128
129
127
131
135
130
123
121
126
107
90
105
83
108
140
142
145
145
140
137
138
140
92
95
104
89
144
153
161
168
163
159
157
164
166
155
153
156
158
155
158
152
164
161
153
155
149
140
135
143
160
135
107
84
86
97
101
95
103
104
103
117
83
60
62
58
61
51
57
65
75
80
73
71
81
85
84
77
82
79
72
65
57
49
37
26
10
26
45
56
51
48
58
59
64
64
68
75
74
75
71
77
80
74
68
65
59
43
28
35
30
46
66
86
74
81
76
78
81
66
55
54
43
38
38
31
31
40
42
39
53
42
37
63
63
54
68
95
105
112
88
96
96
87
66
38
27
24
20
17
53
43
41
40
160
54
134
158
164
52
25
53
58
63
63
55
49
53
50
55
49
52
52
52
49
48
47
42
43
39
41
39
35
26
20
22
22
20
49
85
78
62
68
55
33
50
85
83
130
105
182
33
62
68
68
61
37
26
49
63
35
136
169
124
134
191
192
200
225
67
127
125
105
106
98
114
108
99
86
124
133
86
68
83
86
76
81
125
108
90
41
52
63
68
70
58
86
82
73
59
48
71
81
29
19
15
17
24
39
39
43
42
28
19
26
38
45
53
57
38
27
38
39
26
25
31
46
60
75
75
74
74
88
87
93
82
80
81
78
78
71
74
89
83
66
70
76
74
66
56
75
76
85
81
78
77
70
75
78
82
81
81
80
83
77
81
86
80
82
83
82
76
69
80
75
62
56
54
56
48
37
33
30
33
34
29
71
167
143
133
134
139
136
110
139
137
136
118
128
119
125
135
144
145
127
131
131
127
88
34
73
73
50
110
103
106
116
127
109
112
107
108
124
114
108
77
33
10
18
17
34
56
54
86
122
121
125
95
76
86
72
67
50
19
37
48
51
40
39
28
22
27
34
29
13
15
16
21
123
124
129
134
126
113
114
124
125
126
122
128
134
127
124
128
118
96
90
98
75
105
135
143
142
147
137
131
139
126
81
115
99
108
151
150
158
162
162
152
157
157
158
153
160
163
161
165
166
161
166
161
159
157
147
143
146
150
158
144
118
78
77
94
119
112
110
114
115
114
97
74
80
81
65
55
57
57
65
74
70
72
80
83
85
86
76
86
78
69
57
50
36
31
13
29
41
51
49
45
61
66
68
64
69
75
77
75
72
77
79
75
70
67
53
35
28
27
19
57
66
83
77
78
77
75
78
70
58
53
45
39
37
33
33
38
43
40
54
60
26
49
70
65
74
103
106
117
88
103
96
82
55
32
22
17
17
17
64
37
47
58
156
70
169
136
152
107
17
55
62
64
61
56
54
52
49
55
50
55
54
51
49
51
47
43
42
37
41
39
36
28
22
19
20
21
59
81
76
67
54
56
65
124
90
91
92
18
133
38
65
68
70
47
20
20
46
65
34
149
170
126
128
189
193
196
216
136
132
93
85
86
80
97
96
86
85
109
119
109
70
70
77
72
72
121
105
91
34
47
56
57
87
57
82
90
69
48
45
65
73
26
12
15
23
26
38
37
44
46
28
20
19
37
48
57
67
45
39
48
33
16
19
25
42
51
72
80
73
71
83
83
91
81
76
75
73
69
72
75
87
81
74
65
68
69
66
67
79
64
79
81
78
74
63
70
82
80
81
80
84
80
80
80
82
82
82
85
84
77
69
78
80
68
57
56
58
51
30
31
31
34
33
28
71
168
141
135
134
138
134
114
137
138
139
113
139
125
120
133
140
140
126
129
133
119
38
67
101
95
47
106
99
103
115
127
116
116
112
113
135
126
122
62
19
25
24
23
73
66
66
127
138
133
124
103
97
81
74
76
72
18
52
57
48
33
24
21
16
26
34
30
25
20
25
29
124
122
128
132
124
108
111
124
124
120
119
124
128
128
124
128
111
91
101
80
76
105
127
143
135
151
137
130
138
92
91
118
91
138
141
147
154
156
150
150
152
151
154
152
158
160
159
165
164
160
162
159
158
153
144
149
147
150
150
144
118
79
74
81
102
111
105
105
104
114
103
87
93
86
59
57
66
70
69
86
82
82
77
81
78
94
78
85
87
76
55
38
27
31
20
33
43
57
53
58
68
73
76
74
73
78
71
72
77
82
82
82
77
71
45
30
37
31
28
65
65
77
85
78
81
82
78
70
62
55
50
45
40
35
40
38
47
43
52
78
33
43
99
126
96
106
109
112
91
107
98
77
47
27
20
14
13
29
81
59
47
74
147
113
153
133
145
167
39
53
65
60
59
57
61
57
53
55
52
52
52
53
52
53
48
44
42
41
38
40
36
31
22
20
17
22
61
75
78
66
62
77
120
174
114
85
63
19
71
34
58
60
67
41
28
27
36
48
44
153
165
131
128
172
190
196
199
182
90
67
68
70
71
76
72
71
73
86
95
116
85
55
67
71
63
125
110
73
48
51
62
41
78
52
83
88
69
52
48
67
78
30
14
23
25
20
33
37
42
43
26
16
18
38
54
57
69
62
56
51
27
20
23
23
48
51
61
74
73
67
73
77
83
78
76
76
64
67
73
76
83
76
71
63
59
77
72
77
82
65
79
83
76
74
66
68
84
85
84
81
82
80
81
79
81
80
82
85
85
77
71
77
82
74
62
63
58
46
32
32
32
37
31
31
72
168
140
136
137
138
135
117
140
141
140
117
133
133
120
134
139
140
125
127
138
122
56
112
112
104
61
95
98
101
115
133
141
141
137
128
142
142
141
77
21
50
39
60
134
90
84
162
145
142
124
106
73
45
48
62
49
28
38
42
41
31
23
21
9
8
29
46
23
11
32
52
117
118
126
128
120
105
109
125
127
120
119
125
125
127
121
120
100
94
108
75
77
106
122
141
133
144
145
139
136
73
110
97
78
132
125
140
149
155
144
150
149
151
150
146
154
157
158
160
160
159
155
154
154
145
147
143
140
148
148
153
127
96
74
85
78
104
101
83
76
84
93
83
91
87
51
62
70
76
74
92
98
100
72
76
80
92
83
72
89
78
60
39
32
46
37
43
56
62
65
70
75
77
80
82
81
81
76
72
74
81
85
82
76
68
52
38
50
48
43
68
79
77
89
85
80
79
75
68
61
58
54
49
46
45
52
39
44
58
49
102
51
42
89
130
116
111
114
101
98
114
96
70
40
24
21
14
14
45
127
72
49
98
131
143
143
136
138
188
93
42
67
62
54
57
58
60
60
54
48
51
53
53
52
49
49
44
43
39
34
40
32
26
23
21
19
27
58
68
75
66
68
65
90
128
139
118
42
24
75
41
52
53
61
43
32
30
42
32
63
131
143
134
127
162
184
199
198
179
58
66
73
68
72
68
66
73
61
63
69
88
105
62
64
73
61
127
106
47
42
52
61
31
36
66
93
81
65
46
55
69
67
41
40
38
30
19
38
44
45
42
31
29
32
47
57
58
71
74
69
63
36
32
46
41
61
55
51
64
73
70
73
72
80
78
77
74
60
69
70
72
79
73
72
64
55
75
62
57
72
74
80
82
81
75
70
70
83
83
80
76
75
81
76
79
83
80
83
85
83
78
74
81
84
84
68
68
50
39
36
39
38
38
35
33
70
165
144
132
138
139
138
109
139
139
141
121
130
133
121
132
137
142
125
126
138
143
130
130
103
101
92
96
96
102
114
138
142
146
142
125
137
141
142
117
62
77
73
118
151
139
99
135
140
140
123
100
58
50
38
42
22
38
28
38
47
33
35
11
2
15
39
63
24
15
40
46
111
113
124
125
117
108
111
123
129
126
123
128
123
122
123
117
102
108
92
75
81
105
121
141
135
135
142
134
114
57
114
73
89
141
134
147
148
155
146
148
144
152
152
149
153
155
155
157
158
157
152
152
147
140
147
143
141
147
149
165
147
105
93
59
49
71
106
104
98
94
92
91
89
94
64
70
68
67
77
94
94
90
74
83
82
90
91
68
68
80
65
59
54
63
65
68
83
70
67
72
79
84
84
75
71
82
75
76
72
78
82
81
72
52
57
52
63
66
66
86
92
70
67
84
63
66
70
58
60
60
59
41
35
45
39
35
58
138
141
154
59
68
107
104
89
102
114
93
104
115
92
60
33
31
18
17
22
33
44
63
49
120
113
147
133
142
138
164
164
40
63
56
45
60
55
55
58
51
51
55
53
54
51
47
48
41
41
42
35
37
29
27
26
24
19
41
74
76
77
70
76
78
76
60
74
121
71
24
74
36
45
46
54
43
39
42
58
39
77
115
141
146
134
162
190
200
209
183
66
79
87
72
70
77
74
63
57
55
48
72
103
59
60
56
57
98
90
71
51
31
57
41
38
93
118
95
53
77
78
64
54
54
61
54
38
29
49
51
49
54
51
53
55
60
63
60
70
72
70
69
60
62
71
65
64
58
48
53
49
68
76
79
80
77
73
67
63
73
69
70
80
74
77
53
41
33
71
53
68
76
79
76
78
76
67
74
87
83
77
73
76
78
78
76
79
76
85
82
85
81
70
74
78
86
81
70
40
42
46
44
41
37
40
35
48
161
138
126
104
108
101
109
113
102
101
98
137
130
104
106
97
102
98
110
106
106
119
134
105
96
95
93
93
104
118
132
139
138
128
116
130
131
133
114
122
147
120
125
125
131
109
128
127
128
122
95
82
67
54
32
41
63
56
56
49
37
48
16
15
39
41
70
40
44
70
41
109
110
121
123
111
109
115
126
127
122
123
125
123
120
110
110
106
100
82
77
77
107
120
129
135
132
123
123
103
70
108
67
98
129
135
146
149
152
140
137
143
150
148
149
151
155
154
154
156
156
156
157
147
148
139
136
140
150
148
144
106
81
91
104
65
59
68
91
107
110
98
86
85
86
73
64
64
62
73
87
104
99
69
72
84
88
88
72
68
81
71
68
71
74
66
72
72
64
76
67
72
73
79
69
71
83
73
71
78
75
81
82
69
67
66
57
66
72
60
46
71
128
159
191
212
210
207
212
223
222
215
199
160
131
120
122
156
163
169
112
71
124
145
116
66
86
110
98
113
103
78
49
33
28
20
21
27
34
72
66
47
123
99
138
131
133
141
136
203
93
46
57
41
54
59
58
56
55
57
52
50
49
48
52
45
44
41
42
38
32
28
28
24
27
18
46
71
68
65
66
73
72
81
92
74
82
156
161
80
30
50
51
47
38
39
53
56
56
100
91
145
147
128
158
194
205
199
199
168
128
145
146
96
70
52
49
53
48
34
58
93
67
61
55
54
82
98
24
23
33
95
77
91
114
119
114
93
114
105
62
62
45
48
56
52
52
63
57
55
66
66
66
61
66
62
60
74
72
72
69
67
63
62
72
66
63
60
50
60
50
68
67
73
68
61
55
64
70
70
70
73
68
74
89
62
35
42
40
61
63
62
76
63
64
69
70
74
78
79
70
73
75
80
77
77
76
80
90
84
76
70
73
79
91
81
64
47
47
44
44
40
39
39
30
50
166
120
129
114
121
110
118
123
123
111
101
129
131
115
123
123
118
116
128
127
128
109
146
119
89
93
92
101
104
117
135
119
119
115
100
112
103
116
101
122
131
101
110
112
102
93
109
113
110
128
123
57
53
58
80
81
35
38
57
43
60
45
33
36
84
71
55
32
77
154
142
110
112
121
121
110
110
116
126
127
117
122
120
119
109
109
101
105
88
84
81
83
110
121
121
120
127
117
120
87
89
104
54
112
138
141
138
145
148
139
148
145
150
147
148
148
148
152
151
153
154
155
151
144
139
136
140
137
144
150
143
122
91
79
100
102
79
70
78
99
109
100
90
90
73
78
78
73
69
77
108
109
102
78
75
82
84
83
79
77
70
84
77
74
68
70
73
74
104
91
88
118
112
112
111
116
80
75
76
75
78
81
78
76
66
68
73
62
63
111
161
205
217
214
203
192
188
187
189
194
189
187
191
204
216
231
170
106
158
163
169
167
155
132
113
96
99
96
98
112
90
61
36
29
20
21
19
29
66
72
50
53
138
116
146
117
126
134
143
159
160
51
59
51
48
47
56
60
53
53
54
52
51
46
49
47
45
43
41
38
34
27
24
22
26
27
54
65
65
65
69
72
80
85
95
97
92
90
120
95
39
44
60
42
34
26
30
30
102
71
163
157
161
145
158
204
199
187
217
207
168
168
151
88
49
42
52
65
55
36
46
94
63
57
53
54
51
94
38
50
48
87
108
129
122
130
130
112
138
122
42
57
52
60
61
63
65
68
70
71
71
68
72
65
72
68
60
70
70
68
67
63
64
70
70
69
56
46
56
86
82
61
61
65
60
56
52
58
51
58
62
65
64
63
82
65
63
50
59
57
54
54
87
57
58
62
68
74
71
82
78
70
80
76
78
80
80
79
83
84
76
65
73
77
94
83
66
58
51
46
47
41
39
34
30
67
165
129
126
144
149
143
125
145
147
145
130
133
131
126
137
147
151
123
129
149
154
152
108
96
96
101
102
96
100
89
128
118
122
115
113
130
121
124
105
111
134
119
131
135
130
112
140
137
126
111
82
52
80
84
62
72
83
84
76
49
75
82
89
86
97
56
28
84
140
124
139
109
114
119
117
112
108
115
120
121
118
117
120
114
106
107
108
103
87
91
82
79
106
119
121
116
129
130
121
71
87
90
60
124
140
141
136
144
149
135
142
142
151
150
147
149
146
149
151
154
156
150
143
143
142
141
138
134
139
139
135
115
86
81
86
106
95
83
82
93
97
98
89
84
71
75
87
80
71
94
98
101
99
75
77
80
80
83
89
81
71
86
89
83
74
70
72
76
123
83
92
131
124
118
125
123
75
75
74
77
81
72
69
74
89
67
52
103
182
213
206
187
174
173
165
159
167
173
173
162
163
162
155
168
185
145
113
69
146
172
175
185
188
195
153
79
88
82
79
88
71
49
33
27
22
22
22
38
85
69
49
55
139
125
148
126
123
125
136
144
165
104
48
49
40
47
53
53
54
56
52
52
52
49
48
48
41
42
37
37
34
29
24
24
26
26
50
59
60
57
60
72
75
65
74
78
81
73
65
80
54
39
52
43
34
28
23
30
71
57
182
158
160
145
152
179
187
185
198
246
228
182
131
91
38
37
54
66
58
34
49
85
59
69
66
64
57
100
74
46
62
102
114
121
120
115
115
106
106
130
56
57
56
68
70
70
69
74
71
69
71
75
74
59
62
66
58
63
69
70
70
68
68
61
66
67
61
52
77
55
39
42
55
59
56
55
57
56
44
47
57
65
61
72
60
72
81
60
57
64
69
81
63
78
82
57
60
74
71
74
76
77
84
79
78
84
82
81
82
80
80
64
62
73
86
84
69
53
50
47
47
43
37
32
33
75
160
149
135
137
139
134
103
137
140
133
110
132
129
108
126
133
138
103
111
134
139
137
125
105
96
97
108
92
102
109
125
144
147
141
130
140
150
144
127
121
133
129
147
153
151
111
143
149
146
122
89
140
115
59
58
72
56
36
37
61
93
150
139
117
117
34
19
73
102
103
148
107
115
115
111
109
103
111
115
114
115
108
119
113
107
104
110
97
90
93
87
77
110
117
118
117
124
126
116
66
105
72
65
126
130
132
128
135
148
139
138
135
141
139
137
143
142
145
143
148
148
140
139
142
140
141
134
137
141
137
138
116
89
85
85
92
98
98
78
89
103
100
90
85
54
76
88
82
74
93
87
92
88
76
77
82
85
79
86
91
77
72
79
80
73
69
72
83
125
76
93
127
123
127
137
108
70
76
78
70
80
78
79
75
64
61
127
197
205
189
176
168
166
167
172
165
166
166
169
164
155
153
170
177
121
96
90
67
109
155
156
174
189
214
128
56
99
90
83
73
57
43
31
25
17
17
23
42
77
77
50
66
134
132
131
127
121
126
123
143
152
162
72
40
42
46
53
53
53
52
49
49
46
54
53
46
43
40
34
33
31
28
27
26
24
41
69
68
61
70
81
74
78
76
82
92
85
88
86
80
67
36
41
44
34
29
24
19
57
60
146
164
154
137
147
159
176
182
186
253
251
221
140
123
63
101
104
42
47
44
54
59
48
63
62
63
61
76
92
51
86
123
124
116
114
108
91
100
110
62
51
62
53
68
71
66
68
72
67
67
68
62
59
50
56
61
56
64
72
70
73
69
65
55
58
62
52
44
68
54
56
48
43
51
49
52
59
58
52
48
60
64
48
50
57
55
73
72
65
101
80
77
56
55
68
62
65
64
71
65
68
78
81
84
79
85
83
82
84
80
76
64
68
72
83
83
74
53
49
47
45
44
37
32
31
87
160
145
134
136
136
132
102
136
134
136
111
129
134
114
127
134
138
124
125
134
132
135
124
103
94
93
98
90
102
115
134
147
150
140
128
139
148
146
129
125
136
114
123
142
137
112
134
140
140
126
103
126
114
114
117
106
131
83
56
83
138
147
134
122
84
30
67
105
106
98
111
109
117
115
109
106
99
107
110
113
112
108
115
111
105
105
103
94
92
90
84
76
107
120
120
119
120
124
104
68
104
61
78
126
127
128
123
126
141
141
135
130
125
124
122
129
127
130
126
132
127
121
128
127
128
134
130
137
141
137
140
113
82
86
84
87
89
97
87
85
93
98
91
79
46
68
86
81
80
94
87
97
88
75
78
83
86
81
84
99
85
75
78
78
82
81
76
89
116
76
84
111
107
112
124
94
74
73
74
73
64
55
69
82
84
157
194
198
178
161
162
164
170
172
163
169
168
163
166
159
157
158
181
131
91
97
85
69
111
144
141
153
164
189
103
55
79
80
81
61
46
40
30
25
15
14
24
40
70
77
40
82
128
133
125
131
133
127
120
138
146
169
131
44
43
43
49
52
51
50
53
52
49
50
53
45
42
38
33
32
30
29
28
29
26
51
78
80
70
78
83
69
74
87
88
93
87
88
86
75
75
39
26
39
39
17
20
35
87
74
95
156
151
140
144
151
168
178
176
249
221
222
150
131
95
117
84
30
33
43
53
42
45
54
58
61
59
57
75
79
122
131
120
110
103
104
94
98
83
36
51
59
54
64
65
67
67
72
65
65
64
53
49
45
48
56
53
66
67
69
75
70
64
53
57
59
47
52
49
30
49
43
43
46
45
50
57
57
57
47
59
62
45
48
60
45
87
88
63
123
96
78
50
44
62
62
65
63
66
64
62
68
78
83
77
81
81
77
83
78
73
65
70
68
78
82
78
55
49
48
43
39
37
34
31
95
159
142
134
134
136
134
105
139
136
136
120
131
134
117
125
135
139
131
132
138
131
131
120
101
93
93
96
91
103
115
136
139
136
129
114
126
139
135
115
112
139
100
102
136
124
100
126
135
135
130
114
114
120
164
158
117
176
147
135
127
114
135
112
112
76
37
72
132
136
123
150
106
113
111
108
103
98
104
109
111
107
109
108
106
102
106
101
96
92
86
78
71
102
124
122
119
124
121
90
74
95
50
95
128
126
129
123
124
133
133
129
126
123
119
121
125
121
121
120
125
118
117
123
119
121
125
123
136
139
141
138
115
77
83
84
88
84
85
95
91
85
91
93
76
43
60
79
78
85
102
97
98
85
73
80
86
89
84
81
97
90
79
78
76
78
81
76
95
106
73
77
102
94
90
94
82
72
69
68
49
61
113
137
149
162
198
188
173
164
161
162
162
167
171
160
168
166
160
159
159
163
169
154
96
93
103
90
57
116
139
138
143
157
172
83
41
44
59
66
47
40
38
29
24
16
16
29
41
61
54
25
100
141
137
129
129
137
129
121
126
148
154
170
104
33
40
44
52
49
50
57
55
50
44
49
46
41
35
29
28
28
27
27
27
29
55
76
84
78
73
76
71
74
89
89
87
85
82
77
75
77
60
43
55
74
60
58
77
107
82
85
137
151
144
142
149
159
170
169
222
196
218
154
112
109
95
47
27
35
46
58
44
51
55
66
76
73
66
50
115
148
126
110
99
95
97
105
112
45
43
52
55
53
59
60
64
63
65
55
61
57
49
45
46
44
49
52
60
61
62
67
64
56
48
51
50
53
70
49
43
37
38
44
48
45
51
52
55
51
48
54
60
49
58
63
50
79
96
73
107
88
67
56
47
56
59
59
61
61
62
60
60
73
77
72
75
75
72
82
78
71
61
72
68
72
80
78
60
47
47
39
36
34
34
32
99
156
141
133
134
138
135
109
137
135
135
120
130
133
117
126
134
137
127
131
138
132
131
120
92
76
98
95
94
105
115
135
130
129
125
110
124
113
133
110
101
133
91
107
131
123
95
125
137
138
132
113
131
126
165
162
130
156
165
168
140
123
154
135
116
99
80
89
142
140
138
164
104
106
107
106
97
100
103
109
109
103
106
104
102
100
103
101
95
91
85
75
68
100
123
122
117
129
116
78
78
90
46
109
126
125
129
125
124
124
125
123
123
123
122
126
129
125
124
124
127
120
122
122
119
122
116
116
136
136
138
137
119
81
80
86
89
83
73
82
88
85
84
89
72
45
58
67
75
86
103
96
93
83
72
80
89
92
84
78
86
94
81
77
75
69
74
74
95
103
70
76
105
96
89
88
75
68
63
57
64
138
187
191
190
202
186
174
170
165
164
159
158
163
169
165
167
164
158
157
160
162
169
113
100
100
103
98
72
118
135
138
147
172
137
50
41
55
56
47
35
37
34
29
21
17
18
33
47
57
38
19
114
151
148
129
127
133
134
131
118
143
145
163
173
66
33
40
51
53
53
58
54
48
46
44
44
38
31
27
27
26
25
24
24
34
65
78
95
88
71
75
76
78
89
89
84
82
79
79
80
78
80
77
92
97
106
89
92
91
76
83
104
152
144
143
150
154
165
168
190
194
213
180
114
108
99
49
34
39
54
68
51
56
58
67
68
68
58
58
155
152
124
106
94
91
97
118
115
26
46
46
51
50
53
55
58
56
56
46
52
49
47
43
43
43
43
48
49
52
48
50
47
45
45
43
39
48
63
53
66
39
39
45
44
42
45
44
51
42
47
48
59
59
70
61
57
69
94
75
77
67
52
60
49
52
56
54
56
59
61
61
58
68
70
67
70
70
70
79
76
69
57
73
72
68
77
78
64
44
45
38
36
31
31
31
96
154
140
131
135
138
135
111
133
133
132
119
128
134
120
129
134
135
124
128
136
134
136
121
88
51
93
96
95
107
112
133
128
132
131
114
124
91
134
115
106
116
73
115
113
121
100
126
139
140
131
105
160
133
155
156
134
145
156
139
130
156
139
141
123
125
131
132
145
128
118
132
107
103
105
103
93
99
103
106
110
104
103
104
102
98
97
95
93
89
85
77
70
97
123
122
117
127
115
72
79
79
53
114
120
121
125
124
121
116
120
119
122
118
120
126
130
129
127
127
129
121
122
118
117
120
109
115
133
133
129
130
112
85
79
85
90
85
72
65
67
79
76
71
60
52
63
64
72
79
92
86
87
83
73
80
87
90
86
82
78
94
87
80
77
73
76
75
89
106
74
78
107
100
105
100
72
69
61
67
132
189
182
179
176
179
181
176
168
166
159
158
158
163
167
166
162
162
155
156
153
167
145
95
104
98
104
101
109
128
131
136
150
174
87
54
72
76
59
39
35
35
33
29
19
16
18
34
51
69
50
25
128
141
144
127
131
133
136
144
122
129
141
142
178
152
42
31
49
60
61
57
53
50
51
43
41
35
30
31
29
27
24
24
23
43
78
83
103
97
77
77
73
77
86
88
84
80
79
83
80
81
81
91
117
85
91
76
71
69
69
60
74
154
144
145
150
152
163
168
181
190
195
210
174
108
114
64
44
36
61
69
48
54
56
64
74
82
77
133
193
152
130
110
101
88
93
108
80
29
46
42
49
46
48
52
55
49
49
45
45
46
44
45
39
44
42
44
44
45
41
41
34
39
45
45
39
36
41
42
55
40
38
44
43
41
36
40
42
38
44
46
59
66
76
58
61
81
81
61
66
59
57
53
49
54
53
52
56
60
62
58
55
65
66
66
65
69
69
74
68
65
57
67
73
66
76
80
63
40
46
43
36
28
29
31
93
152
138
132
133
134
132
109
135
135
133
120
129
134
124
129
136
134
124
124
134
135
136
122
94
51
81
102
93
106
111
129
133
137
134
114
113
102
130
118
117
110
67
108
95
116
100
127
138
139
132
102
147
133
154
160
143
146
134
121
131
149
99
103
111
132
144
145
138
117
101
135
105
106
108
106
100
99
103
108
109
101
100
105
103
95
94
94
95
90
85
80
72
91
127
118
121
122
113
69
84
62
63
113
117
116
117
120
119
115
116
117
120
119
118
128
129
130
126
124
126
120
122
117
115
115
106
113
125
130
123
112
101
83
76
79
91
93
85
77
63
72
66
50
47
54
69
72
68
70
81
85
78
81
77
81
80
86
90
88
83
86
83
76
72
72
75
77
87
108
75
79
105
97
110
87
75
81
85
115
142
102
163
198
189
147
128
130
162
168
152
161
160
164
163
169
157
155
150
147
156
185
109
95
99
93
98
98
112
125
129
136
146
151
100
120
87
51
48
47
41
33
32
26
20
16
24
36
51
80
59
41
147
141
118
132
133
134
133
141
133
121
135
145
142
192
102
23
47
61
65
60
55
52
48
50
38
35
31
32
26
26
25
27
21
53
78
75
84
95
78
81
70
73
80
85
87
79
81
81
76
76
75
87
107
77
70
73
64
69
74
57
72
144
147
143
146
148
157
168
186
183
187
192
249
115
109
65
36
46
65
56
47
53
49
108
177
189
199
237
217
184
140
122
112
87
59
49
40
42
46
46
47
44
51
53
50
45
43
40
48
47
47
49
45
45
46
46
47
51
48
45
38
39
42
50
49
44
45
34
46
33
35
34
60
51
36
46
38
41
45
51
60
62
62
63
62
69
58
63
72
58
64
52
50
48
49
50
63
64
57
51
49
64
64
65
64
67
66
71
62
59
56
61
74
68
74
79
62
43
48
47
40
33
32
34
102
143
136
133
129
132
131
114
134
134
136
121
128
133
128
132
138
138
123
124
136
133
129
126
96
78
84
99
94
103
114
133
135
137
132
115
112
125
122
119
113
131
99
99
98
118
94
122
135
136
132
110
64
83
114
144
179
103
98
140
141
129
125
109
110
121
130
124
112
100
122
175
106
117
114
111
105
103
114
113
113
103
98
105
106
98
98
102
101
89
85
86
70
89
119
120
131
122
102
73
88
47
82
118
123
119
116
117
119
119
116
115
113
126
121
130
121
125
123
120
117
118
118
117
117
119
110
106
112
114
111
110
100
85
75
77
87
90
92
96
91
76
73
55
54
72
63
62
67
68
70
71
79
80
72
74
75
80
81
80
76
73
73
73
65
71
66
76
86
103
66
73
98
99
95
86
110
136
139
115
130
184
160
136
116
80
100
97
152
159
156
156
155
161
160
167
158
153
157
153
184
161
82
96
102
104
98
103
110
127
129
133
137
135
131
101
72
94
78
39
31
29
25
24
19
19
27
33
51
68
43
72
144
145
135
120
139
134
126
135
144
116
127
142
148
140
167
54
39
58
61
61
58
52
49
50
37
35
28
29
28
25
24
25
26
61
76
78
83
87
83
87
81
78
79
77
74
72
74
69
72
73
71
88
102
67
76
73
67
67
66
58
50
95
167
138
142
146
156
178
182
183
187
180
234
122
163
115
33
69
57
45
52
54
28
181
246
234
242
239
242
239
165
122
120
105
28
26
37
47
44
45
46
43
49
50
46
47
44
36
45
47
50
46
43
44
44
42
45
48
45
44
38
37
35
46
44
44
37
34
32
33
36
39
47
45
43
36
42
37
46
46
54
54
49
67
56
41
58
65
61
61
52
56
57
55
53
45
64
65
54
49
45
61
60
59
60
56
57
65
61
59
55
60
73
65
67
75
62
53
46
47
47
41
33
33
101
139
132
130
130
127
131
124
122
109
112
129
125
131
120
131
123
140
124
131
130
130
129
119
101
92
89
100
96
100
117
133
134
134
134
119
112
128
108
120
97
128
113
97
103
105
82
101
135
140
131
109
54
26
25
48
125
106
121
130
140
80
119
150
168
120
150
143
88
95
104
165
96
90
97
93
80
91
93
102
112
111
101
103
108
110
101
98
105
99
101
95
80
104
126
122
128
135
104
98
96
57
107
127
123
118
128
127
131
123
121
115
124
126
118
128
124
123
123
124
120
126
122
116
119
120
105
132
151
125
119
127
108
87
84
80
92
102
99
105
112
113
107
58
165
252
94
161
110
84
82
77
77
75
74
64
70
70
70
70
73
84
73
82
83
82
92
100
94
87
74
85
99
86
126
163
125
127
104
179
203
162
146
156
181
186
194
177
161
155
159
157
159
155
159
156
155
149
148
147
201
95
93
96
97
96
96
107
116
124
127
128
135
129
100
85
89
63
38
40
30
23
21
20
16
23
33
38
62
71
24
91
134
123
144
120
129
133
141
139
132
134
131
136
146
140
154
146
43
54
67
63
58
53
51
43
39
34
31
28
29
26
25
24
33
72
78
78
78
74
77
79
71
66
71
70
69
71
71
71
78
86
75
93
94
67
69
73
72
69
71
64
54
66
165
141
145
152
154
176
175
187
212
186
211
90
118
220
133
54
38
61
50
51
44
94
247
235
231
221
189
200
168
111
102
137
50
47
45
48
45
50
48
46
49
48
47
49
41
42
46
49
49
46
49
47
43
41
44
41
42
45
36
37
34
40
38
37
39
42
41
39
39
41
31
39
39
38
38
43
48
54
52
51
49
59
46
46
54
48
34
57
52
60
56
56
56
48
63
63
54
49
44
53
54
57
58
46
53
56
57
59
52
64
74
61
48
55
55
50
49
45
46
41
31
33
128
145
127
131
128
109
102
107
138
118
84
98
132
129
124
116
70
113
126
120
114
132
138
120
103
82
81
91
93
101
113
127
141
141
136
119
121
141
114
116
78
128
111
109
117
120
93
100
138
139
133
110
169
146
115
60
48
81
140
124
84
94
162
151
134
151
140
151
96
105
113
144
197
194
187
186
174
163
162
159
147
138
136
135
132
124
112
108
105
86
88
83
65
77
103
101
102
102
72
79
59
42
78
94
93
84
95
97
101
95
91
88
97
97
101
105
104
102
102
101
106
101
99
100
104
104
97
107
110
109
102
96
91
75
73
70
80
96
98
91
88
77
71
96
223
240
78
242
147
53
54
61
56
61
67
61
81
81
76
84
87
89
89
76
76
81
87
69
57
50
55
39
80
153
140
88
212
133
155
208
139
185
179
177
164
151
139
145
144
150
154
157
155
157
158
151
148
144
141
159
169
69
95
93
92
95
102
111
113
117
121
125
135
112
96
104
85
60
53
54
38
24
19
15
16
22
34
46
55
59
14
126
133
124
125
144
128
130
145
146
134
129
136
136
141
137
141
168
129
45
60
62
58
54
42
43
41
33
36
29
28
25
28
25
38
66
73
76
75
73
83
70
73
72
80
85
85
83
77
75
73
81
75
101
97
72
77
78
81
75
70
61
65
53
126
165
142
144
166
181
189
203
198
182
209
68
43
112
224
185
56
55
66
53
40
42
144
138
148
175
194
180
152
109
99
147
64
32
47
48
51
45
49
46
49
46
46
46
44
40
38
47
55
45
45
39
39
41
43
43
46
48
39
36
32
35
39
37
34
44
40
41
40
36
48
44
38
38
35
39
44
48
37
53
45
45
34
37
37
52
56
64
65
68
63
60
56
48
46
48
50
43
42
45
45
52
51
41
49
49
51
52
51
65
64
55
65
55
42
56
51
47
39
29
34
35
84
107
153
129
99
92
89
82
110
104
102
81
138
134
110
97
77
100
87
98
92
93
105
127
99
89
87
87
93
99
108
128
128
135
127
106
112
123
127
102
92
131
99
93
95
97
69
108
107
105
126
101
181
191
196
199
181
147
138
111
124
122
142
126
106
93
139
163
155
127
115
129
235
240
238
239
240
237
238
235
233
233
231
228
229
228
227
225
225
217
221
218
209
208
208
211
206
205
192
193
179
174
180
178
174
170
169
164
164
166
158
156
154
143
138
136
137
139
138
134
133
121
118
125
127
126
122
128
126
129
127
127
119
118
110
111
109
113
124
122
125
122
118
171
245
202
149
245
198
132
120
108
96
88
88
89
83
79
74
75
73
59
49
50
57
56
53
59
49
32
15
94
181
138
94
114
181
105
132
135
159
173
163
162
164
154
157
151
151
153
153
157
161
155
138
145
156
151
151
177
117
88
84
78
87
97
92
101
109
115
118
120
117
100
81
71
54
51
52
38
25
22
17
15
16
25
34
48
63
49
21
149
127
127
118
123
141
127
133
150
144
131
134
132
138
145
144
140
165
116
48
57
57
51
42
39
39
32
31
29
29
26
26
27
47
77
71
75
71
71
68
67
65
72
78
80
81
78
77
76
77
77
75
98
98
81
75
76
76
81
77
102
96
89
97
155
136
139
149
168
173
169
165
183
169
30
50
63
179
243
200
97
56
62
49
80
118
123
113
98
114
181
200
145
97
158
180
79
24
49
44
47
47
38
41
40
41
45
43
41
44
47
55
48
46
39
43
41
40
44
46
50
46
36
35
38
40
35
35
39
43
46
45
39
42
43
39
33
31
36
45
42
41
48
50
47
31
43
60
63
59
59
57
54
54
45
47
48
45
44
51
44
42
41
41
42
37
35
40
42
48
46
49
58
52
60
59
49
44
51
47
45
40
32
27
37
50
92
112
118
121
111
104
104
113
110
108
95
134
129
111
117
106
115
101
120
118
116
96
125
107
92
84
84
86
97
108
123
103
109
108
97
104
105
107
91
96
136
106
105
109
114
92
88
134
126
139
92
183
180
163
172
183
180
182
175
186
169
188
133
114
115
144
130
78
103
126
151
219
220
217
218
214
216
215
216
218
220
219
217
221
222
230
227
224
226
224
227
226
223
223
225
231
228
231
234
234
230
229
232
232
231
234
234
234
235
232
232
230
227
225
224
224
225
225
223
223
219
218
220
221
220
219
221
220
221
221
221
219
219
217
217
216
216
220
220
221
221
220
236
225
183
210
231
228
225
222
217
213
210
210
210
207
204
195
183
173
155
141
133
125
110
96
80
63
44
99
182
131
111
115
114
126
100
111
162
177
157
155
162
151
152
158
153
153
150
157
161
162
160
148
145
137
145
154
161
78
96
99
97
100
96
92
92
105
110
113
111
110
97
88
63
52
51
45
31
30
22
19
18
19
27
38
56
65
28
78
133
98
134
123
106
135
141
127
136
146
141
131
133
130
137
140
140
147
168
111
45
49
46
44
39
36
34
33
31
28
25
26
32
51
72
74
71
75
66
63
68
67
69
78
79
76
75
80
78
78
77
77
89
92
80
74
72
70
85
84
102
93
72
68
109
152
138
145
152
146
144
145
166
152
17
43
45
104
224
233
196
103
55
83
123
131
121
110
108
89
92
146
168
119
130
187
173
69
31
47
47
46
37
36
38
41
42
38
42
46
52
56
59
47
49
49
44
39
43
46
52
52
40
37
40
34
34
37
35
41
46
38
35
39
39
35
31
33
35
42
41
54
48
44
52
35
48
72
63
64
47
48
44
42
44
45
46
46
41
49
47
40
37
40
36
33
37
39
37
42
37
41
49
50
56
58
48
47
50
50
46
43
35
35
41
47
48
48
94
137
137
124
114
126
134
130
113
127
130
120
127
129
130
127
125
132
137
128
116
100
88
74
79
86
94
106
125
123
129
127
118
122
134
131
116
94
134
115
116
127
126
107
91
139
137
139
102
167
204
202
204
199
186
174
171
171
168
177
146
129
127
134
118
118
130
125
124
212
214
211
213
208
207
210
210
212
214
213
213
214
215
221
222
220
220
217
217
218
217
218
219
221
219
225
227
228
224
223
225
226
228
232
232
232
231
231
227
227
228
230
232
229
232
232
233
233
231
230
231
232
232
231
231
231
232
233
235
235
234
233
234
233
235
235
234
234
234
233
237
200
179
205
213
215
221
220
215
222
227
234
234
238
236
235
235
238
232
225
217
206
207
202
190
174
144
145
132
105
109
109
102
100
93
137
169
160
147
151
153
145
152
144
144
147
146
155
160
157
154
143
145
135
138
164
133
65
97
95
99
85
97
91
92
103
108
112
110
104
88
81
77
78
53
33
26
28
24
22
22
21
25
46
57
66
17
160
83
79
124
126
112
116
136
129
121
135
149
132
132
129
135
135
142
140
151
161
96
43
44
42
39
35
35
33
32
25
27
29
33
58
78
73
75
78
68
65
71
69
68
72
72
72
73
79
78
80
84
79
81
84
80
74
71
66
76
77
112
100
66
49
57
132
150
151
153
134
146
146
173
134
16
38
42
58
137
236
236
189
92
112
133
117
105
107
111
96
80
82
110
121
156
167
183
171
48
44
51
46
44
43
44
46
46
40
47
56
58
61
65
56
53
48
48
46
49
51
51
59
51
41
41
34
31
35
34
41
49
34
35
30
32
32
33
35
36
44
47
59
45
42
55
39
54
66
57
52
40
44
38
37
43
39
36
43
40
47
46
39
38
36
35
38
43
41
36
38
34
37
47
47
57
63
51
47
53
48
44
44
35
38
42
44
29
33
115
123
125
119
106
125
134
134
114
115
134
123
120
131
133
127
122
125
131
132
115
97
81
66
58
81
95
100
124
136
136
137
127
125
138
136
127
100
135
121
110
132
128
115
110
138
136
127
119
83
94
105
100
100
102
103
91
100
123
102
114
116
130
121
130
132
110
96
69
213
212
210
210
206
205
208
208
208
210
209
210
210
210
211
213
213
216
213
212
210
212
213
212
209
213
213
215
215
211
211
212
213
214
216
218
218
217
217
213
214
216
218
220
218
219
219
219
220
218
218
217
219
220
219
218
217
220
223
224
225
225
222
222
223
225
225
224
224
223
221
212
186
176
187
201
195
200
205
201
207
212
221
222
221
217
217
222
223
222
214
218
225
216
170
143
137
124
107
86
95
100
86
82
75
81
146
146
141
146
139
142
146
147
140
138
145
145
151
155
150
142
140
150
144
144
154
99
85
96
94
95
87
103
94
91
96
106
111
109
96
91
81
82
74
45
35
26
22
26
26
26
23
37
56
62
59
55
181
50
79
104
122
123
111
124
132
120
120
139
135
135
130
134
137
139
139
134
151
152
87
40
41
37
35
38
37
28
26
27
28
35
63
77
77
78
78
82
82
72
68
67
73
66
68
72
75
75
81
82
76
82
78
75
80
77
65
71
69
119
107
64
39
44
86
155
163
151
136
148
152
187
94
23
37
42
46
59
141
195
186
109
97
95
94
96
95
95
93
94
77
73
103
170
164
157
195
134
27
48
44
44
44
44
48
48
45
50
53
60
60
63
62
56
49
56
55
59
55
50
54
56
48
40
37
33
37
35
45
47
32
46
27
29
33
33
38
39
51
53
62
45
47
55
41
55
49
55
46
41
40
37
48
43
38
34
37
41
44
42
39
37
35
37
40
38
38
36
35
33
37
47
49
69
58
60
42
53
49
49
45
38
36
37
42
38
46
123
105
113
112
102
116
127
130
118
106
122
114
114
125
130
118
114
111
116
116
103
93
75
52
39
77
93
88
116
135
134
133
119
119
128
129
120
108
125
114
96
118
114
98
104
118
118
113
103
45
23
37
23
67
113
104
124
102
119
75
81
89
118
104
181
157
100
109
72
210
210
214
213
210
211
212
213
211
215
217
215
216
214
214
215
214
218
216
214
211
217
217
215
211
216
213
216
215
211
212
214
213
213
211
215
214
215
213
210
213
215
215
215
217
214
215
214
215
214
215
214
215
215
217
215
214
216
220
219
222
222
220
219
221
222
221
219
219
217
217
201
180
170
184
191
190
201
209
208
210
214
217
220
213
211
207
205
196
190
194
203
185
135
83
55
58
70
77
86
84
79
69
63
47
89
132
128
132
138
125
134
142
138
138
136
147
146
147
151
150
139
148
157
153
163
127
62
83
75
78
77
84
89
81
81
92
108
110
105
94
97
73
62
54
44
39
24
20
24
27
27
24
47
56
54
48
126
109
60
89
91
105
118
116
114
125
128
122
124
133
134
129
129
138
135
136
137
131
154
140
62
30
38
37
40
36
26
29
25
27
37
69
79
82
81
75
83
84
70
64
62
76
75
67
70
72
71
75
77
71
86
76
72
79
78
63
73
75
111
106
64
37
53
56
139
168
141
146
140
155
178
49
34
38
41
47
38
42
104
117
88
64
71
88
88
87
82
81
95
95
81
80
140
170
152
161
202
31
38
42
40
41
45
51
53
53
53
49
55
55
58
60
58
55
56
59
62
55
49
48
57
54
41
39
37
38
39
41
43
36
45
25
27
35
37
44
50
53
56
67
48
50
52
41
52
42
60
49
48
51
57
49
51
43
39
37
49
47
44
44
36
36
40
39
31
32
35
35
32
40
40
59
82
52
68
48
53
50
53
45
41
33
32
42
53
53
107
97
105
108
97
107
127
127
116
106
108
97
105
115
123
108
98
102
104
102
89
85
78
56
57
92
107
103
119
136
136
133
120
122
127
128
115
112
116
111
102
113
110
83
92
108
104
97
78
49
20
32
34
118
160
132
163
147
136
88
86
79
100
116
168
153
108
120
100
167
181
168
169
175
173
180
182
182
189
193
191
192
193
195
196
196
199
202
201
201
210
211
211
208
211
213
213
215
214
215
213
211
214
211
216
214
216
214
212
217
218
217
218
222
217
220
219
220
219
220
218
218
220
222
220
220
219
222
223
226
224
222
221
223
224
223
220
218
220
215
200
177
165
187
198
200
210
211
212
210
212
212
215
212
210
210
202
196
197
204
179
122
75
77
74
80
90
88
81
78
69
66
62
48
113
136
126
128
120
119
126
135
137
134
137
146
147
143
146
153
145
153
157
158
181
102
41
55
50
51
53
55
58
53
59
81
113
108
100
88
87
54
42
48
46
29
21
25
20
21
23
23
35
42
31
74
145
23
80
99
99
92
101
112
109
111
128
131
125
127
129
131
125
132
133
132
134
133
129
146
114
40
33
36
38
32
27
26
24
28
40
65
75
75
83
75
71
69
67
61
64
75
86
75
73
74
72
73
80
69
93
79
77
74
72
58
76
78
96
94
62
43
55
56
111
167
145
151
134
161
147
27
38
39
40
47
50
32
42
80
74
77
112
121
86
83
82
75
91
95
87
73
104
172
160
150
196
79
30
45
45
50
55
57
63
59
56
53
53
56
56
54
56
58
52
59
60
57
50
50
59
58
47
42
39
39
47
44
50
52
39
37
43
47
50
52
60
53
58
64
39
43
46
39
45
52
64
48
57
106
137
54
44
41
40
44
50
46
41
43
39
39
39
35
30
28
34
30
33
46
36
65
80
59
68
58
51
49
49
43
40
30
29
38
60
58
92
94
93
93
85
95
115
117
103
111
102
89
94
100
104
94
86
91
86
86
78
80
86
81
87
100
107
112
115
120
120
118
115
113
119
115
107
101
105
119
114
109
114
95
104
127
121
110
100
71
48
48
73
145
139
117
114
145
135
107
128
113
111
140
90
121
111
101
104
96
116
55
60
70
68
77
83
85
88
93
96
99
101
103
107
112
119
128
133
135
142
151
150
149
158
167
166
169
176
177
172
175
181
182
193
191
193
196
201
206
207
207
212
215
212
215
215
217
214
216
214
213
217
218
216
216
215
216
222
222
219
215
214
215
220
216
213
213
214
212
199
176
162
178
206
203
212
211
219
211
208
211
204
207
206
198
195
198
204
160
91
74
88
91
86
88
86
78
78
69
71
71
69
74
109
150
131
129
122
121
121
134
143
137
139
142
146
147
140
144
144
146
153
161
183
79
46
55
58
56
55
48
49
47
40
56
107
104
91
67
68
51
46
41
28
19
23
28
18
16
18
26
26
28
37
138
77
13
75
106
125
107
93
102
108
106
114
122
135
128
131
133
125
124
132
131
127
131
129
126
143
99
33
28
33
32
23
19
24
28
44
55
56
67
81
79
74
69
65
65
71
74
76
79
77
77
76
83
80
74
105
87
81
80
74
62
76
65
81
73
53
51
54
63
91
172
161
149
137
166
109
29
34
37
35
43
50
41
61
82
82
150
179
185
106
78
87
75
82
91
82
88
86
165
164
153
174
130
27
50
56
62
62
62
60
54
58
54
57
57
53
47
54
58
59
60
59
61
53
53
55
60
56
50
46
53
60
67
59
61
48
63
71
68
60
55
57
56
58
47
24
31
45
43
35
61
54
45
82
176
235
121
47
44
49
57
47
63
57
42
42
50
35
32
32
33
40
31
41
49
46
59
63
61
62
53
48
50
47
41
39
27
29
33
54
66
70
80
84
74
70
78
84
96
96
101
88
90
87
78
74
78
88
75
64
66
63
80
91
106
95
88
81
84
98
102
104
101
99
98
107
101
103
97
96
131
115
94
113
112
112
115
125
138
139
122
120
110
121
140
132
130
122
126
142
141
161
155
138
126
87
136
118
113
115
127
119
66
73
65
70
65
66
68
61
60
62
60
63
57
57
56
55
62
51
50
49
62
55
48
51
51
53
60
58
59
62
65
67
67
74
73
76
79
86
85
90
91
100
104
104
104
106
110
108
114
116
116
119
120
116
117
117
120
126
127
125
118
115
120
126
121
115
120
108
171
213
175
169
116
136
160
159
166
180
180
183
189
182
191
202
157
179
189
138
73
73
86
86
83
88
83
74
68
71
63
67
64
63
65
65
136
125
126
136
129
131
130
128
127
127
138
144
157
147
134
138
142
152
165
164
45
46
53
65
59
54
57
51
61
58
51
79
111
94
76
67
56
43
38
34
30
24
20
16
15
19
29
47
22
104
127
39
41
57
92
126
122
108
100
101
109
107
117
127
133
130
134
127
120
128
131
135
132
127
125
119
126
94
35
21
25
21
17
24
31
56
116
113
108
105
103
105
93
89
83
78
71
73
71
77
80
80
86
87
81
108
105
82
84
84
87
74
63
74
69
61
57
56
59
67
184
159
155
152
168
64
35
35
34
34
35
46
46
69
71
99
206
201
196
131
82
82
80
74
95
85
93
76
140
165
159
158
141
37
56
55
55
52
67
58
50
54
55
54
46
41
49
61
62
58
60
53
58
47
53
54
51
52
60
62
74
67
57
47
43
34
31
37
52
58
52
45
53
55
39
32
34
65
64
42
43
28
44
134
155
175
202
150
85
80
86
90
170
177
88
42
56
54
52
52
52
62
70
63
56
62
58
54
49
56
44
43
51
49
45
38
27
26
29
41
38
21
34
63
65
44
65
78
80
81
69
55
53
60
57
59
73
75
71
62
53
56
71
99
137
145
134
137
142
150
169
169
159
156
154
146
153
152
156
149
144
147
139
136
120
82
30
40
65
90
89
105
128
139
143
157
170
176
154
154
132
125
111
98
120
129
113
118
120
127
137
128
73
75
70
78
77
77
80
81
83
83
83
83
84
80
86
86
79
104
82
83
88
85
84
85
82
77
74
76
76
73
75
75
71
69
69
72
71
71
69
72
63
61
63
61
58
61
65
63
65
65
65
66
70
68
67
67
70
69
66
65
69
72
67
67
68
65
75
60
158
219
174
172
125
122
137
97
82
77
75
67
58
133
191
182
86
51
75
98
87
83
82
78
73
69
60
61
61
45
45
62
115
87
34
41
105
124
111
121
127
125
125
126
128
126
134
143
150
143
130
142
147
141
177
138
41
60
65
62
64
61
60
62
61
58
44
40
91
91
102
72
57
49
42
36
28
25
25
16
14
28
42
16
76
169
39
64
42
49
69
104
114
115
111
105
105
113
110
122
121
126
128
131
128
123
130
129
132
127
125
119
115
114
79
26
24
22
17
30
28
64
232
254
254
254
254
254
254
252
240
235
219
215
205
191
176
164
163
147
134
131
116
100
95
84
77
66
47
84
64
43
39
33
36
27
152
202
169
167
159
54
42
33
32
40
45
53
66
98
71
135
223
197
206
158
94
102
87
80
104
104
98
95
123
171
160
154
141
51
67
61
39
64
66
74
52
27
39
37
29
31
46
43
45
60
62
49
35
28
48
77
63
73
55
43
42
35
38
52
72
69
94
50
29
44
67
41
67
62
60
68
56
42
62
68
48
31
35
122
145
151
117
169
75
49
65
98
227
206
168
113
71
72
79
81
72
70
73
70
90
80
70
62
55
63
46
33
48
50
41
34
30
24
37
42
34
33
45
40
42
32
45
68
60
64
44
19
28
48
43
63
68
56
56
57
54
63
72
62
50
70
67
74
67
95
75
49
52
54
59
63
78
80
65
73
75
63
68
79
91
83
93
80
69
63
66
66
56
59
72
61
48
37
54
67
95
85
83
108
115
114
104
115
126
115
138
124
71
79
77
69
77
79
77
79
80
79
83
83
79
75
76
64
184
219
65
78
81
84
78
79
78
74
70
68
76
78
71
66
72
68
72
72
77
82
81
81
77
76
81
84
82
81
83
82
84
83
85
85
89
90
87
88
88
85
89
83
82
85
82
88
92
89
96
77
174
204
172
173
161
163
165
127
104
89
76
86
155
188
170
159
149
126
198
178
62
73
70
66
53
59
56
53
145
148
141
151
166
156
96
31
42
128
121
121
126
115
115
122
137
146
146
149
135
117
131
141
140
138
195
91
47
53
44
45
50
51
55
53
52
59
52
47
51
63
95
87
63
51
44
37
29
26
23
24
33
23
17
117
197
52
40
70
49
59
75
92
119
118
117
120
117
111
112
111
126
118
123
131
133
128
133
135
134
127
120
117
109
113
100
71
30
14
19
33
37
27
180
236
212
219
222
226
226
233
236
236
239
244
249
248
246
248
247
247
246
206
193
244
237
228
219
219
209
210
214
211
210
196
173
143
141
223
177
173
136
74
79
70
71
72
72
73
79
81
53
143
215
202
203
205
100
71
74
59
79
96
106
103
108
180
170
173
137
95
106
102
97
83
70
83
87
78
59
38
47
66
46
48
53
46
55
58
59
42
34
56
54
37
37
52
43
40
25
8
23
61
62
118
129
104
119
54
66
26
16
16
43
54
56
54
66
74
65
67
89
111
76
73
48
52
77
64
78
82
89
101
85
65
73
78
92
97
96
88
89
75
59
54
49
50
43
41
52
57
48
41
35
27
47
54
51
46
60
87
92
89
90
84
76
79
68
69
76
68
63
63
69
73
89
80
77
109
90
94
107
109
114
129
148
120
120
116
122
119
116
121
124
122
142
145
127
126
133
124
124
135
124
130
134
131
132
145
137
127
133
129
134
126
120
121
132
130
144
131
124
125
126
127
126
130
151
120
76
74
76
77
74
74
76
77
76
80
79
78
79
76
70
107
225
167
71
79
79
89
83
82
74
75
75
68
74
78
73
68
74
69
74
71
75
79
77
75
77
76
76
75
77
76
78
79
80
78
83
85
85
86
85
85
88
89
90
90
84
80
83
85
83
79
87
66
170
204
170
178
175
170
154
94
92
120
133
187
180
154
129
129
170
184
210
113
52
60
52
48
44
47
46
29
43
117
104
105
110
115
130
103
25
87
128
112
116
111
107
118
121
126
129
124
130
128
129
129
125
123
180
91
102
96
97
83
83
86
68
71
61
55
58
44
49
48
44
40
54
54
48
36
26
26
26
11
16
54
161
182
47
27
46
68
59
69
82
91
103
121
120
121
123
126
122
120
121
120
122
131
134
138
139
137
129
123
118
112
109
103
104
99
84
32
15
34
37
27
77
239
215
216
216
216
222
217
215
216
216
214
213
214
215
216
216
217
217
206
193
223
213
218
219
218
215
223
227
233
242
241
240
233
227
207
199
206
212
221
220
220
222
224
222
220
211
203
188
206
218
206
210
226
189
137
129
121
116
134
131
114
114
174
165
180
144
88
78
68
60
55
55
57
64
77
82
77
89
87
77
73
65
70
71
67
86
70
70
79
101
96
97
85
86
94
87
88
84
100
85
204
228
192
217
175
88
98
89
83
88
81
83
88
72
69
68
64
65
72
62
63
68
66
71
75
91
95
96
88
89
68
76
91
96
90
87
75
73
61
61
71
70
62
46
50
52
51
49
41
34
32
62
79
78
69
63
54
54
55
59
62
57
59
59
62
67
73
80
81
97
103
117
112
100
110
101
110
102
98
97
94
106
100
101
98
95
103
106
102
113
121
158
144
112
109
107
111
117
119
120
127
127
127
126
131
127
127
126
130
125
132
128
127
129
130
129
126
123
119
120
120
122
125
157
119
75
73
73
74
73
73
74
79
79
76
75
76
77
77
71
124
210
163
80
74
85
96
90
82
73
74
72
69
71
74
73
71
71
70
74
69
79
77
76
75
75
77
77
76
75
77
77
78
76
78
81
80
77
82
80
85
82
92
90
88
85
90
90
92
94
87
90
66
177
200
172
179
172
157
150
144
146
136
172
166
142
134
137
157
148
122
151
56
37
45
39
36
43
39
40
35
11
48
108
90
86
101
115
130
62
60
118
84
95
101
103
107
107
108
99
104
113
113
122
117
107
107
166
68
80
94
88
92
101
95
97
108
97
99
94
80
76
65
49
43
41
51
50
36
24
22
20
72
133
163
120
55
14
57
47
67
66
73
87
105
113
118
114
116
126
134
130
128
128
128
129
130
138
142
138
135
127
124
118
109
107
102
100
92
84
37
20
30
32
34
31
235
220
213
216
215
220
215
215
215
213
214
213
215
216
216
219
216
214
214
195
218
217
218
217
217
214
218
219
223
225
224
222
218
215
202
197
201
205
209
213
213
220
222
227
228
231
230
228
222
217
214
218
225
230
227
224
222
220
225
223
215
205
214
210
212
205
185
186
174
158
158
160
160
163
168
165
162
151
144
139
131
125
125
114
108
106
106
102
101
97
100
98
92
105
103
93
87
86
71
115
235
212
188
189
201
69
70
70
65
64
65
76
82
77
69
74
75
77
81
83
90
92
95
98
96
104
105
96
99
104
89
90
99
93
84
87
82
86
89
79
93
86
84
59
47
54
49
47
45
36
32
55
78
83
84
76
71
65
57
56
59
59
62
61
56
54
61
58
64
68
72
75
79
84
88
91
93
98
97
107
101
103
111
115
107
102
102
103
98
102
102
103
105
104
102
103
98
108
108
108
110
117
124
121
124
114
118
124
122
119
115
117
112
116
121
114
124
123
119
117
119
124
119
160
115
73
76
73
69
71
75
72
77
79
77
77
78
74
76
73
118
205
167
74
71
84
96
92
77
72
73
71
67
67
68
71
71
77
69
74
76
79
74
74
74
75
76
76
78
76
76
76
77
74
77
78
77
79
75
78
78
79
83
83
87
89
86
91
89
77
85
108
67
179
197
174
178
160
160
162
146
101
129
165
152
146
138
121
103
91
83
113
21
27
38
33
34
29
36
37
34
15
16
93
91
86
87
98
115
64
47
117
83
85
86
87
83
85
91
83
88
89
95
85
84
93
113
145
67
79
84
67
87
86
80
85
81
72
79
73
86
72
70
62
53
41
37
40
29
25
24
116
149
118
85
34
13
9
31
43
71
64
79
93
107
116
117
116
124
134
137
140
136
134
139
141
146
147
138
133
129
125
124
119
111
103
102
103
102
76
43
36
27
32
25
46
238
205
204
204
207
212
211
206
208
210
211
211
212
214
216
216
217
216
220
198
213
219
216
218
217
216
219
220
221
221
215
213
214
208
204
201
199
198
198
201
206
210
211
210
209
209
214
216
215
216
215
219
220
222
226
226
226
222
226
221
218
215
214
217
213
215
223
228
217
209
208
210
214
215
217
212
209
204
203
200
194
192
190
181
180
174
177
177
177
169
174
172
170
168
165
153
141
136
121
188
233
199
183
191
214
138
125
126
118
111
108
113
112
107
94
93
94
91
93
91
91
88
93
102
94
92
89
86
91
90
88
90
93
96
90
95
96
100
109
99
102
98
108
64
67
65
63
56
49
46
45
69
91
96
101
95
95
94
87
82
80
76
77
79
76
77
75
72
72
75
73
69
64
69
61
62
60
62
67
68
69
70
75
81
89
96
92
98
105
103
109
104
107
111
127
121
113
121
118
120
121
122
129
123
124
117
117
120
117
115
116
118
122
122
124
122
123
123
121
123
121
124
118
163
113
72
75
73
69
68
73
71
72
76
78
78
75
74
78
68
111
204
166
68
74
84
93
89
80
75
74
72
66
68
66
68
70
75
71
72
75
76
73
73
74
74
73
73
75
73
74
73
77
76
76
78
76
79
73
76
74
78
74
85
71
59
55
59
52
40
46
99
76
178
190
167
165
163
165
150
127
110
151
146
134
115
110
84
60
75
76
98
16
24
37
30
19
28
30
31
30
10
34
83
85
88
76
85
102
55
61
107
87
80
77
75
68
66
85
82
84
80
81
75
80
90
124
115
72
85
85
77
87
83
84
84
71
68
64
64
72
54
73
71
53
41
29
30
27
28
28
94
87
47
23
16
19
21
7
29
84
64
76
96
108
120
117
122
129
142
142
148
143
140
149
150
147
141
134
126
121
120
118
116
109
100
98
102
115
97
41
38
34
33
24
86
239
205
208
210
213
221
221
216
212
212
216
212
212
213
214
212
214
211
217
196
176
213
206
207
207
211
214
217
213
213
214
213
215
211
204
201
200
200
201
201
204
207
207
204
204
202
215
215
213
215
212
217
217
214
216
212
213
212
213
211
205
208
207
214
216
214
222
221
217
211
209
214
218
219
217
217
214
217
217
216
214
213
210
209
211
204
202
211
220
219
223
222
224
219
220
211
207
204
208
227
222
198
177
209
220
213
210
210
207
203
200
200
198
194
186
179
175
168
171
164
160
158
155
154
149
144
135
136
134
127
127
124
120
120
115
114
110
105
107
100
97
94
104
57
64
65
63
59
54
55
50
76
97
97
99
101
105
106
105
102
102
99
101
100
100
98
94
98
92
94
89
88
83
77
71
68
66
63
66
63
63
61
62
61
65
72
72
74
81
78
84
84
86
88
97
100
98
101
109
113
118
121
125
120
113
108
112
117
118
118
123
119
121
118
121
121
119
124
121
119
118
118
115
166
111
69
71
66
67
66
68
68
68
72
71
75
71
70
72
60
107
206
164
67
78
86
87
75
82
77
75
72
65
69
69
67
68
70
70
70
73
73
74
73
74
71
71
72
72
70
71
73
81
74
73
74
74
76
73
73
74
74
80
88
44
30
33
32
33
35
29
61
48
158
188
156
160
168
157
154
150
164
166
134
115
83
90
77
68
79
81
80
17
24
24
22
39
77
57
29
22
8
74
84
81
86
69
71
100
55
83
96
89
75
69
73
74
74
91
92
86
71
81
88
91
89
129
88
71
80
86
86
86
92
91
89
82
79
70
74
70
49
71
82
60
39
32
26
27
28
26
22
15
22
26
28
17
45
37
16
77
81
70
103
120
127
124
124
128
143
148
149
145
142
145
141
136
137
135
129
126
118
113
111
106
98
95
93
100
118
50
24
35
32
37
101
165
151
158
162
167
178
184
189
189
191
202
202
205
209
212
213
216
216
222
203
154
223
215
211
214
214
221
220
214
208
215
212
212
209
199
194
194
194
195
195
193
197
192
195
197
195
208
212
212
208
207
212
211
213
218
216
215
218
214
218
215
211
209
214
218
219
220
216
217
211
208
214
217
219
214
216
214
214
213
213
212
212
210
212
212
206
201
209
221
221
223
223
223
224
224
220
219
220
227
224
213
194
165
221
216
228
234
232
234
233
233
233
233
237
235
230
229
224
229
226
227
226
223
217
215
215
208
212
211
206
204
199
195
190
186
183
178
170
166
159
156
150
154
133
129
130
127
126
117
109
96
111
120
111
110
111
111
108
110
109
107
106
107
101
103
96
93
96
93
92
91
91
92
82
85
82
82
82
82
84
83
79
80
78
75
77
77
75
76
72
74
75
75
72
70
76
78
75
85
83
91
94
96
94
91
91
93
96
97
101
104
102
106
107
110
112
116
124
123
123
124
123
123
167
105
68
70
66
67
69
66
69
69
71
66
67
69
74
76
72
107
208
161
76
83
88
83
66
80
76
75
72
66
67
71
71
68
74
70
66
72
72
71
70
69
67
68
69
68
64
66
76
77
67
68
65
69
74
69
68
71
69
81
65
20
23
28
29
40
45
40
32
7
112
184
153
155
130
130
157
148
136
111
94
87
71
82
80
75
64
79
49
12
19
18
43
82
102
96
33
9
34
99
84
79
83
72
73
111
54
96
92
94
78
69
80
86
93
94
96
89
67
88
89
88
86
139
66
65
71
70
71
75
83
83
82
72
68
69
71
72
56
62
74
60
40
35
27
27
27
25
18
25
31
25
25
13
46
78
28
38
83
74
99
121
130
129
124
129
142
148
148
143
139
139
131
133
138
134
131
123
112
108
106
103
98
96
86
73
96
63
19
25
29
54
104
85
71
83
83
87
94
103
112
121
124
134
141
148
155
164
168
172
177
184
177
146
198
199
198
199
194
208
209
205
199
205
207
208
204
201
198
197
198
199
199
196
197
193
195
197
197
200
205
210
204
205
207
206
209
212
213
211
211
207
210
213
206
207
208
211
215
217
218
217
215
215
218
221
221
218
221
219
218
218
218
216
216
217
216
215
214
212
215
217
215
215
216
213
211
208
207
202
204
200
218
205
188
158
227
212
212
216
214
213
210
209
209
208
215
215
215
217
217
220
222
225
225
225
228
225
225
232
237
239
241
239
241
241
240
241
241
242
242
239
234
232
228
231
236
232
226
225
225
213
201
191
192
187
177
174
169
162
158
160
156
150
148
144
138
139
133
129
122
124
119
117
111
112
103
102
103
104
104
103
103
105
104
103
103
105
103
99
96
96
95
93
97
93
85
87
83
84
82
79
76
79
77
77
79
85
88
83
79
75
77
76
81
90
94
95
99
106
106
110
119
119
121
124
166
105
75
77
79
76
78
73
77
79
75
79
71
80
97
107
102
114
201
159
95
92
89
88
79
84
79
74
72
73
69
71
75
68
82
77
70
69
72
67
67
63
67
66
62
64
63
65
74
64
63
65
65
69
74
70
68
69
71
49
20
21
34
29
21
29
30
27
36
19
68
163
150
133
84
104
93
58
45
38
37
46
44
51
50
60
56
75
35
7
28
57
93
80
54
93
36
9
81
94
84
76
87
92
108
114
54
112
95
99
95
90
98
97
98
93
92
98
92
91
88
89
97
143
56
68
73
59
63
67
68
69
70
48
55
55
58
58
57
58
44
39
38
33
32
29
28
27
21
25
28
26
20
15
13
64
65
11
41
79
75
93
124
124
125
134
146
145
147
149
148
146
135
126
113
110
101
86
93
102
100
97
100
96
87
71
51
42
29
19
22
60
122
109
77
84
82
77
76
73
75
77
70
65
71
71
71
81
81
80
84
89
97
107
112
117
122
119
124
130
145
144
147
156
148
153
156
163
165
169
178
183
183
186
191
195
194
199
210
208
208
205
204
204
205
206
209
209
212
214
210
211
210
209
209
210
205
209
209
213
219
218
216
220
221
222
218
218
216
214
214
216
214
215
214
213
213
212
214
213
217
213
215
212
214
213
212
209
208
207
209
207
215
194
184
166
221
213
210
216
217
212
216
215
215
213
217
220
219
218
221
218
216
216
216
211
215
209
200
216
217
216
216
213
216
217
215
216
216
219
220
217
219
221
221
220
226
233
228
230
236
240
240
242
242
243
243
243
241
240
239
242
238
236
239
235
231
227
225
223
217
214
203
197
186
186
183
173
177
176
173
168
163
162
162
156
151
148
140
136
131
127
130
123
122
122
119
118
118
118
120
117
116
115
118
115
114
115
110
105
105
96
91
85
83
83
82
81
83
85
77
81
82
82
84
92
170
110
83
81
80
80
79
81
84
86
87
94
111
110
111
115
101
120
200
165
92
98
90
92
93
91
90
82
75
83
81
81
82
81
84
86
92
82
81
83
78
76
81
82
72
76
82
73
73
71
72
78
78
75
72
79
80
79
72
23
23
70
95
78
23
22
38
28
39
31
46
155
123
144
152
119
53
42
56
75
77
72
72
70
68
71
87
107
71
6
79
96
79
73
74
102
40
32
112
86
102
99
105
115
141
53
81
140
118
114
110
111
116
124
124
118
116
121
120
112
113
115
133
102
82
96
92
95
90
86
78
66
51
37
56
38
47
42
55
63
53
44
38
34
31
24
27
22
21
25
25
26
14
15
11
14
79
49
6
50
78
82
110
117
126
138
142
141
150
157
157
136
107
82
71
53
54
69
84
105
98
92
98
90
86
90
51
7
19
17
12
41
88
112
96
95
103
94
96
101
107
109
106
106
104
101
97
98
97
94
100
94
94
96
92
83
84
76
77
69
73
78
73
75
3
3
7
9
9
19
38
52
59
72
91
96
108
121
133
144
159
167
177
175
185
191
197
196
214
216
216
218
223
222
216
214
205
207
211
214
218
225
224
221
218
217
215
215
211
210
210
210
208
210
208
207
209
211
210
204
208
210
213
208
209
210
210
207
207
208
208
210
211
190
182
193
208
206
214
214
208
204
215
216
213
210
217
215
217
219
221
217
222
217
221
217
217
217
205
218
223
220
220
223
223
225
225
221
221
220
218
215
220
217
218
213
209
207
208
209
210
210
205
206
202
206
207
208
209
214
213
215
216
217
222
223
226
227
228
232
237
239
240
235
234
236
243
247
248
248
248
249
250
250
250
250
250
249
251
249
249
244
241
232
225
217
214
213
214
209
206
196
189
185
181
177
162
155
152
144
137
139
135
134
121
125
122
113
114
108
109
104
97
93
87
83
169
105
86
88
79
85
89
89
90
86
86
90
101
93
89
88
78
106
202
166
105
102
87
90
102
106
106
101
92
95
96
98
99
100
94
98
92
89
114
112
82
86
88
90
84
86
92
86
83
89
95
90
86
87
83
81
75
82
91
104
96
101
91
107
30
56
82
33
25
33
31
148
114
119
164
158
146
140
150
132
121
104
101
97
81
73
74
93
48
10
105
66
72
89
91
113
106
23
102
102
117
128
131
141
163
26
123
149
150
142
138
135
136
143
157
154
145
143
146
140
134
146
167
46
57
68
71
86
89
92
82
93
92
90
75
72
61
48
49
55
71
66
39
25
29
30
27
25
29
21
22
19
20
11
20
18
26
125
44
16
87
106
115
125
137
140
142
153
148
108
51
37
61
42
51
70
111
137
128
108
91
87
89
87
96
105
60
20
24
26
20
25
72
111
87
90
86
83
92
88
90
94
90
99
92
95
97
93
98
96
102
102
103
103
104
107
102
107
99
104
106
103
109
108
21
24
23
15
14
16
13
11
13
10
10
13
15
18
22
103
68
63
105
90
89
79
85
141
92
68
67
77
77
104
119
130
158
164
187
179
201
185
191
208
203
208
208
212
213
215
220
219
223
220
224
224
219
224
222
217
211
212
213
211
210
206
210
202
201
209
211
213
211
188
177
189
207
205
216
215
205
202
212
210
209
208
210
213
214
213
216
218
219
222
219
216
218
223
225
218
220
220
222
222
220
222
222
218
218
216
213
212
217
219
217
215
219
216
215
216
216
219
217
218
214
217
217
221
218
216
218
222
221
220
218
218
219
219
213
216
219
216
217
212
211
208
203
202
206
206
207
214
219
219
221
223
220
221
223
223
227
224
223
227
231
231
235
234
237
239
242
246
243
246
249
251
253
252
248
242
241
241
240
242
238
237
240
238
241
237
225
223
218
220
218
210
172
110
90
90
89
89
83
87
86
89
95
93
88
96
99
96
92
119
198
169
110
102
99
99
99
98
96
93
104
100
95
92
92
95
92
88
93
98
106
91
89
92
92
88
89
89
86
88
93
92
94
91
92
88
84
90
94
103
99
90
88
89
89
91
47
74
89
57
20
27
11
99
131
94
90
115
122
126
124
116
111
95
82
79
81
78
89
110
82
14
127
116
117
118
116
121
156
86
50
159
133
129
126
155
125
102
177
173
169
173
173
165
161
162
155
143
156
166
164
159
156
179
153
24
47
47
45
44
40
29
45
49
53
76
71
77
77
73
66
53
51
57
36
30
23
22
24
27
22
24
23
19
69
40
9
16
7
45
155
35
51
113
114
127
119
135
148
124
60
23
25
53
43
66
97
119
137
132
104
90
84
82
81
80
93
112
62
20
24
31
25
51
104
116
92
96
93
85
98
95
90
95
95
113
109
97
99
96
98
102
100
101
100
98
95
99
97
101
96
100
99
107
112
102
30
35
40
29
31
34
35
34
26
29
30
35
37
48
83
185
123
124
181
177
156
155
143
187
123
54
31
27
28
47
54
69
152
144
177
181
205
185
105
74
95
95
95
106
110
105
115
115
123
128
131
137
138
156
157
166
174
174
184
189
201
210
216
215
222
221
202
205
212
179
170
175
206
216
229
229
236
231
233
230
238
235
235
234
229
229
226
225
222
218
215
216
213
212
212
213
212
212
212
206
211
212
212
213
213
211
212
211
209
216
219
218
215
214
219
219
220
223
218
219
220
217
217
217
216
220
220
219
218
217
221
222
217
214
223
224
222
227
225
219
217
219
219
164
223
216
221
225
224
224
225
226
224
220
219
218
220
215
216
215
212
215
215
216
213
209
207
211
207
208
207
203
209
207
207
208
205
210
211
208
214
215
217
223
219
225
222
228
229
233
235
228
173
107
89
89
90
93
92
94
91
91
93
94
94
91
90
88
85
119
202
168
102
104
103
106
98
99
98
106
102
101
101
97
96
98
95
96
105
103
107
101
95
98
99
97
92
97
96
96
99
101
96
102
113
107
100
100
95
90
91
88
100
101
104
92
93
88
94
94
54
28
18
52
112
96
74
84
77
93
110
119
139
141
138
132
131
111
110
145
70
81
142
117
115
119
124
122
143
138
22
110
174
154
158
163
162
162
138
127
111
87
91
103
103
91
87
98
98
109
127
133
135
161
94
37
54
66
71
54
51
35
42
45
43
52
47
43
36
37
51
99
68
44
29
29
22
26
24
22
22
23
19
13
49
97
54
7
14
12
54
103
23
101
117
129
120
147
121
56
10
29
60
66
85
125
127
137
117
92
85
84
81
73
75
69
99
102
60
15
23
21
26
64
111
103
94
97
99
94
102
100
95
94
96
88
96
97
99
95
97
97
98
98
98
104
103
100
99
98
98
97
94
98
102
95
24
38
41
31
27
30
30
28
24
22
23
28
34
31
131
197
145
151
195
200
179
182
166
200
186
80
45
56
48
71
69
72
156
161
162
191
200
218
231
141
103
98
103
95
83
88
95
99
96
96
95
93
93
94
90
91
94
101
97
99
106
107
110
116
122
129
114
202
211
174
159
90
107
147
146
134
133
136
139
137
155
166
167
174
178
189
200
208
210
217
220
223
227
225
224
222
222
227
227
226
225
231
231
227
227
223
219
216
213
219
216
213
216
210
211
213
214
216
212
213
214
214
215
214
217
219
219
223
219
222
223
223
222
220
223
223
221
224
221
218
215
215
225
157
223
218
219
217
222
222
221
222
219
219
220
219
218
218
217
217
216
218
217
217
221
220
219
218
220
219
217
218
213
217
215
217
219
216
217
215
214
218
216
218
216
214
218
222
221
221
220
219
176
101
91
94
90
95
93
89
91
92
93
94
93
93
93
92
91
120
203
169
98
106
98
101
95
95
96
99
101
103
96
94
96
99
97
101
103
98
110
102
104
111
113
108
108
102
100
102
105
106
106
110
115
117
115
105
100
103
102
105
105
110
112
105
101
99
103
108
113
54
11
22
74
96
87
103
100
84
74
67
77
97
118
141
142
144
154
117
72
172
156
149
147
154
155
155
174
176
132
34
148
144
115
101
92
70
54
41
37
25
25
42
44
51
61
83
80
75
86
96
98
107
43
48
55
71
67
66
67
46
51
54
57
61
53
33
26
26
28
54
55
40
27
25
21
28
21
23
23
23
22
12
12
55
115
53
16
19
9
80
63
82
137
126
141
130
71
23
27
71
85
105
129
130
137
112
86
80
88
84
90
83
71
84
61
45
60
16
21
22
23
61
107
115
91
100
97
94
93
101
95
93
96
92
97
98
97
95
95
96
99
100
100
101
107
104
104
99
100
103
103
104
118
91
21
37
35
30
26
32
29
24
24
22
22
29
34
27
179
201
176
162
187
206
184
197
178
203
210
160
181
206
120
181
199
178
158
191
212
228
228
223
243
166
156
155
109
134
155
134
120
104
114
111
110
111
110
112
110
112
113
112
110
109
112
110
113
110
115
112
110
215
208
171
164
145
130
144
134
111
111
114
111
107
111
113
109
116
110
110
116
119
121
126
124
127
135
139
142
139
141
153
164
172
176
184
193
199
203
207
211
214
219
221
225
228
230
239
240
242
244
243
243
239
232
229
230
225
227
225
224
222
220
220
220
220
221
216
215
211
207
209
211
212
205
201
225
151
207
214
211
214
219
218
217
219
218
217
217
216
220
215
220
217
218
218
220
219
220
221
223
224
224
221
220
219
216
216
217
220
221
221
221
218
219
217
218
218
220
216
220
226
220
219
220
221
173
97
88
89
90
93
91
91
93
93
95
95
93
93
93
94
91
119
204
169
104
104
100
97
90
92
94
91
91
95
95
97
97
96
97
103
100
100
105
106
102
110
113
107
111
103
105
105
106
110
108
107
108
110
110
109
108
111
108
107
114
112
112
110
110
104
105
108
121
96
55
23
31
63
65
71
79
74
61
58
52
72
73
80
89
91
104
54
65
167
125
125
112
113
117
118
115
115
109
20
62
65
36
28
23
18
19
10
25
27
28
37
53
69
59
81
83
80
80
83
77
63
27
47
58
67
62
65
61
43
49
49
56
64
48
39
29
28
27
37
37
31
26
21
23
25
18
18
26
29
28
25
18
13
72
102
39
13
21
44
100
56
130
125
140
77
27
18
70
99
109
127
139
140
113
82
79
101
98
101
89
63
69
65
21
14
35
26
25
23
17
48
97
116
91
100
97
95
91
97
99
99
100
100
101
99
99
101
97
99
99
101
99
101
105
106
105
102
105
102
104
108
125
88
23
38
34
30
25
32
26
19
21
20
23
31
32
35
224
184
194
169
190
204
192
206
180
198
212
197
205
234
212
237
230
212
199
212
228
229
210
222
235
143
151
192
135
133
167
164
124
131
116
116
114
115
114
120
116
114
118
114
117
118
116
117
117
118
118
131
123
220
205
169
166
164
154
153
137
111
112
117
116
114
112
109
104
112
110
109
111
110
112
110
108
110
112
113
113
112
112
115
120
120
121
124
127
131
132
137
135
133
143
140
144
150
143
134
142
150
156
169
174
178
183
188
192
198
204
206
216
216
220
223
224
226
224
221
224
223
222
220
220
222
218
211
231
177
200
219
213
220
215
216
215
215
216
212
212
212
213
211
211
212
213
213
216
216
216
217
217
218
217
216
218
219
219
217
221
222
224
222
219
222
221
220
221
220
221
220
221
222
219
219
219
218
174
101
90
87
89
87
87
92
92
94
95
95
96
96
96
97
90
117
205
168
105
106
100
97
97
100
97
96
94
97
95
96
99
95
98
100
102
103
100
104
99
103
105
103
105
102
107
106
105
112
108
107
108
105
107
108
110
111
111
111
108
105
113
110
114
108
107
107
107
131
167
80
28
26
30
28
28
31
27
33
30
40
47
37
36
48
49
28
29
67
48
48
39
38
41
41
35
34
35
25
19
17
9
14
19
17
28
28
36
38
42
38
46
72
65
76
80
81
70
79
85
76
33
46
59
61
59
59
42
35
49
46
54
53
47
44
31
28
31
49
48
34
27
21
31
28
17
19
32
31
29
29
73
38
18
75
85
29
24
27
132
64
112
151
110
42
18
49
102
107
127
138
126
104
93
107
112
98
101
81
55
65
65
24
21
24
29
29
32
27
18
31
87
121
88
101
100
100
100
100
105
106
106
106
104
103
102
105
102
103
103
105
102
106
105
106
109
109
107
104
105
107
124
90
23
41
37
31
25
32
25
19
20
19
25
34
28
86
245
202
217
182
195
202
202
206
178
187
217
208
177
204
223
223
203
195
213
200
215
210
197
220
226
160
162
182
180
105
160
126
154
176
105
116
113
115
113
115
114
116
119
114
117
117
112
115
116
117
115
160
169
217
200
171
169
165
164
163
137
108
113
119
121
117
116
113
112
118
118
120
117
116
119
118
118
120
117
117
118
117
116
115
118
115
113
114
113
113
115
116
114
113
113
109
107
113
77
44
55
56
53
61
59
63
86
112
107
119
125
127
138
141
144
152
154
155
157
158
165
169
174
175
176
185
192
191
200
186
183
203
207
210
214
217
219
220
222
219
221
221
219
226
224
226
223
224
227
227
224
223
220
223
222
222
220
220
222
219
218
219
219
219
217
218
215
215
214
214
212
215
214
213
212
212
214
212
174
105
93
91
88
86
87
89
89
93
94
92
94
98
96
98
91
117
207
169
105
105
96
95
98
101
98
99
99
99
96
95
99
97
96
97
101
100
98
98
97
98
97
100
100
100
101
101
100
102
104
106
107
105
103
103
106
108
112
99
128
132
113
108
111
110
108
107
95
133
238
156
56
67
117
106
80
30
6
8
8
10
23
19
21
37
37
35
17
19
27
23
21
24
22
12
17
21
24
37
35
29
27
42
51
51
60
61
56
53
56
54
56
68
68
68
72
80
74
83
98
97
58
40
47
57
52
38
30
30
44
51
54
46
49
44
30
25
35
55
53
44
38
26
40
35
18
27
35
27
29
21
104
101
30
21
78
92
25
19
116
87
94
158
65
27
44
87
111
114
133
130
106
93
117
115
100
108
97
45
59
74
40
12
33
34
32
30
37
33
26
19
54
121
90
104
106
108
110
108
110
112
111
110
108
109
108
109
110
110
109
110
108
112
108
110
114
113
112
110
111
110
126
96
22
42
36
30
30
36
26
23
21
21
31
32
22
159
234
203
201
156
172
204
202
201
185
169
223
214
178
184
206
205
185
184
212
199
215
196
204
216
227
137
132
130
214
97
163
114
155
157
105
119
115
116
116
116
117
120
119
117
117
117
113
116
119
116
114
173
196
211
194
173
173
170
169
169
138
110
115
122
127
121
120
117
118
120
116
118
116
115
117
118
117
119
116
119
121
121
121
119
122
121
122
123
122
120
123
120
123
128
116
121
116
126
67
36
45
39
30
27
21
17
43
82
80
83
85
87
92
96
97
103
102
101
102
104
107
107
110
115
115
122
127
131
131
138
136
144
152
154
156
159
167
173
173
174
178
178
179
188
191
194
194
196
198
203
204
207
207
212
212
213
211
215
218
219
216
217
214
217
220
219
219
220
219
220
219
220
216
216
215
214
215
213
169
106
97
97
92
91
90
89
91
93
94
92
92
94
92
96
92
117
208
169
107
99
92
93
91
95
94
94
97
93
96
94
96
97
90
96
95
95
97
95
94
93
93
99
98
98
96
95
95
92
100
101
99
102
98
99
102
105
110
126
184
189
115
109
106
106
104
106
91
126
236
199
91
151
221
208
172
94
48
12
8
10
9
7
19
22
30
40
28
28
38
33
30
34
38
23
30
38
40
40
42
39
33
52
62
75
75
74
81
85
87
90
92
83
75
70
69
87
92
91
94
90
76
28
42
52
39
20
31
31
38
53
50
47
47
42
29
21
36
62
47
44
38
35
46
36
23
32
33
26
29
12
77
112
71
23
28
130
67
13
83
122
112
125
27
28
81
106
114
125
129
119
113
116
108
83
97
122
68
50
79
47
16
27
34
29
27
33
39
37
31
20
17
85
92
105
112
113
116
113
111
113
114
111
111
114
113
112
117
114
114
115
115
114
112
116
118
115
119
118
118
114
129
99
21
41
32
26
34
37
24
25
21
25
36
31
16
190
213
173
169
128
137
201
191
194
193
157
212
216
203
185
207
207
185
188
221
223
214
192
212
216
222
75
71
77
191
141
142
140
122
109
114
119
119
115
116
119
117
116
114
116
116
117
115
116
121
118
115
172
190
212
191
173
175
174
172
173
134
114
119
125
130
128
126
122
121
122
118
119
118
118
115
116
113
115
115
119
117
120
123
119
120
118
119
119
118
113
116
114
116
121
113
121
118
129
74
52
57
55
50
48
41
35
56
98
107
100
100
105
105
112
110
113
110
107
105
105
103
97
96
100
98
98
95
98
94
97
102
101
103
108
95
93
102
110
109
111
115
112
113
115
122
124
128
130
130
134
138
144
149
154
153
155
159
165
168
171
174
173
174
177
181
185
189
196
200
199
202
203
201
202
201
203
201
202
169
104
100
102
92
94
92
94
96
95
94
95
94
92
94
96
91
115
207
163
104
98
92
92
94
97
93
92
96
88
91
90
91
93
92
98
93
94
96
96
92
90
94
98
94
97
98
96
98
97
98
98
98
98
98
99
101
99
125
226
221
196
116
113
103
100
99
102
91
139
231
200
133
178
182
188
164
136
117
42
24
27
26
12
10
4
6
35
41
15
8
12
13
12
25
21
19
22
23
25
19
17
20
30
37
46
43
51
78
93
100
105
97
91
90
86
77
88
91
82
76
72
64
28
51
40
25
25
31
35
40
44
44
40
36
36
37
20
35
77
65
40
46
57
44
33
26
30
26
25
27
10
43
62
78
76
22
81
132
20
127
171
161
80
18
59
109
116
129
131
123
123
125
88
55
99
160
80
34
70
36
8
23
32
34
25
27
33
42
38
29
29
13
30
85
105
112
114
117
113
111
113
115
112
114
113
112
110
115
114
115
117
119
114
116
118
123
120
121
123
120
116
127
100
19
39
29
19
31
33
21
24
21
30
33
34
14
154
215
180
189
169
134
185
187
185
192
165
186
209
214
200
203
203
191
193
219
223
190
195
217
220
193
64
72
79
133
170
104
119
116
119
117
117
120
119
118
116
113
116
115
115
113
117
116
116
120
123
117
180
190
220
189
174
176
176
174
175
128
114
119
120
123
127
124
122
121
119
120
122
119
117
112
116
113
116
117
120
116
118
121
122
121
120
117
115
116
113
115
116
117
121
121
122
119
123
75
49
52
52
48
48
33
31
58
98
101
98
99
103
102
110
105
108
107
104
106
107
107
107
107
110
109
113
114
117
113
114
112
114
116
120
114
108
108
111
110
114
113
107
101
99
100
103
102
99
97
93
89
88
92
96
94
90
95
95
95
95
100
98
104
106
108
114
116
122
129
129
132
138
143
144
145
149
149
156
167
90
89
89
82
90
92
91
91
89
91
94
94
91
97
97
92
115
208
164
102
104
94
97
100
96
98
96
96
91
94
93
92
93
104
96
97
95
95
97
97
95
97
98
93
97
100
97
98
100
97
96
98
98
101
99
102
90
175
241
200
121
100
103
102
98
98
98
80
148
228
185
174
175
180
191
157
111
121
93
42
26
30
24
21
18
9
30
95
65
47
54
54
49
48
42
36
36
46
47
39
32
28
29
20
20
12
20
26
27
45
72
82
72
88
92
85
76
70
51
42
50
53
47
35
28
27
25
30
38
36
40
36
27
16
31
61
30
49
65
88
73
137
87
32
27
27
29
14
17
27
12
45
67
66
111
69
26
156
64
222
184
154
31
41
110
125
136
139
127
121
113
70
57
131
174
105
29
61
18
8
21
23
30
31
23
33
41
44
36
30
28
18
19
78
112
110
111
114
111
112
115
115
113
115
114
115
115
117
118
116
116
116
116
117
121
125
125
125
121
116
115
130
115
16
30
25
15
27
30
22
26
30
36
28
27
12
102
246
222
217
210
169
167
192
181
191
181
176
198
209
212
219
202
194
200
202
184
191
209
218
222
165
47
91
130
123
77
134
81
109
119
119
122
117
121
126
122
118
123
123
118
115
118
121
122
118
131
121
185
184
219
182
178
175
169
170
167
133
122
120
119
120
124
122
122
123
123
122
123
120
117
117
122
118
118
116
120
117
119
117
117
116
119
119
120
120
120
121
120
122
124
121
122
119
129
65
52
55
54
46
52
38
30
66
97
90
97
100
103
105
110
105
106
104
104
102
102
104
104
108
113
114
116
112
108
107
110
107
106
108
107
111
112
117
117
113
116
122
122
114
110
105
113
117
116
114
115
114
112
118
119
121
118
117
116
117
120
120
112
112
117
115
112
111
107
106
108
112
114
113
107
105
106
105
106
167
92
97
91
92
92
87
90
91
92
93
93
94
97
102
99
95
113
205
165
110
106
102
102
101
100
104
99
98
101
100
97
96
96
97
95
95
95
93
99
100
97
94
96
96
100
97
101
98
93
99
99
99
101
100
96
95
104
221
181
96
94
102
104
100
104
100
103
91
159
230
177
180
177
186
193
148
103
98
105
103
56
29
25
31
30
24
13
44
124
133
102
81
60
76
88
85
89
89
73
67
69
71
71
72
66
50
36
14
16
15
23
56
67
73
70
62
56
45
36
29
41
46
56
44
49
48
35
39
43
35
46
33
12
19
37
65
46
75
81
66
161
165
24
46
36
23
22
19
21
24
15
63
68
66
102
121
22
171
145
221
204
121
1
86
146
135
132
123
128
102
70
104
174
151
135
46
17
1
11
24
23
18
25
21
25
36
36
41
36
30
29
18
19
71
106
108
114
115
106
112
116
113
113
116
117
116
117
116
120
115
114
112
112
116
120
124
124
120
119
120
117
119
127
22
32
24
15
30
31
22
25
36
37
25
23
15
47
240
221
230
232
186
177
192
172
174
189
174
181
188
210
227
199
191
201
206
186
194
218
207
208
151
47
124
121
111
138
170
103
111
125
121
122
118
118
116
124
125
122
120
118
121
121
118
116
118
121
119
190
185
217
180
178
178
176
167
173
129
117
120
122
126
122
122
122
118
127
121
122
124
120
124
124
121
120
119
123
119
118
113
113
112
115
116
115
121
117
122
125
125
128
120
118
114
125
68
42
57
51
50
43
36
33
59
99
92
98
100
102
105
104
104
106
104
107
112
107
107
109
112
115
117
117
116
115
113
113
108
109
105
110
114
118
120
119
118
118
117
120
125
116
114
112
117
114
112
116
118
113
114
110
115
116
116
117
113
120
120
121
124
123
120
120
119
124
126
125
128
123
122
127
127
127
131
127
159
86
94
93
91
93
90
90
93
92
96
94
96
98
94
98
89
112
206
169
107
102
97
96
93
95
97
99
100
103
99
101
104
105
101
107
105
103
102
102
103
99
98
100
100
100
104
104
99
95
100
98
97
98
100
104
99
149
242
137
109
107
104
104
105
105
103
101
83
165
230
178
177
177
185
192
147
112
105
105
99
51
22
23
30
29
32
34
8
7
53
95
92
48
20
32
29
35
43
45
43
60
78
77
87
91
90
90
83
72
77
57
37
36
39
46
39
15
27
41
42
40
41
42
33
41
40
34
24
28
29
15
14
21
27
34
56
69
54
98
106
193
77
41
34
39
25
17
22
26
25
23
54
88
90
105
138
40
61
200
215
211
107
2
150
135
120
117
127
102
89
140
164
112
133
85
3
8
17
23
23
21
19
22
17
26
35
43
41
35
32
31
21
23
68
100
115
120
120
117
120
119
116
118
117
119
118
116
118
116
117
120
115
117
113
115
113
118
118
119
115
120
118
148
52
30
30
17
31
29
24
27
26
20
19
17
20
6
235
238
219
189
202
223
193
186
171
189
169
175
176
183
195
188
189
198
200
191
210
213
176
196
104
99
137
123
125
113
152
102
135
120
119
113
117
116
117
119
118
119
124
120
119
128
126
125
126
130
127
193
184
219
181
182
179
176
164
175
127
119
125
123
123
121
120
122
120
121
116
117
118
118
118
121
119
121
124
124
121
120
118
118
115
110
111
105
97
110
120
123
122
126
121
115
110
121
62
49
52
50
51
39
35
35
55
95
100
99
100
107
103
106
109
108
112
111
110
107
109
109
112
112
112
113
113
114
113
111
115
115
113
111
119
118
116
118
119
115
116
117
117
123
121
119
124
123
121
122
121
122
122
118
121
118
119
122
121
121
123
125
123
127
124
120
122
123
124
129
131
170
169
108
122
122
123
121
165
93
93
86
81
87
84
81
86
88
91
89
88
94
88
95
84
104
206
165
101
98
97
99
95
95
97
99
99
100
100
100
103
102
102
107
105
106
102
108
110
106
104
97
100
109
109
109
105
104
106
108
108
107
104
109
104
188
222
107
112
105
104
106
106
110
108
109
87
180
224
176
180
183
180
189
148
112
112
108
110
41
21
27
27
30
36
33
28
20
13
28
76
127
119
85
72
64
40
32
22
13
13
11
24
27
25
39
48
63
67
60
37
23
19
10
19
23
27
30
34
26
17
30
24
23
27
27
29
23
31
35
36
46
34
41
64
61
65
77
133
167
76
52
33
49
26
15
20
25
18
10
74
92
94
104
135
96
8
174
220
205
92
48
177
126
119
98
91
118
136
131
113
111
132
21
13
24
26
24
21
22
20
21
19
25
32
40
35
31
32
26
22
11
74
108
115
119
121
120
121
119
122
119
120
121
123
123
122
118
118
122
119
120
115
117
118
123
118
117
120
122
120
145
86
30
33
22
40
30
27
23
20
25
19
19
25
11
123
223
194
190
207
226
214
182
180
171
182
174
174
175
169
178
192
204
193
200
205
178
163
188
96
123
128
123
122
109
172
129
133
126
125
122
120
119
120
122
125
128
129
125
122
125
122
127
127
137
127
202
188
217
180
178
176
177
174
182
124
117
122
118
119
125
121
123
123
115
117
122
123
124
118
118
121
125
129
126
127
107
106
116
120
125
120
118
112
107
102
106
112
115
125
117
119
124
61
48
56
53
41
41
37
31
49
95
96
98
96
96
97
100
97
100
102
103
103
110
108
107
109
110
110
110
109
110
109
112
110
111
111
113
111
113
117
120
118
115
117
120
118
121
123
118
117
125
120
121
121
121
122
121
125
122
120
116
127
121
120
124
123
123
125
123
126
129
129
128
130
191
215
141
116
121
122
122
152
100
96
99
98
92
94
91
96
96
96
96
95
97
95
99
91
110
203
172
109
109
105
101
100
102
101
101
102
104
101
98
102
103
103
103
104
108
105
107
106
107
103
103
99
103
107
106
104
102
103
106
105
109
109
107
116
216
179
105
114
106
107
107
107
111
111
116
92
188
219
177
178
180
186
188
148
115
110
112
115
46
23
26
28
36
34
29
29
27
27
23
21
44
94
110
104
84
75
73
61
49
41
37
30
30
26
21
20
22
25
27
20
18
23
18
13
9
19
20
20
18
19
25
22
24
22
22
35
35
36
43
41
37
39
46
53
52
71
94
171
135
81
49
44
48
19
19
22
16
11
52
95
95
98
96
108
101
2
164
219
194
135
26
151
104
108
106
126
130
111
109
99
122
69
9
20
24
22
18
16
19
19
20
22
25
28
29
26
24
25
23
19
15
59
112
102
120
114
118
118
115
120
120
121
118
118
119
121
120
120
123
119
124
124
124
122
122
122
121
123
124
123
133
111
32
33
33
39
34
27
25
21
24
20
22
23
21
55
209
167
192
239
207
204
172
145
157
174
168
166
174
179
189
193
203
188
175
171
162
162
172
87
141
123
110
124
130
105
100
119
119
123
125
121
122
124
125
127
128
126
125
121
122
121
123
123
133
129
200
183
211
179
181
178
173
175
174
122
120
118
120
119
119
120
119
117
120
115
113
118
120
119
121
121
122
123
132
120
155
156
125
123
122
123
125
123
117
116
113
111
105
110
113
136
121
60
47
51
46
47
41
35
28
58
96
89
94
98
97
100
99
98
102
102
103
106
108
105
107
108
105
108
112
111
108
110
112
109
108
111
111
108
111
115
116
114
114
113
113
113
118
114
113
117
114
115
117
119
117
116
112
113
114
115
115
119
117
118
122
122
116
120
117
119
122
124
126
129
186
197
179
121
119
120
121
146
95
98
102
99
95
96
94
95
97
97
96
97
98
99
100
90
115
205
168
109
108
100
95
98
99
99
99
96
98
99
100
99
99
99
101
104
106
105
108
106
104
104
105
99
103
105
103
104
103
104
106
109
108
109
105
153
224
139
118
116
112
110
106
104
105
105
113
91
192
214
176
180
180
186
188
147
113
115
104
65
27
22
23
33
35
33
29
26
28
35
38
31
20
27
46
78
91
92
87
76
73
72
69
65
69
67
60
54
49
49
47
41
36
34
29
26
17
24
30
30
32
30
24
22
25
29
24
36
34
30
30
30
24
30
42
52
43
67
103
183
110
87
62
46
46
19
21
19
16
14
68
68
79
83
73
59
66
91
186
214
190
159
6
109
109
118
124
116
105
86
90
96
112
18
12
23
19
20
13
13
16
16
17
25
25
27
26
21
20
20
23
17
20
50
116
97
116
120
116
116
118
119
120
117
118
118
117
122
123
122
124
118
123
123
122
123
121
125
119
118
123
124
127
132
59
43
39
39
35
27
23
25
23
21
19
19
26
26
162
171
123
200
221
208
181
141
131
117
166
159
158
166
194
196
203
184
167
157
159
154
149
91
134
142
127
114
93
83
88
114
125
120
122
121
123
123
123
123
120
120
120
118
119
121
119
122
128
137
203
189
209
172
179
178
175
181
177
118
119
120
125
120
119
120
121
122
118
117
116
119
124
119
118
119
123
128
123
138
217
191
118
129
119
122
122
118
116
117
118
117
113
107
96
111
107
57
48
55
46
47
44
31
31
67
102
99
100
101
100
101
99
100
103
103
104
110
104
105
109
111
111
112
114
114
113
110
114
111
114
113
117
114
111
114
113
112
113
111
111
113
115
111
115
117
115
115
114
116
113
114
114
114
113
113
112
120
119
115
117
118
115
119
115
115
119
119
122
122
185
191
175
122
118
120
122
149
91
100
97
92
93
92
91
90
89
93
94
96
97
99
99
92
116
204
169
111
107
99
97
95
95
97
97
95
97
98
97
98
98
99
101
99
103
99
103
103
102
101
102
101
104
103
101
103
107
102
99
105
106
108
105
193
203
122
118
110
109
107
105
104
105
103
105
89
197
208
171
176
178
181
190
146
114
85
56
65
68
30
20
32
35
31
28
26
24
33
43
44
37
21
17
27
50
83
99
93
75
69
79
82
85
87
85
83
76
77
77
69
70
61
59
58
54
59
59
56
53
56
55
49
51
60
58
59
59
55
49
51
54
48
59
64
51
61
110
182
96
81
73
55
53
17
21
18
19
14
49
45
52
57
55
46
57
60
201
211
191
125
50
76
134
115
108
99
91
81
84
112
74
4
21
27
26
17
12
12
14
16
17
24
24
24
25
18
19
21
23
21
26
49
119
104
101
121
116
117
120
117
122
120
119
120
121
123
123
122
125
118
123
124
123
127
123
126
120
119
122
122
125
137
73
46
44
35
28
21
39
57
17
25
21
20
21
18
93
141
81
77
162
183
131
96
79
44
129
164
141
141
180
198
195
168
152
144
143
141
134
120
101
135
99
79
101
117
94
120
125
123
123
123
125
123
123
122
120
120
118
118
119
121
120
123
125
144
202
193
207
175
180
180
178
180
176
117
122
120
122
120
119
122
122
124
116
115
120
122
124
122
119
117
122
129
120
193
228
166
116
122
118
120
118
117
119
116
117
114
115
114
109
95
80
57
47
56
47
46
44
36
33
64
102
94
97
96
99
104
100
96
104
106
104
110
104
108
112
113
113
115
117
115
112
111
112
113
115
116
116
117
112
113
112
112
112
112
114
112
114
114
114
115
120
116
114
114
113
114
117
116
116
116
114
118
116
113
116
117
118
118
117
117
121
119
123
120
185
189
170
120
116
119
120
151
77
85
80
78
78
78
79
81
79
83
83
83
87
89
89
82
107
203
174
102
97
92
91
88
88
91
92
95
93
97
94
95
95
100
97
96
102
98
100
99
104
104
106
107
105
104
103
102
110
101
98
99
104
107
117
224
170
121
110
108
106
103
106
106
105
104
104
87
205
204
169
167
164
179
193
147
87
52
63
105
114
68
38
23
31
27
25
26
23
27
36
41
46
38
28
16
17
41
61
83
89
87
81
81
85
89
91
86
86
97
91
88
96
94
94
94
95
98
96
94
90
91
97
90
91
92
87
79
75
75
63
60
65
62
71
69
63
51
134
160
94
101
89
65
50
17
17
18
20
11
29
37
30
35
41
76
94
1
202
209
194
81
99
62
134
101
88
94
89
81
92
117
32
27
38
33
31
13
15
12
14
19
18
21
21
19
19
16
21
22
25
28
34
53
115
113
87
114
120
116
119
115
120
120
120
120
121
120
120
122
126
119
121
126
126
128
123
122
120
121
121
122
122
130
62
44
43
29
23
17
40
62
14
24
23
24
21
21
41
79
95
66
57
86
47
32
29
17
61
118
110
121
149
195
187
150
136
136
136
133
125
136
96
112
98
106
136
127
109
127
125
126
127
127
128
125
123
123
123
122
121
121
122
122
124
129
128
151
204
196
205
178
185
181
178
180
172
118
123
118
116
119
121
121
122
121
117
117
119
120
122
123
120
119
124
126
122
221
194
143
116
113
116
117
118
118
119
117
118
117
117
120
119
95
89
48
45
50
46
46
42
38
31
56
96
90
97
93
98
104
104
97
106
108
107
110
108
109
111
113
112
114
116
113
112
114
113
116
116
119
115
116
112
112
114
113
111
112
113
112
115
114
114
114
119
117
115
115
114
114
115
114
116
116
117
114
116
114
118
118
120
116
116
117
119
120
124
123
184
189
173
119
117
119
119
155
55
53
52
53
53
60
67
70
69
71
71
74
78
80
79
75
103
202
174
94
92
86
83
83
84
86
85
89
85
89
89
94
95
95
91
93
95
96
97
94
100
103
107
102
98
98
98
97
104
99
102
97
101
95
153
228
143
118
108
109
106
103
105
104
101
102
104
84
214
204
172
164
152
187
190
115
55
72
108
116
113
107
62
22
26
22
22
22
23
23
28
38
43
40
38
36
25
17
14
39
71
98
93
96
102
99
107
98
97
104
97
98
102
101
104
106
106
106
112
115
116
107
108
103
104
95
87
81
75
74
61
55
51
54
58
58
53
39
168
110
78
116
112
70
36
18
13
19
19
9
24
42
32
38
49
112
99
3
204
207
193
56
131
82
105
92
84
95
89
81
102
89
16
48
51
45
37
21
20
15
16
21
17
17
18
16
13
18
26
23
29
35
35
66
114
115
93
92
119
113
117
115
116
117
118
117
120
116
119
120
122
118
119
123
122
125
122
118
119
118
119
124
125
116
44
42
36
32
30
25
25
34
22
21
25
28
28
26
26
46
117
138
10
16
13
13
17
27
18
39
54
76
90
133
138
119
121
122
128
128
121
128
119
114
140
126
132
105
128
131
127
125
128
128
129
127
121
122
122
123
125
122
123
122
125
134
128
159
206
200
203
177
186
181
178
183
170
118
123
119
116
120
123
120
122
122
119
120
118
117
120
122
119
120
125
124
127
215
166
148
115
114
117
119
121
118
115
120
120
123
123
117
110
100
122
41
44
43
44
42
39
34
28
52
95
96
104
101
102
104
108
105
109
109
112
114
111
109
110
112
111
111
112
113
115
115
115
117
117
120
117
116
115
114
116
116
113
112
112
114
116
115
118
116
116
116
115
117
117
116
116
116
117
113
116
116
120
118
120
120
121
116
115
117
117
124
122
124
185
190
172
121
119
120
119
154
43
30
25
26
28
45
60
57
58
57
66
76
75
77
77
82
109
198
171
112
108
99
94
96
97
97
96
97
95
97
112
135
130
96
101
102
95
95
95
95
95
97
99
94
93
91
92
93
96
98
104
99
100
81
200
199
122
107
109
103
104
104
101
98
95
96
100
81
218
200
174
178
171
187
149
65
74
117
106
99
103
114
58
37
25
20
18
17
19
22
25
33
39
41
44
41
41
41
28
14
15
49
83
109
111
103
111
101
95
86
94
95
95
88
93
96
96
97
103
109
109
100
90
87
85
74
73
77
74
69
70
72
63
60
58
65
48
47
199
86
55
89
113
71
32
17
15
22
16
6
31
62
58
65
91
105
37
15
211
203
186
48
127
116
83
87
79
91
90
87
102
47
28
42
51
56
52
38
29
23
20
19
17
15
18
16
14
25
27
24
34
45
37
85
116
111
109
71
108
112
115
114
117
115
115
117
120
114
118
117
115
114
119
118
115
122
123
118
117
116
117
122
136
95
34
40
33
40
39
36
24
24
29
24
29
30
32
29
30
56
124
122
31
47
37
33
33
28
26
14
10
15
24
27
45
61
76
70
84
120
120
123
127
136
146
78
95
99
140
136
127
124
128
130
128
125
121
119
121
125
124
121
123
121
124
131
121
168
204
201
203
181
182
181
179
183
163
119
127
121
123
124
121
123
120
124
119
116
118
119
120
123
119
119
123
123
139
222
166
149
117
122
123
124
124
120
117
122
119
117
120
112
109
111
125
46
47
41
43
40
37
33
28
56
101
97
103
106
108
106
108
109
108
109
114
116
114
113
113
113
110
110
113
114
114
110
114
115
115
117
116
117
117
117
119
118
116
115
116
115
116
118
121
119
117
116
116
117
119
118
120
121
119
118
119
122
119
121
120
121
122
118
115
121
120
127
123
125
186
188
168
123
117
119
118
107
39
23
15
17
13
29
35
33
35
36
50
54
54
59
66
69
91
192
169
120
112
104
106
108
107
111
123
126
124
141
191
217
189
120
136
136
132
125
121
118
120
115
119
117
115
113
114
115
110
112
111
114
100
102
233
166
111
103
104
100
106
106
99
95
92
93
97
81
225
197
175
193
189
144
81
92
116
106
104
102
110
103
41
54
22
22
16
17
13
19
23
29
37
39
45
44
46
41
39
39
30
11
6
53
52
62
65
56
74
83
80
84
96
104
107
107
118
117
109
113
103
88
80
75
64
62
61
64
59
66
82
83
82
95
105
107
92
77
198
130
66
70
71
61
35
15
17
24
16
9
51
83
83
91
111
37
10
41
212
194
187
82
21
107
79
74
77
70
83
96
89
17
42
41
48
47
54
51
42
34
23
17
15
16
20
17
21
31
25
25
36
53
58
99
107
110
107
97
104
112
115
112
116
110
112
116
117
111
115
113
111
112
116
116
114
119
117
114
113
116
114
110
137
65
33
41
36
34
37
32
31
30
24
27
26
28
32
29
28
47
143
69
49
61
48
41
40
37
36
33
28
22
12
14
13
16
4
10
38
115
122
122
127
130
113
113
80
114
139
130
125
127
130
132
127
123
122
121
125
128
122
122
124
121
126
132
121
178
206
208
201
176
180
181
175
185
156
117
123
121
124
120
120
122
117
125
122
115
116
123
129
127
121
122
123
120
151
224
168
145
116
123
125
123
123
119
117
119
123
117
116
113
116
119
100
39
55
45
47
45
41
35
29
61
102
97
98
102
105
107
109
109
109
111
111
113
114
118
112
111
111
112
111
110
110
108
115
114
114
111
114
114
114
116
118
117
116
118
119
120
119
118
122
121
121
117
118
118
118
114
114
115
116
120
122
118
115
119
117
120
122
120
114
121
121
122
125
128
188
185
165
121
117
119
118
37
33
29
24
25
31
37
33
32
28
23
31
39
38
52
46
42
75
186
169
74
70
68
68
57
60
81
92
93
93
109
113
101
116
115
122
123
125
125
129
118
122
132
129
130
128
125
129
131
127
128
125
132
122
174
228
131
116
124
126
124
126
119
118
120
111
109
103
94
233
218
204
170
82
90
181
136
101
104
104
98
104
87
57
54
19
21
16
12
17
15
18
32
39
38
46
49
46
37
40
37
37
36
17
2
6
36
105
129
120
116
109
113
120
122
131
135
130
115
96
78
57
36
26
14
8
25
41
61
82
103
109
105
102
105
86
71
47
38
44
61
23
29
42
46
39
18
17
22
18
22
85
90
91
104
47
6
41
68
218
192
188
133
2
93
63
61
76
54
81
111
61
20
45
48
48
44
47
52
55
52
34
19
14
20
20
22
29
33
26
29
41
65
84
108
108
112
109
113
111
116
114
107
111
112
104
109
109
111
111
112
112
111
110
111
111
111
115
111
109
113
109
107
117
42
38
46
39
30
37
32
36
33
26
25
23
28
30
28
24
42
116
32
58
59
56
52
53
49
35
30
25
20
19
41
42
48
25
52
48
120
121
123
119
137
126
96
72
151
132
128
124
124
126
126
124
121
119
119
121
122
121
123
119
124
127
133
119
185
202
208
198
182
180
181
174
189
160
115
123
122
125
123
121
120
117
124
120
122
122
118
122
118
119
120
126
118
157
219
162
149
113
122
122
121
120
119
120
122
124
124
123
116
115
113
70
39
51
51
51
46
40
39
27
53
98
100
107
110
107
109
108
110
114
114
112
115
109
111
110
106
105
111
108
107
108
111
110
112
110
109
113
112
108
108
108
117
118
119
119
120
116
116
116
118
117
113
114
116
115
116
119
115
112
115
117
117
118
116
118
116
120
123
114
118
119
119
121
122
186
186
176
116
121
121
119
29
30
36
36
24
40
47
41
37
31
22
31
39
37
43
41
42
66
185
163
62
54
44
40
41
43
52
63
66
64
72
71
78
85
108
106
112
112
117
118
108
103
117
115
115
109
113
110
111
125
119
119
122
109
241
205
117
121
119
114
121
119
122
130
122
126
132
129
134
222
150
97
71
131
213
194
138
128
124
127
117
120
77
54
34
26
21
15
16
17
17
45
32
28
45
51
51
45
38
42
40
41
38
31
33
34
12
16
101
141
127
119
107
102
73
47
34
28
10
3
2
2
1
32
37
68
78
87
92
97
88
72
57
48
44
24
6
13
21
1
7
19
17
18
19
20
21
18
19
7
64
104
93
98
36
8
36
64
101
217
191
173
94
13
28
64
60
72
87
88
99
31
32
39
48
51
47
49
48
54
61
49
30
15
19
17
24
31
28
31
30
44
78
98
105
108
110
113
113
110
109
111
109
107
108
110
113
112
111
112
111
115
103
105
105
101
101
101
105
109
106
113
115
112
32
39
48
34
30
34
31
35
34
27
25
21
20
25
29
26
34
35
57
68
56
55
67
67
51
43
35
30
22
22
45
42
53
37
45
45
114
119
119
134
123
98
87
114
151
131
123
126
126
121
128
127
126
122
118
123
122
127
124
125
122
124
132
115
192
201
207
195
174
180
178
178
187
143
120
123
122
123
125
122
121
124
131
124
124
122
122
129
121
122
123
127
114
159
227
164
155
112
120
121
116
117
114
114
116
119
119
119
119
116
122
97
39
45
46
50
42
37
30
24
54
103
105
105
108
109
108
104
107
108
106
108
111
105
109
107
104
106
108
108
109
107
107
112
117
116
111
115
112
109
114
111
111
112
114
116
112
109
117
116
117
123
119
117
116
114
114
114
114
118
114
114
116
118
119
123
116
124
118
116
118
118
117
128
132
190
184
166
125
119
124
126
42
34
33
31
15
36
39
35
34
28
27
29
34
40
35
39
35
60
185
162
65
49
43
27
27
38
34
36
39
38
40
46
44
51
59
73
78
81
98
94
102
103
111
113
111
109
103
109
110
113
115
118
108
150
253
156
114
120
124
121
122
120
121
121
117
108
81
72
74
112
121
144
185
188
181
185
139
130
127
127
120
124
79
67
24
21
17
16
14
16
36
85
30
22
31
36
43
42
42
38
37
35
33
33
28
34
28
13
13
18
16
16
14
13
9
6
4
3
1
2
4
2
0
60
117
74
67
74
87
78
71
61
43
43
33
11
8
31
10
5
8
16
20
20
28
21
15
18
3
39
105
109
106
53
8
27
56
91
48
227
196
173
52
96
16
75
73
75
83
93
82
16
31
40
41
44
48
55
46
38
45
57
50
25
25
22
27
30
40
37
41
41
94
110
105
107
107
115
113
108
106
102
106
108
105
105
102
104
109
100
106
108
106
103
108
110
109
109
111
108
110
106
126
78
37
42
43
29
29
31
32
34
31
26
26
25
26
24
29
26
34
46
67
75
57
59
71
65
62
54
45
36
25
36
45
61
56
27
34
42
110
124
131
115
108
100
92
118
113
117
109
107
115
110
111
111
121
119
116
112
114
120
113
112
117
125
131
104
199
194
203
189
183
182
181
174
191
137
114
121
117
120
116
117
114
114
129
124
123
123
124
126
123
123
121
125
114
174
218
162
149
114
122
119
119
121
127
117
116
119
115
108
120
113
121
93
31
45
47
52
39
33
34
27
55
96
99
100
100
101
101
103
104
102
102
104
103
107
108
111
111
110
108
108
110
108
115
116
116
116
116
118
112
113
114
114
113
113
113
115
114
109
113
112
115
118
117
116
115
117
117
117
118
117
114
114
118
118
117
119
116
120
120
117
119
117
122
121
123
189
190
168
118
116
119
117
41
35
33
28
19
32
34
41
31
23
33
33
33
38
30
36
35
58
187
147
64
58
44
28
34
43
39
38
26
30
27
37
35
35
36
43
42
51
53
59
65
64
74
77
78
74
73
79
87
96
104
111
107
204
233
120
116
115
120
123
119
114
115
112
123
81
111
110
111
219
192
187
187
181
184
180
133
123
117
119
122
124
76
89
16
22
19
16
15
16
42
122
43
17
23
27
42
48
41
36
40
34
30
28
28
34
29
22
14
19
23
9
16
20
17
13
14
19
23
26
21
16
8
15
85
121
116
117
99
60
30
22
19
13
12
20
26
15
9
12
15
16
18
13
19
20
19
15
5
103
106
78
32
10
43
64
86
38
66
229
197
172
33
120
40
48
78
79
74
73
50
19
30
32
37
43
43
45
49
54
55
57
56
45
25
22
30
30
37
46
40
41
85
85
88
95
100
98
97
99
94
93
96
97
92
98
97
105
100
105
106
103
104
112
112
107
113
112
110
116
116
117
135
60
37
42
36
27
28
28
31
32
29
28
25
24
26
22
28
25
38
51
67
70
53
58
68
60
65
57
54
44
22
46
39
57
39
31
40
41
116
139
124
97
101
87
101
117
112
108
102
105
111
113
115
115
116
118
115
119
112
111
121
115
119
123
124
95
205
194
205
185
183
180
179
179
191
131
117
126
120
120
116
124
119
117
124
123
119
121
126
125
125
122
126
130
109
182
215
156
151
113
123
122
123
122
123
125
119
123
121
123
122
106
108
79
38
49
48
45
41
33
29
22
48
99
94
101
100
101
100
103
102
104
105
103
101
107
106
107
105
106
106
107
109
110
113
113
115
114
114
117
116
110
107
110
112
113
111
111
113
110
110
112
115
111
111
112
113
117
116
113
116
118
118
114
116
116
116
115
116
116
121
116
119
119
117
123
126
193
191
172
117
119
123
121
45
44
45
37
36
37
37
41
42
40
42
37
34
34
29
32
29
60
185
153
66
58
43
33
37
41
38
36
29
30
29
33
32
29
33
31
32
33
31
39
43
41
41
39
48
47
47
47
54
56
69
68
99
226
188
104
103
94
95
98
108
107
107
104
112
76
119
113
119
242
191
187
185
184
180
182
129
118
119
122
123
119
68
92
10
15
19
18
21
14
25
122
56
12
16
34
45
50
50
39
38
33
26
29
32
33
26
22
15
22
25
11
20
21
18
16
18
23
23
25
23
21
17
12
27
90
114
63
33
18
6
7
15
19
18
22
17
4
14
15
19
17
17
13
15
19
18
6
45
112
84
32
13
40
61
83
51
7
93
233
195
171
30
63
65
26
75
61
68
75
33
29
39
37
35
36
37
38
44
60
53
57
55
49
40
31
29
33
45
49
47
36
106
115
112
118
115
116
116
103
112
112
109
107
99
106
108
106
106
95
94
91
92
88
90
89
96
94
94
98
96
99
110
47
38
43
32
23
25
23
28
30
32
30
26
25
27
24
28
24
40
53
63
63
43
63
64
64
65
57
50
48
29
54
41
62
34
34
45
46
120
129
100
98
93
108
115
105
104
110
108
107
112
116
116
116
113
114
115
117
113
111
115
119
121
116
121
105
213
190
205
187
182
181
180
176
193
124
120
127
122
120
120
123
117
119
126
124
118
118
123
123
122
119
120
127
107
191
217
159
142
115
121
123
126
122
118
124
122
119
120
122
120
115
108
67
39
41
48
50
44
36
27
22
47
96
95
98
98
102
102
104
104
104
106
103
106
105
106
105
103
108
107
106
106
108
112
111
114
116
113
115
118
110
108
107
107
114
115
112
112
110
111
111
112
109
111
112
114
118
114
113
116
119
118
113
115
112
112
115
116
118
117
114
117
121
118
124
122
195
189
174
117
117
121
119
45
44
47
38
40
38
38
40
44
46
45
40
37
31
36
30
31
67
184
164
70
54
42
40
36
39
41
35
27
26
32
32
31
32
37
36
37
33
32
37
33
29
31
32
32
32
33
34
38
39
52
49
130
231
138
94
76
65
68
69
80
78
79
79
88
66
98
95
111
231
177
183
186
185
178
174
126
117
114
115
113
114
72
63
12
17
18
21
21
14
12
79
48
8
17
40
47
49
51
47
40
38
42
27
25
28
18
17
15
9
14
18
17
19
17
13
17
24
23
23
22
24
23
21
12
29
45
20
25
42
51
42
26
21
10
9
7
7
13
18
20
19
16
16
14
8
9
28
90
104
59
16
30
35
36
39
18
2
105
232
192
166
41
14
52
37
66
55
71
76
21
35
42
43
41
39
36
35
36
50
52
48
45
48
47
42
35
34
46
48
52
27
114
141
128
134
129
130
129
124
131
132
130
134
129
130
124
125
135
120
123
124
124
107
108
108
97
99
101
94
96
98
87
41
38
43
31
20
25
22
27
28
33
30
27
26
26
29
29
27
45
52
64
57
41
64
67
70
61
57
54
48
38
47
39
64
31
42
48
59
126
113
99
97
96
112
109
103
100
110
110
106
108
115
114
116
113
118
116
117
116
111
108
118
118
116
128
105
221
190
208
188
183
185
180
176
191
119
121
125
126
120
130
125
122
125
131
127
124
125
124
126
124
122
126
130
105
201
214
167
145
123
125
128
129
133
130
129
132
125
124
122
123
123
126
69
46
43
48
49
43
35
26
19
48
97
100
102
102
104
103
103
103
103
105
104
106
104
105
104
103
109
107
106
108
107
112
111
112
115
113
112
113
107
109
110
108
113
112
113
113
111
112
111
109
109
110
110
113
115
112
113
115
116
114
113
117
112
110
116
113
117
113
113
113
119
120
123
120
191
187
174
117
117
118
116
38
38
43
39
39
38
37
38
41
44
46
40
39
38
43
37
39
70
186
168
79
55
44
36
34
41
41
37
34
34
35
34
35
34
37
41
42
42
42
44
36
31
35
37
37
32
34
36
38
43
54
58
174
203
105
84
54
48
47
44
50
51
52
52
72
49
63
64
98
228
168
180
185
179
177
162
111
101
92
89
93
95
69
38
15
18
22
21
16
18
11
38
32
10
18
38
46
46
49
49
40
48
73
52
43
20
22
17
9
7
34
47
18
14
17
15
17
26
24
23
25
29
31
29
20
9
6
8
23
46
57
37
18
10
4
6
7
9
13
16
18
19
13
9
10
26
48
70
104
90
35
16
26
12
9
8
16
4
117
233
191
151
40
11
23
49
40
53
96
61
14
34
38
42
48
46
42
41
38
42
48
44
41
42
46
48
43
33
39
49
50
27
102
141
123
132
133
132
128
132
134
135
134
137
135
131
126
134
138
139
140
142
144
133
132
131
121
120
128
115
112
129
96
32
40
41
31
24
30
25
27
27
31
29
27
24
21
30
30
36
51
57
72
57
46
66
72
72
63
61
59
45
45
42
40
72
34
47
49
81
125
111
99
98
108
116
109
118
111
115
111
107
106
109
106
105
108
113
107
107
106
102
98
104
107
105
110
94
228
189
211
192
185
184
180
179
191
92
97
98
101
102
118
119
118
107
112
112
111
116
112
115
113
108
117
121
98
214
210
170
139
111
114
119
119
122
118
118
118
117
115
116
111
109
110
65
47
43
45
43
42
29
21
20
39
78
89
99
102
103
105
103
101
106
108
106
105
108
105
104
104
107
104
103
107
104
106
110
109
109
109
108
110
107
109
111
107
109
108
109
111
110
109
109
110
109
110
109
111
113
111
114
113
116
112
112
116
115
113
117
116
116
116
116
115
118
119
122
124
189
192
174
114
116
118
117
34
39
46
48
44
42
40
36
37
44
43
36
39
47
49
44
42
72
188
167
83
61
46
33
38
45
43
40
45
45
40
41
40
36
34
41
47
50
50
50
45
45
45
41
44
37
38
38
43
48
51
85
206
157
98
73
45
42
38
37
39
40
40
39
59
43
35
41
92
226
166
178
182
176
178
153
90
77
69
60
71
76
65
29
16
18
23
18
14
16
15
33
32
15
17
25
35
41
48
46
38
47
74
61
45
16
36
21
7
24
55
62
28
10
19
18
20
28
27
26
29
32
35
32
26
22
16
11
6
15
16
6
5
3
14
17
12
10
13
10
12
12
20
25
46
76
86
90
89
53
14
13
11
12
12
18
27
7
133
237
189
142
50
40
10
30
14
51
112
31
11
27
32
38
47
48
49
53
49
47
48
49
44
41
45
51
49
38
35
51
48
35
81
136
118
126
129
127
126
127
127
127
125
122
125
122
124
128
125
133
128
129
134
135
135
135
137
136
138
132
124
152
94
28
39
41
33
32
35
26
29
29
28
28
26
24
20
29
30
45
58
62
75
58
50
72
76
73
66
64
57
44
48
48
41
76
38
48
77
104
118
104
96
110
120
131
127
133
130
128
123
124
122
117
116
108
114
110
106
109
107
105
100
109
108
106
104
107
231
188
213
192
184
184
180
181
191
82
94
85
86
85
98
104
106
96
98
108
97
105
109
109
105
98
103
110
97
223
204
166
127
95
103
99
105
102
102
106
102
106
106
107
101
104
100
55
44
43
42
38
40
23
20
24
28
51
68
81
88
90
96
94
93
103
104
103
109
109
107
107
107
108
107
107
109
105
104
107
105
105
105
104
108
107
109
108
104
106
107
104
104
106
106
107
109
108
108
106
109
110
109
114
110
114
113
110
110
114
113
114
116
116
117
117
116
117
116
122
126
193
194
175
111
115
115
115
41
47
51
54
48
47
45
37
36
44
41
39
42
44
51
43
44
76
188
163
76
64
49
43
45
45
49
46
47
43
45
47
38
38
39
43
54
51
54
50
48
54
55
48
44
40
38
41
47
51
48
129
215
125
98
58
44
38
43
49
45
41
37
39
46
54
33
38
99
224
169
180
181
178
179
148
82
67
60
50
57
68
73
20
16
22
17
17
14
9
15
40
41
16
17
11
19
31
43
44
36
30
33
21
6
20
38
27
27
41
38
44
44
16
21
19
23
32
31
32
31
33
31
27
26
26
21
21
13
12
8
12
10
10
24
24
18
15
11
9
8
20
52
80
97
87
70
88
62
11
6
13
16
22
25
29
34
9
147
237
186
146
94
76
14
15
16
65
104
5
9
18
21
29
35
41
46
54
53
54
55
56
47
54
50
55
55
50
40
50
50
42
69
141
120
125
124
123
128
125
123
122
120
122
127
129
129
128
128
130
124
126
128
135
129
133
132
137
128
129
128
142
59
36
35
43
32
36
34
24
29
31
31
28
25
29
26
30
31
51
62
63
69
52
49
75
77
74
66
65
54
47
47
58
38
65
44
77
127
118
117
87
108
120
127
144
142
137
141
137
138
146
142
138
141
134
131
124
125
130
131
129
121
137
128
132
136
145
226
191
214
189
183
189
180
182
185
112
133
121
118
100
105
107
114
121
121
134
115
120
128
128
122
118
116
121
116
226
195
160
135
111
120
104
113
113
122
121
123
124
119
103
106
121
121
51
45
51
44
39
36
25
21
24
28
41
60
77
77
78
79
80
83
88
89
89
100
92
96
99
101
101
104
106
106
105
104
100
101
104
103
100
104
101
106
106
104
104
102
99
100
99
102
103
104
104
102
99
104
105
106
112
105
108
112
108
106
110
106
107
109
112
114
112
111
114
116
119
119
196
187
175
109
115
112
111
47
48
47
49
44
48
48
43
49
45
46
52
49
44
49
49
46
76
184
154
81
68
56
50
44
45
48
55
54
44
44
40
37
41
47
50
54
51
55
51
45
48
52
50
50
47
47
51
49
59
67
182
186
109
76
50
50
41
48
53
49
48
46
47
54
68
54
36
108
229
166
180
180
181
175
151
89
72
64
59
54
56
73
20
14
19
18
16
12
12
11
27
34
17
19
13
15
16
27
34
29
13
11
15
18
34
27
47
51
43
35
48
63
27
22
22
26
33
33
36
32
32
27
23
21
22
18
17
16
14
12
10
9
15
20
25
20
14
14
8
15
63
90
107
53
33
76
103
33
4
10
17
19
20
25
32
34
13
160
233
185
137
120
87
31
50
39
81
104
3
15
15
10
14
20
30
30
37
46
45
54
59
55
68
58
54
53
54
51
45
50
38
74
144
120
127
126
127
130
126
124
124
122
132
123
127
129
132
124
125
127
125
126
135
128
127
128
128
132
127
130
133
41
40
36
38
29
35
30
21
29
32
32
30
24
29
29
31
33
52
59
60
62
40
46
74
75
74
68
65
58
45
48
74
48
63
75
138
138
120
117
100
113
115
130
143
141
140
135
131
139
141
132
140
135
135
129
137
132
133
137
131
132
134
136
136
132
152
221
191
209
191
184
186
181
187
175
117
139
144
140
133
131
140
139
137
134
137
137
135
130
138
140
135
139
137
141
233
194
160
147
133
141
144
140
137
136
139
138
140
122
90
87
109
99
41
38
44
45
39
37
25
17
22
27
40
61
107
101
98
88
97
92
89
86
85
78
75
77
81
87
84
81
90
88
92
93
91
92
92
96
95
97
99
98
100
102
96
91
92
95
88
91
90
92
95
97
95
99
100
101
108
103
104
107
104
107
105
105
103
105
110
115
112
111
113
116
117
118
195
189
174
101
113
114
115
49
40
45
42
46
47
43
40
54
50
53
70
50
47
58
53
53
83
180
155
94
80
66
53
43
50
51
50
48
42
38
48
41
47
46
54
52
45
38
42
47
53
51
51
47
48
53
53
54
53
88
224
153
97
64
71
58
52
64
45
60
50
57
55
58
64
64
34
117
216
171
177
177
182
174
156
82
69
65
51
52
58
61
32
6
14
15
16
17
13
7
33
42
18
18
12
13
19
21
21
23
18
40
74
84
72
66
49
44
52
47
55
69
32
13
22
28
29
39
36
33
24
20
18
18
18
18
16
17
11
12
10
15
20
18
13
10
13
17
10
19
63
67
51
13
70
93
77
2
11
9
16
21
22
28
28
35
14
177
229
190
105
80
56
71
57
53
59
74
5
16
19
22
16
13
20
19
17
29
38
42
42
52
64
52
49
53
54
64
45
45
31
81
129
115
121
125
121
125
124
126
127
134
134
128
130
134
131
128
126
130
130
132
133
131
126
124
133
139
138
135
134
36
43
34
38
28
35
30
22
28
30
28
26
24
27
28
32
40
56
60
54
69
37
51
72
75
71
77
59
58
44
44
72
58
82
134
125
134
110
96
106
103
116
125
118
124
122
121
120
124
126
124
136
128
126
121
134
128
144
126
128
138
134
139
141
115
154
223
189
203
181
181
184
181
187
176
114
135
136
134
130
128
138
139
133
113
126
138
129
130
132
134
128
140
135
121
237
191
168
133
117
130
137
136
137
124
129
115
112
110
59
59
79
75
32
31
34
39
32
27
19
17
19
26
30
35
92
115
111
127
150
132
125
133
135
122
138
135
129
134
139
127
127
119
109
111
101
103
99
95
93
94
93
94
84
84
81
72
70
65
76
72
73
79
82
87
89
91
93
98
98
100
100
96
98
101
98
103
99
105
107
106
110
107
105
113
117
121
195
188
179
101
109
112
113
45
39
48
41
39
41
44
38
52
52
51
47
42
48
45
50
49
72
181
154
78
62
56
49
51
48
44
45
49
36
38
45
43
38
42
49
46
47
35
35
38
43
48
48
42
55
56
48
57
37
142
215
127
89
52
58
48
33
49
41
44
45
39
39
42
45
58
38
108
217
156
182
155
175
191
136
68
54
51
47
49
54
59
31
9
19
14
16
15
15
13
48
60
16
18
13
13
15
36
18
22
14
5
39
62
62
51
51
58
62
49
85
70
9
13
25
24
27
35
30
28
18
14
14
18
19
21
22
14
17
11
11
30
22
13
9
14
15
13
15
6
12
39
13
31
51
40
21
11
7
7
22
28
34
28
24
37
19
199
223
195
95
72
56
60
39
72
22
33
11
14
18
18
19
24
23
13
13
19
24
38
39
47
50
44
48
57
61
70
52
35
28
75
106
97
99
104
111
116
118
121
129
127
119
127
129
129
129
126
130
128
127
130
136
131
127
128
129
133
130
139
130
39
39
36
44
28
34
29
20
28
28
25
25
26
26
28
30
43
63
55
56
65
33
52
81
75
72
67
52
54
47
46
69
57
124
140
152
117
67
102
114
139
136
131
124
125
117
125
120
120
125
122
113
126
129
128
136
130
130
134
140
128
139
136
131
126
166
223
188
206
174
182
188
184
188
165
105
134
138
128
136
139
122
124
132
127
123
128
121
128
128
133
117
125
131
144
249
197
169
129
130
122
129
131
118
131
140
119
100
83
54
49
58
56
32
36
35
31
26
19
22
18
14
22
25
29
41
55
50
63
79
81
101
109
122
114
122
134
129
122
143
141
145
140
140
135
136
138
149
141
136
145
141
143
148
130
129
123
120
113
102
103
88
87
85
76
70
70
72
72
78
82
85
96
95
97
95
98
95
104
104
100
102
100
102
111
110
113
194
188
175
108
109
106
108
44
42
45
39
35
37
39
41
43
49
47
46
45
41
43
43
46
75
174
155
80
57
45
44
45
47
39
39
38
39
42
40
42
46
48
43
44
45
40
40
44
49
48
50
44
51
51
47
50
34
203
188
110
82
58
43
41
37
44
41
45
42
38
33
33
43
50
43
82
205
171
179
177
127
179
154
72
58
56
37
46
54
69
48
2
16
16
15
15
14
12
69
91
18
17
11
16
17
23
24
22
45
20
5
47
43
49
46
48
48
62
144
65
16
14
20
29
36
35
36
30
21
17
13
12
15
19
21
22
10
11
25
18
12
13
13
15
18
15
13
15
12
5
6
3
6
7
16
14
14
13
27
29
21
21
25
32
18
220
222
200
97
18
69
82
33
68
24
22
13
12
20
22
26
22
18
18
21
20
19
23
30
42
49
43
46
52
56
57
57
39
29
46
73
57
63
67
74
81
101
104
102
109
116
124
120
118
118
117
121
122
125
131
130
125
130
128
133
126
122
126
113
29
43
41
41
26
34
27
18
26
28
23
24
30
25
29
31
47
64
51
64
57
35
55
84
69
73
66
51
50
41
41
73
73
142
140
126
79
93
111
127
130
122
124
126
126
122
131
124
124
128
114
127
133
134
130
132
132
130
127
124
120
126
124
128
114
169
215
191
205
175
185
186
184
194
157
107
132
125
119
128
129
131
120
133
115
122
130
127
122
126
131
127
126
124
154
239
187
164
128
117
118
127
124
118
115
115
115
109
74
38
42
37
33
28
34
27
27
25
24
25
17
19
18
16
19
22
25
36
40
48
50
75
81
94
97
108
109
103
97
103
109
108
113
113
120
102
127
127
121
138
130
133
138
141
148
136
140
140
143
144
142
149
142
143
132
132
117
118
117
113
99
97
82
84
73
72
76
73
68
75
82
89
92
91
94
102
102
188
192
171
95
100
103
108
44
46
46
42
45
54
48
49
45
47
46
51
48
46
44
39
44
72
178
157
78
61
57
53
43
50
46
49
48
41
40
44
49
54
54
54
52
52
51
41
48
43
42
39
31
47
52
53
52
88
225
152
98
71
57
51
43
38
37
46
41
39
45
42
42
42
53
34
137
178
147
180
181
168
128
125
64
47
40
45
39
46
55
49
6
15
20
17
12
16
10
40
66
22
17
12
17
20
23
15
33
78
45
3
36
46
40
41
41
44
108
153
60
36
8
19
30
39
47
44
34
22
19
20
15
16
15
14
15
15
22
19
14
12
15
14
13
17
19
17
19
21
18
11
10
19
19
21
13
12
13
18
19
12
18
24
28
20
242
215
200
94
31
35
53
31
60
40
19
21
19
19
22
21
18
18
25
25
20
25
24
24
34
47
43
43
43
51
58
58
43
27
39
56
35
40
42
50
55
65
55
58
72
74
88
108
113
117
121
124
121
124
128
127
124
119
124
122
125
112
126
100
29
39
37
38
26
36
26
16
23
27
22
24
29
25
29
32
59
69
53
60
58
39
60
74
73
71
50
49
50
45
43
71
105
138
115
87
78
83
104
128
134
130
123
124
128
128
129
127
129
129
110
128
127
128
130
132
135
127
130
133
139
132
129
137
120
195
212
196
205
184
184
187
184
192
153
121
132
125
129
126
127
130
126
128
120
118
116
123
116
119
117
122
128
117
152
241
182
158
118
94
97
107
94
98
111
91
102
98
65
38
29
30
29
37
30
28
30
24
27
29
16
14
18
21
13
15
20
23
28
30
34
42
47
57
59
79
90
95
83
91
93
95
102
104
109
118
130
123
124
130
116
128
130
129
136
134
129
127
129
134
129
126
129
133
135
133
137
136
131
140
134
131
127
137
128
126
128
128
121
112
107
95
91
95
102
102
99
189
195
177
83
78
80
85
42
46
46
47
47
53
52
49
49
52
50
43
40
40
45
40
45
70
178
156
80
60
53
48
46
49
48
44
46
54
52
54
54
53
58
60
50
55
54
48
57
50
53
46
39
52
53
53
47
166
218
119
88
62
55
55
44
40
44
39
45
48
49
49
50
40
48
27
149
201
141
173
175
178
160
104
69
53
44
48
44
45
59
56
10
13
17
16
15
16
13
36
54
21
20
15
16
18
31
22
32
59
61
6
28
46
32
36
37
59
109
119
45
32
8
24
28
36
52
48
45
34
24
21
16
14
9
8
11
23
21
16
14
17
16
16
16
18
22
22
22
22
19
11
15
22
23
23
21
12
12
17
18
15
18
22
29
25
253
208
201
92
38
29
28
27
22
33
20
24
23
17
17
15
23
24
27
26
21
25
26
25
25
37
39
39
38
43
50
51
43
28
35
57
38
36
36
45
52
47
41
44
41
47
51
65
76
83
91
105
114
116
114
110
109
98
103
103
99
94
106
91
30
36
35
37
26
36
25
16
22
27
24
28
28
26
27
34
73
64
59
64
58
33
59
73
74
65
44
48
46
53
28
94
122
106
90
81
81
82
107
121
123
122
116
116
120
123
121
121
122
121
109
121
126
123
124
120
127
127
125
129
135
125
127
131
115
204
209
199
202
186
185
186
182
193
145
114
128
133
129
123
123
127
132
134
129
118
114
122
116
114
109
110
124
117
149
243
173
151
88
86
73
65
61
64
68
64
66
64
46
27
23
31
31
32
21
25
29
29
25
28
19
17
24
22
21
13
21
20
22
20
30
35
37
40
44
49
58
70
65
73
76
78
86
87
92
100
97
102
108
116
111
121
121
127
121
124
122
120
122
114
107
120
129
128
130
126
130
126
125
130
135
135
132
130
136
141
139
138
138
131
134
132
128
130
130
135
136
199
192
176
120
118
106
101
49
48
46
52
44
39
46
47
47
50
45
46
44
41
46
40
46
72
177
160
69
58
48
41
42
50
49
43
45
50
50
49
50
46
50
53
47
50
43
44
53
52
44
42
49
51
49
44
71
223
183
101
74
48
43
47
41
36
43
37
49
47
48
48
49
52
54
39
155
206
149
160
173
171
176
124
71
61
60
46
46
52
64
55
9
20
19
15
15
14
11
48
74
21
21
16
17
16
22
48
38
32
39
6
28
43
31
32
30
64
113
97
35
22
15
24
29
35
47
45
49
46
33
22
18
14
10
6
11
19
19
17
14
16
18
20
19
22
24
22
24
19
18
12
18
21
21
23
22
18
15
20
21
17
19
26
31
29
254
202
195
86
42
35
28
23
19
38
33
22
18
15
17
21
24
23
24
24
22
25
26
26
37
38
40
38
35
38
45
48
40
29
36
57
41
38
38
38
48
49
44
42
38
41
42
47
48
51
60
68
73
75
78
69
73
69
74
71
69
67
72
67
29
36
38
35
26
37
26
18
23
29
27
32
30
26
24
45
78
60
60
64
53
36
63
74
77
63
49
45
40
46
43
110
113
88
84
83
68
74
111
109
110
96
101
104
107
112
113
110
110
107
107
112
114
114
118
115
109
118
118
120
123
116
119
124
108
206
196
197
199
182
185
184
182
188
131
110
119
122
116
109
105
108
113
112
112
107
103
103
100
102
97
97
102
95
146
238
170
148
70
59
44
40
38
34
37
34
38
35
29
14
21
24
26
25
25
22
25
27
22
28
29
21
25
20
28
24
24
28
28
29
30
28
34
29
35
34
41
47
42
51
47
52
61
58
60
64
62
70
88
94
98
106
107
119
109
116
122
125
117
103
107
119
121
126
126
119
125
122
120
121
126
131
129
127
131
130
128
132
134
130
126
131
130
134
132
139
137
201
191
170
124
128
125
125
53
49
48
49
39
34
42
42
46
46
43
52
51
49
44
44
53
77
176
159
62
57
51
47
43
49
48
49
46
43
46
45
46
50
48
49
51
46
43
41
44
47
39
41
44
43
49
39
128
242
140
90
54
37
30
33
26
29
31
34
44
41
45
43
46
55
58
50
154
196
161
158
170
165
175
127
73
67
70
60
51
54
63
49
13
23
18
14
14
13
8
49
83
22
18
17
19
13
17
56
41
32
32
21
31
39
36
30
26
74
118
86
26
19
27
23
27
32
41
41
45
47
41
26
19
14
11
9
14
17
19
18
16
16
20
24
23
23
22
20
18
15
17
21
24
24
21
19
22
24
23
24
20
19
24
32
31
37
254
197
192
79
43
42
35
29
35
57
29
18
16
24
26
27
24
24
23
21
26
28
22
47
132
41
41
38
33
35
38
43
37
25
37
57
40
40
44
38
45
49
47
44
44
47
47
49
47
48
46
51
52
51
56
48
46
54
55
59
53
49
61
56
24
36
40
34
28
39
28
19
23
29
30
33
31
25
23
61
75
57
60
65
45
41
70
80
78
60
58
45
43
64
77
97
92
84
88
80
34
69
99
95
91
72
79
86
90
95
97
90
93
84
91
90
93
97
100
102
92
99
103
105
107
103
103
112
90
216
185
200
193
182
186
185
182
185
116
102
106
99
95
88
83
83
85
87
85
84
81
75
69
74
73
73
77
68
149
237
172
145
52
35
31
26
24
26
22
26
31
29
24
16
19
23
23
21
30
25
25
24
19
23
29
20
21
22
28
31
35
36
40
32
29
23
28
23
26
25
29
33
29
29
25
28
38
36
30
35
35
41
48
56
68
78
85
93
91
96
99
110
103
84
94
102
109
106
114
114
116
118
116
118
117
122
123
124
125
122
124
131
129
124
122
124
125
128
130
133
134
201
194
165
119
122
128
132
48
46
48
44
36
38
42
40
45
44
45
49
50
53
44
49
57
78
177
156
67
61
56
54
49
43
44
49
45
44
47
45
47
57
51
52
54
50
52
49
45
48
48
50
46
44
59
61
189
222
109
84
45
37
29
33
24
29
27
30
38
40
41
43
46
53
56
50
149
175
157
161
163
166
165
111
73
68
70
73
62
58
65
53
18
20
14
14
13
12
6
40
69
20
17
17
19
9
24
57
41
41
46
42
38
41
40
38
37
82
119
65
15
23
34
25
25
27
38
37
40
42
41
33
21
14
12
14
19
18
19
21
20
20
23
28
27
23
22
20
14
14
19
28
30
27
23
17
26
28
28
24
23
26
33
36
32
53
254
187
191
76
44
48
43
34
58
117
51
23
27
32
33
27
27
26
26
23
30
24
16
108
225
55
38
38
33
33
33
35
32
21
41
67
44
47
49
48
47
49
50
47
48
51
51
52
53
56
47
53
56
52
54
51
41
53
48
56
47
47
66
55
23
37
39
37
33
41
29
19
22
27
31
33
31
24
25
75
67
56
62
65
41
39
73
82
76
59
60
61
73
90
90
87
84
84
85
50
12
68
75
75
69
58
58
63
67
68
71
66
72
64
65
66
70
73
70
76
74
73
75
77
80
77
79
88
71
224
181
206
191
185
187
186
180
185
98
73
81
73
70
65
60
57
61
65
59
57
56
48
40
44
46
44
58
49
157
238
172
138
38
25
28
20
21
28
18
27
34
33
26
23
19
28
23
23
29
29
30
24
17
21
22
22
23
25
27
30
43
42
54
38
37
31
26
26
24
26
26
27
21
20
24
19
23
28
20
24
20
28
19
22
39
48
54
57
65
65
63
73
73
55
60
66
79
70
85
95
97
100
97
106
96
102
106
112
116
117
121
124
128
120
124
123
126
124
128
129
138
203
197
162
119
122
126
123
44
47
47
45
42
46
49
46
44
46
49
48
52
50
48
52
53
75
180
153
77
65
56
54
51
42
43
45
42
44
47
44
49
53
48
53
52
53
52
57
52
51
51
54
61
55
68
107
226
171
97
81
52
46
41
45
43
39
37
36
43
48
47
54
53
62
61
48
140
155
139
156
155
159
151
108
67
63
68
63
68
69
76
58
18
20
14
14
13
13
6
51
68
17
20
16
18
6
32
63
43
40
48
51
47
47
42
49
59
87
107
30
14
27
32
29
25
25
35
34
36
36
36
36
25
16
17
19
25
22
22
25
26
27
22
28
25
26
26
21
20
19
22
25
27
26
23
21
33
32
28
21
32
36
43
37
31
70
253
179
186
73
48
50
52
70
120
181
104
38
42
32
31
27
29
26
29
28
31
18
27
179
229
91
31
40
34
33
36
34
28
20
46
81
49
57
53
51
51
50
50
48
48
50
57
54
55
55
51
53
54
54
55
52
46
53
46
47
42
48
67
51
26
37
39
42
37
42
28
20
22
24
28
29
30
23
29
80
62
61
65
61
38
36
75
79
75
61
69
102
104
86
84
96
91
85
59
13
20
67
55
54
54
51
49
48
50
47
49
49
59
57
48
55
52
56
51
52
56
53
49
50
54
52
58
65
65
226
179
207
191
187
186
184
179
183
71
43
54
53
47
47
39
39
43
42
41
40
37
28
25
29
30
34
50
42
168
234
170
132
39
30
28
26
28
27
25
24
37
33
27
26
23
30
27
31
31
31
34
27
22
24
20
29
31
28
32
28
41
45
57
54
49
40
31
34
28
35
32
26
15
22
29
22
19
25
21
23
22
28
25
16
25
29
30
33
43
41
42
44
43
29
32
31
37
40
47
60
68
67
61
71
68
68
74
89
98
95
98
105
117
113
115
109
114
109
115
121
128
201
196
163
108
119
120
112
48
56
52
49
53
57
61
51
52
56
57
59
62
55
54
52
53
77
179
148
89
66
57
55
54
53
48
46
43
47
43
45
51
45
50
52
53
52
51
53
49
48
47
47
55
57
60
149
230
122
96
74
58
52
55
51
55
55
44
50
53
61
63
69
64
68
68
53
126
157
128
143
146
136
160
104
65
64
63
58
61
71
82
41
19
16
16
14
16
15
11
78
85
19
20
13
13
4
38
55
49
41
45
57
48
45
44
51
69
97
59
8
23
27
30
29
23
26
36
35
32
30
36
33
28
18
21
24
30
32
29
29
31
31
20
23
20
25
19
13
19
25
23
23
20
20
20
24
35
35
27
21
38
43
50
39
26
78
253
183
181
64
44
43
74
173
209
172
130
63
49
36
26
25
28
31
33
28
28
29
66
199
213
133
24
39
38
38
42
40
30
18
49
77
51
54
53
44
48
43
44
48
42
51
60
51
56
53
54
59
53
55
59
50
51
51
50
50
43
44
70
50
24
31
40
42
39
41
27
20
22
23
22
23
27
24
36
73
61
66
66
61
33
40
79
80
73
65
109
135
91
79
96
90
88
75
21
18
33
76
52
48
50
55
53
50
54
56
48
48
57
51
52
51
49
53
57
44
54
51
45
46
44
48
51
59
65
234
178
204
188
187
188
182
177
178
46
44
51
50
40
40
37
38
37
37
40
42
33
27
23
32
33
48
56
47
179
228
170
129
44
52
41
36
38
32
33
35
37
34
32
35
34
35
39
37
40
34
34
28
27
17
21
30
33
33
40
27
37
40
39
46
40
34
35
41
33
29
31
24
14
19
22
22
24
20
20
19
29
26
30
26
23
26
31
27
32
26
35
32
30
18
25
21
20
26
30
31
33
34
34
32
49
36
38
50
61
56
63
82
87
89
96
92
89
86
97
114
115
197
191
169
93
106
113
108
45
51
52
49
55
49
52
47
54
56
60
52
52
60
55
49
45
76
173
153
95
71
66
58
64
71
57
52
57
64
52
49
51
53
51
51
55
54
55
56
52
47
46
49
49
56
72
190
192
95
87
68
61
55
45
57
55
54
44
56
58
62
66
63
49
66
68
78
175
120
100
129
141
118
152
97
79
67
60
70
78
64
58
28
20
14
14
16
17
23
18
53
54
18
15
12
11
6
53
62
63
47
51
53
50
48
42
58
64
28
13
21
29
32
30
29
26
29
36
38
26
28
36
39
28
23
24
28
29
40
33
28
13
27
49
35
28
19
15
6
10
22
25
19
18
20
20
32
30
26
23
23
37
38
49
50
24
86
250
185
178
66
31
40
150
227
177
189
217
122
51
47
29
25
24
35
40
19
11
20
74
186
210
159
16
39
44
45
48
42
28
19
42
65
55
52
53
48
45
46
48
49
42
51
48
42
46
59
57
57
61
56
60
56
53
54
59
54
48
44
64
43
24
26
34
36
34
38
30
20
20
23
21
24
28
24
46
64
53
55
64
63
31
42
78
80
69
106
141
94
85
102
91
86
69
61
26
22
44
83
64
63
56
63
53
57
45
54
58
53
53
49
68
52
51
54
57
60
59
54
48
50
44
54
53
61
80
240
169
206
193
186
190
181
177
171
57
60
50
46
48
44
41
45
46
41
42
33
36
38
36
44
45
58
63
55
184
224
171
126
49
49
50
49
43
39
37
38
39
33
31
46
41
42
47
33
47
24
26
26
25
30
22
35
38
31
35
29
24
26
35
36
30
26
26
37
35
30
34
23
11
22
24
20
21
23
23
24
29
23
24
26
18
25
30
33
26
24
36
24
30
34
26
27
24
26
33
24
27
26
26
33
33
29
28
32
26
30
31
38
50
55
51
63
63
61
66
88
98
189
183
160
85
85
93
94
51
48
45
48
44
45
49
51
48
50
52
54
58
59
39
39
39
63
175
154
90
65
61
55
61
55
57
60
55
62
68
66
67
64
60
66
58
56
57
56
64
62
59
55
68
79
113
223
144
101
76
66
57
52
47
52
48
45
37
51
54
53
62
51
74
77
49
55
162
170
97
71
85
123
119
108
89
79
67
78
93
86
36
20
19
16
20
18
18
23
16
61
41
20
19
10
10
19
81
66
54
53
54
55
54
54
51
71
53
3
24
28
31
31
28
27
25
28
31
38
32
27
36
45
32
27
32
28
20
28
10
2
10
92
98
88
90
84
75
58
10
11
22
26
25
24
23
29
26
30
34
29
25
35
47
55
30
96
251
168
170
94
72
68
180
211
169
172
178
201
108
37
24
22
22
32
14
0
2
55
73
187
197
163
18
36
48
55
51
44
34
20
39
61
52
58
54
63
62
57
53
57
57
56
68
58
57
69
50
56
57
55
49
51
53
53
55
56
50
39
54
38
24
29
41
39
31
36
33
22
18
24
24
24
26
23
56
65
60
53
49
54
29
42
75
80
126
138
97
91
119
94
90
81
29
53
27
7
79
94
69
60
67
56
56
57
50
53
52
56
56
54
49
51
62
56
56
58
46
61
47
49
55
62
59
62
95
241
167
215
187
191
184
182
183
167
65
67
50
54
52
35
44
53
59
62
53
56
61
59
53
67
61
60
66
56
192
211
163
111
35
39
40
44
37
41
47
41
35
36
38
45
39
31
34
25
28
41
34
32
22
33
29
34
37
32
32
23
24
23
21
24
34
29
17
20
31
25
35
28
16
29
32
29
21
14
27
25
24
26
32
16
28
28
30
32
42
34
37
35
36
40
26
34
33
24
27
33
27
33
27
33
29
31
23
20
34
21
27
30
28
33
28
34
36
36
37
51
73
186
183
152
54
54
56
60
62
54
50
58
57
39
53
61
58
60
59
57
59
57
48
50
49
72
174
161
78
81
56
51
47
53
55
56
56
40
54
61
58
60
55
52
49
57
55
56
62
71
60
59
68
64
158
216
112
94
66
56
51
60
59
56
58
51
52
48
55
50
55
59
72
69
77
67
72
84
90
85
69
58
58
66
81
77
79
71
47
17
14
15
15
15
15
14
18
15
16
35
24
16
10
22
7
31
91
51
57
58
65
54
49
48
58
63
15
21
29
31
26
25
28
26
20
24
28
34
36
38
36
42
29
24
31
29
65
19
1
5
73
68
54
55
55
56
57
81
74
21
14
31
30
34
29
25
28
32
32
40
35
34
34
59
45
120
251
166
158
96
91
56
173
207
168
167
175
176
196
144
71
15
27
24
12
2
30
83
80
182
192
162
32
35
50
53
51
48
39
25
41
89
50
55
54
63
63
58
49
57
59
54
55
56
52
61
59
60
56
54
51
54
56
50
58
52
49
49
65
35
26
32
36
34
32
32
29
21
21
25
21
28
31
25
59
57
60
58
51
45
26
58
86
108
127
93
88
115
113
99
91
64
51
53
22
5
78
74
55
56
59
60
60
62
59
49
54
53
63
58
50
47
55
53
45
65
53
61
56
61
57
53
65
58
106
243
173
206
182
183
183
183
186
165
57
61
56
59
57
49
57
65
64
59
61
66
58
61
58
39
57
53
67
61
200
210
164
124
53
52
44
52
48
39
49
47
39
49
51
47
53
44
35
33
40
60
42
51
33
33
28
35
46
46
24
33
32
27
21
26
30
28
26
19
40
32
24
30
28
37
32
36
36
30
31
37
28
36
33
32
32
26
31
39
39
31
32
27
26
30
33
27
30
35
32
32
38
37
32
30
31
25
38
31
29
30
33
31
26
25
34
33
38
37
32
45
71
184
175
154
36
33
28
29
72
59
58
60
64
60
64
70
67
61
56
52
59
60
54
57
54
75
173
158
82
74
54
51
54
57
61
55
52
55
59
49
55
53
52
48
50
51
56
66
66
59
57
60
72
84
201
184
100
77
64
54
58
65
61
61
65
62
66
54
53
53
55
58
54
60
72
84
143
108
111
94
82
83
62
32
35
49
55
38
21
18
15
17
18
12
16
11
17
18
15
29
22
10
37
21
1
51
80
52
56
59
65
58
55
74
74
23
18
21
33
33
28
29
27
23
20
24
26
28
35
45
52
47
27
19
6
50
130
38
0
40
88
64
52
53
52
49
52
56
74
67
17
8
18
22
34
30
26
28
30
33
36
38
41
44
48
136
250
167
157
83
80
63
169
199
166
168
170
170
176
147
104
20
16
29
14
41
78
77
77
180
192
168
53
43
50
47
49
49
39
29
28
79
59
61
62
64
64
57
54
47
54
58
53
54
51
56
59
57
66
59
54
53
54
48
51
52
53
52
68
29
26
34
34
37
34
30
28
21
21
23
19
27
30
29
61
56
58
51
49
50
31
62
103
117
119
89
76
118
105
85
52
66
61
57
19
4
81
59
42
49
55
49
55
59
62
50
54
51
59
51
52
54
44
52
39
59
52
51
58
60
54
47
55
55
123
233
175
206
179
178
186
183
185
156
58
57
54
49
45
37
46
58
52
50
50
54
49
46
44
54
56
47
63
58
205
208
161
116
60
56
47
51
45
50
41
42
42
47
45
47
54
58
55
56
59
76
68
59
49
52
45
35
53
53
42
29
42
34
34
33
37
35
42
47
32
38
34
41
38
46
42
49
42
31
35
40
37
36
37
41
31
25
22
26
33
35
37
30
27
27
31
24
27
31
35
35
38
37
37
23
31
27
33
33
36
42
34
35
26
36
30
32
32
36
44
46
74
187
177
153
30
25
25
22
62
63
61
66
74
66
73
65
62
61
56
60
65
60
62
60
59
77
176
157
84
73
63
54
60
62
64
63
63
64
65
59
56
54
56
54
55
53
58
56
58
62
66
74
56
112
223
149
97
68
64
63
62
57
62
60
65
67
60
61
59
61
69
77
79
70
71
81
181
105
103
107
80
74
76
57
38
42
37
26
20
18
17
20
19
15
17
15
19
12
66
65
17
31
67
10
12
64
73
59
51
61
68
56
66
81
36
12
22
28
31
31
27
31
25
23
22
23
25
21
29
45
53
46
32
24
30
22
68
25
24
78
81
62
52
45
46
50
50
58
63
75
70
2
10
35
28
31
36
30
32
34
34
35
30
52
58
142
246
174
150
69
67
49
172
200
168
175
171
176
176
135
110
41
4
18
45
67
86
77
86
182
192
147
93
44
40
47
45
44
41
31
17
86
60
58
66
64
62
58
60
60
54
62
60
61
57
56
55
52
48
51
53
51
41
45
48
49
53
54
73
34
30
32
39
40
33
29
29
21
19
22
22
30
30
33
62
58
56
46
50
48
34
64
118
115
102
59
127
109
76
45
39
63
65
58
14
9
77
53
41
43
46
35
45
49
50
54
51
54
48
50
52
58
45
55
48
43
46
47
46
52
46
45
51
49
119
234
178
209
180
185
184
184
186
146
49
50
46
44
42
39
40
56
53
47
46
46
46
48
49
49
51
57
60
66
208
201
165
109
53
60
55
45
45
51
44
47
48
47
44
54
43
53
56
61
63
64
65
65
60
66
64
56
63
58
56
50
53
51
45
52
52
50
52
59
48
47
40
42
40
51
49
48
42
41
45
43
45
46
44
55
41
32
39
41
41
41
44
40
42
41
34
33
42
46
39
42
40
39
42
29
35
39
38
37
37
40
39
46
40
45
43
40
41
41
42
49
80
185
185
143
29
29
33
27
55
60
59
61
63
65
64
57
58
60
61
66
65
65
68
71
70
79
179
158
86
75
70
66
66
64
68
70
71
71
68
69
61
67
67
64
64
61
58
56
61
71
75
72
47
170
211
127
93
75
69
74
64
58
62
67
69
64
57
57
51
53
61
67
73
74
80
91
193
132
92
84
68
56
54
46
34
28
23
22
23
21
18
20
19
17
16
13
15
28
132
54
17
72
39
9
44
63
59
58
54
61
67
57
75
49
14
18
23
30
31
29
29
27
26
26
24
23
29
21
26
39
52
48
35
24
67
22
14
17
56
86
71
62
55
53
52
55
54
56
59
69
88
41
38
78
62
34
32
40
41
36
29
37
48
64
60
149
242
178
148
69
66
46
178
199
171
179
176
179
177
124
68
20
30
59
67
68
74
80
84
181
194
134
97
52
32
41
40
42
39
33
15
72
63
50
58
63
52
57
61
62
55
64
62
57
60
56
57
53
48
54
53
53
43
47
51
53
55
58
75
31
34
36
42
43
32
28
30
23
20
22
26
33
28
35
59
58
55
47
50
48
28
90
130
108
68
119
130
77
51
34
34
65
60
60
13
16
75
52
46
44
48
43
45
54
48
55
54
51
45
53
51
57
51
46
40
38
42
40
38
45
48
45
47
47
129
220
179
208
181
187
187
184
185
139
40
46
41
43
33
39
33
53
50
50
48
42
46
46
53
49
46
52
63
74
215
197
161
106
52
59
52
50
47
50
46
48
52
53
45
60
44
49
53
56
54
49
51
58
56
58
65
59
63
64
54
58
56
54
49
54
54
54
56
56
52
48
43
45
40
46
49
48
43
45
53
52
47
45
49
52
43
37
44
44
41
45
50
44
50
44
44
48
54
54
46
47
48
43
46
45
42
42
46
47
44
43
47
54
59
53
54
60
59
45
46
58
85
187
182
147
37
37
38
28
49
53
54
49
59
62
57
53
57
61
65
71
67
71
73
81
79
88
175
157
91
80
70
71
68
65
71
74
71
69
71
70
66
76
68
70
72
71
64
69
70
73
85
79
77
220
179
108
93
83
79
79
71
70
69
77
77
70
68
65
59
60
61
65
59
60
71
80
145
112
82
61
50
41
30
27
25
22
22
22
23
22
19
21
22
18
14
12
12
46
100
30
48
64
9
35
68
62
54
57
66
61
64
67
55
20
20
26
27
29
33
32
31
25
28
29
22
22
33
23
26
36
44
43
33
17
60
64
49
57
68
71
65
69
65
66
62
61
59
55
60
70
77
69
68
90
86
77
25
34
40
33
37
59
70
73
62
159
233
175
142
76
75
53
181
197
171
178
173
176
175
108
24
20
64
70
64
64
60
76
73
180
190
135
81
67
31
42
39
39
36
36
18
53
69
51
53
59
51
54
56
56
56
58
61
55
56
53
54
57
55
63
57
57
54
51
57
55
56
62
75
25
33
34
43
43
33
26
29
23
20
22
30
33
29
43
60
59
54
52
51
46
33
126
135
116
92
133
74
44
40
33
36
62
55
65
15
25
76
51
48
51
54
51
55
65
53
52
55
57
55
56
49
53
50
43
38
43
42
39
36
43
47
47
50
47
151
207
180
199
178
184
188
185
183
135
40
44
42
42
33
37
34
47
47
53
55
41
48
47
50
51
45
49
65
81
217
193
153
104
53
54
53
51
44
48
49
47
54
55
44
55
43
47
50
48
45
42
41
46
50
44
56
52
56
56
48
46
51
42
44
44
41
43
49
50
44
50
46
47
41
41
47
44
48
47
50
48
47
42
47
45
40
40
43
42
42
48
50
44
45
41
49
55
54
50
49
50
54
46
43
48
43
42
45
45
47
51
55
56
58
54
53
59
60
48
49
63
84
187
178
147
47
44
39
29
52
49
52
51
60
54
54
49
53
57
62
67
59
62
75
76
75
92
169
159
94
81
68
65
65
63
70
72
69
62
73
67
68
77
61
65
74
81
71
75
73
75
88
84
136
232
142
100
93
82
91
82
79
82
76
83
84
75
79
71
74
70
67
76
67
58
59
66
84
68
68
59
50
44
40
33
31
29
28
24
21
20
21
23
25
18
13
8
10
42
40
62
72
23
22
73
70
59
57
63
75
59
61
79
20
20
27
32
30
28
34
35
31
27
24
26
16
15
35
29
29
35
33
30
33
16
26
84
83
78
65
62
66
70
69
71
71
65
66
59
62
68
68
71
69
73
79
99
15
13
28
46
62
76
78
74
70
170
223
171
138
80
82
56
186
198
171
175
168
167
171
103
35
65
74
58
60
69
58
70
72
181
190
139
80
75
33
46
41
37
36
40
25
44
87
60
62
60
57
54
56
58
62
54
60
60
57
57
51
59
59
64
63
62
62
52
60
55
58
63
74
23
34
30
43
42
35
25
29
23
21
23
28
33
31
55
62
61
59
55
50
43
69
141
120
103
102
72
36
32
35
29
45
60
52
69
16
43
82
54
52
58
57
53
60
65
58
56
52
62
61
58
48
49
49
50
46
50
47
47
45
46
48
51
58
50
165
201
182
196
177
182
186
186
181
124
53
50
47
42
42
41
45
45
48
55
56
46
50
51
46
49
45
51
62
85
221
183
149
101
56
50
51
45
39
45
50
45
48
49
45
44
39
39
42
44
40
35
35
36
44
35
48
48
47
44
40
35
42
28
39
34
29
34
34
39
40
45
43
43
43
39
44
40
49
48
48
44
46
43
47
44
39
43
42
41
43
46
41
39
38
37
44
50
46
42
40
48
49
44
42
43
39
45
42
40
45
53
53
54
46
54
52
51
51
50
53
69
83
187
178
145
51
50
40
39
61
52
56
63
56
48
52
49
55
59
63
62
61
66
77
63
62
85
176
162
85
78
65
59
61
58
66
62
67
64
74
65
64
68
56
62
71
77
63
62
67
74
78
75
198
209
113
102
89
73
92
84
82
80
74
83
87
70
74
68
74
65
67
76
78
73
60
63
65
64
59
61
62
58
60
46
43
35
30
23
21
18
21
24
22
14
8
8
27
36
32
98
49
16
65
88
64
59
61
73
76
58
66
81
4
30
28
33
30
29
33
32
27
27
20
18
9
14
39
36
35
40
34
26
35
24
8
64
67
58
65
67
70
64
66
67
69
64
67
61
61
63
67
71
61
65
72
75
1
14
45
75
82
74
76
75
77
180
214
173
135
82
81
60
195
197
171
173
167
160
169
117
81
97
69
66
63
71
66
69
78
182
194
140
90
72
36
49
45
39
37
42
35
33
102
67
69
65
58
59
60
64
66
60
61
62
61
68
56
59
62
60
63
64
63
55
61
58
62
65
73
24
37
34
41
39
33
25
29
24
23
24
25
31
33
63
58
62
64
55
56
56
103
125
86
61
53
34
42
37
31
28
54
62
48
73
17
61
87
61
60
59
57
56
58
56
58
59
53
56
57
57
51
51
51
56
53
55
54
55
56
53
58
55
62
58
174
192
184
200
178
184
185
185
179
112
61
58
51
47
47
46
51
50
52
55
53
51
52
50
47
46
44
47
56
88
231
172
152
97
55
47
40
41
39
40
43
42
41
40
43
38
39
34
38
43
40
33
37
33
37
35
44
44
45
49
41
37
39
29
40
32
34
40
29
31
44
36
41
43
47
38
44
43
43
46
46
50
44
45
50
46
43
48
46
44
45
45
36
37
41
33
35
42
42
38
35
44
43
44
44
45
44
48
44
43
47
49
49
53
46
56
52
52
51
54
59
74
87
188
178
144
54
53
43
54
61
60
60
65
55
57
59
56
77
87
88
89
108
111
94
81
82
98
188
157
79
82
66
67
65
67
69
64
71
78
75
64
56
52
51
67
63
56
41
45
55
60
61
97
240
165
98
95
82
64
79
78
74
68
69
73
81
72
64
73
67
64
67
68
72
73
63
54
74
67
64
57
50
52
50
45
37
31
26
20
22
21
20
22
12
9
16
40
70
42
47
59
15
56
93
70
64
72
71
83
72
63
84
70
5
27
32
31
32
27
28
25
22
22
17
8
19
49
44
41
42
50
47
37
34
31
11
54
72
65
67
65
64
69
65
63
53
57
60
60
63
70
66
70
74
74
81
65
14
61
98
86
77
72
69
83
79
190
207
176
124
83
79
74
198
194
172
173
168
164
170
123
93
81
68
56
52
56
59
67
73
183
189
138
83
69
42
55
50
44
42
43
38
15
87
68
57
57
50
56
56
61
57
61
60
60
51
61
54
54
56
57
57
61
58
57
60
63
63
71
76
23
35
43
40
35
29
25
28
24
24
24
25
28
38
64
54
61
59
64
77
76
104
98
52
44
42
44
42
39
36
32
54
58
41
76
21
58
85
62
62
56
60
55
58
53
56
51
57
53
53
50
55
59
53
58
59
57
58
56
55
63
64
57
62
63
194
184
189
194
176
188
188
180
174
110
50
61
52
54
48
46
51
49
48
51
52
48
54
48
48
46
50
46
56
97
233
171
154
92
47
47
43
44
44
40
37
40
48
44
34
42
45
42
47
41
49
47
48
39
36
46
44
42
50
59
53
41
44
45
42
40
50
54
47
44
50
44
48
53
51
43
48
49
40
45
39
52
45
45
45
42
49
53
58
54
55
54
48
43
48
35
31
36
46
48
49
45
51
49
45
48
54
51
49
47
50
50
59
57
54
57
51
51
57
60
59
71
92
186
178
137
64
53
50
61
61
61
62
62
59
68
58
67
98
103
112
120
125
119
125
150
162
160
159
144
117
96
85
91
86
97
97
96
99
91
74
63
65
52
56
53
50
48
41
54
57
60
54
153
240
123
94
81
77
65
72
62
60
56
74
60
59
71
70
73
59
60
63
65
75
78
91
99
139
62
53
51
43
42
39
30
32
29
27
25
20
22
18
13
10
17
74
97
42
22
138
72
34
96
71
63
70
62
74
88
72
67
96
54
3
31
33
30
33
29
22
26
23
19
5
22
78
108
37
47
51
50
47
44
36
34
13
56
66
63
68
63
58
68
62
62
57
58
66
60
64
73
75
74
80
84
84
42
67
113
79
77
76
69
72
82
75
197
201
173
133
91
80
82
202
191
175
171
168
170
167
119
78
68
58
47
52
48
49
54
65
184
192
133
68
54
41
51
50
46
47
42
36
20
75
57
44
48
43
44
53
51
46
50
45
52
43
38
39
50
39
49
52
68
54
54
57
66
63
75
69
20
38
40
44
34
28
26
28
26
22
22
25
28
42
64
56
56
53
81
82
60
119
74
52
51
42
41
41
43
39
37
46
55
42
70
21
56
72
56
57
62
64
62
50
48
59
58
65
53
54
48
50
53
52
55
53
59
60
57
60
63
54
56
76
66
201
173
200
193
180
188
185
182
177
105
50
63
50
56
51
49
50
46
45
45
49
50
53
56
44
42
53
50
59
106
227
174
154
89
61
61
56
56
56
53
55
42
51
56
49
53
50
52
57
48
49
50
54
47
48
56
36
47
42
51
50
46
45
50
45
56
57
50
53
55
55
51
56
54
51
55
51
50
47
41
50
49
42
46
50
44
49
53
57
49
57
64
58
45
45
46
45
43
50
56
45
46
55
51
51
43
51
55
52
50
47
56
57
54
55
58
58
57
55
44
62
74
95
190
177
139
62
63
68
64
50
54
47
49
50
54
51
51
45
43
47
42
34
39
45
49
54
66
62
80
111
89
80
68
93
90
99
93
115
83
61
59
66
63
54
57
56
58
51
58
65
79
86
208
202
96
88
70
74
61
61
66
61
54
58
61
60
59
59
62
58
52
56
68
78
72
66
121
239
191
141
78
49
45
56
45
35
34
32
34
25
21
14
18
29
59
56
13
2
109
161
56
95
74
62
64
60
63
67
80
76
72
96
54
5
34
32
34
23
19
19
18
19
3
26
98
95
98
41
41
59
50
47
41
39
32
11
74
91
73
79
74
59
66
72
69
75
70
50
69
73
66
79
82
73
72
66
84
97
69
63
61
72
73
72
74
80
208
191
172
135
87
79
70
205
185
171
177
169
167
162
126
89
68
59
52
49
57
64
62
84
190
205
153
56
39
46
47
47
42
44
40
40
17
59
65
45
56
51
49
49
48
50
47
37
42
46
40
53
34
42
46
55
68
60
60
66
61
75
76
65
19
41
39
37
33
27
22
25
25
19
21
26
30
48
58
48
57
51
46
37
97
93
58
54
49
41
34
38
39
43
42
51
52
40
55
13
64
71
48
53
53
58
59
56
59
57
64
64
68
65
52
44
49
51
52
58
55
57
50
48
51
57
55
80
78
206
169
202
188
182
187
189
182
171
104
76
61
52
54
54
56
52
54
54
49
57
74
56
60
63
57
50
56
63
105
230
162
156
93
56
60
54
52
62
55
50
49
50
44
48
43
52
51
57
49
51
61
55
58
55
48
45
56
62
59
61
49
48
49
46
64
51
50
43
53
52
37
45
51
48
48
48
41
45
41
43
45
54
55
54
46
47
52
53
41
38
46
45
40
41
50
69
57
55
54
46
51
45
45
56
53
59
62
63
54
46
76
65
59
53
57
55
64
61
51
61
75
97
188
174
142
66
66
70
57
54
55
48
47
50
54
57
55
53
55
52
51
48
46
53
48
47
46
56
46
44
45
45
41
49
45
50
48
53
53
59
60
55
45
58
50
54
55
56
69
71
67
114
225
153
102
86
73
75
76
64
66
57
55
57
67
63
58
56
51
53
54
69
68
59
75
65
115
222
179
215
212
169
108
47
24
12
8
10
7
8
7
16
40
86
62
13
10
82
81
56
173
118
96
101
91
79
75
80
89
87
85
102
60
9
32
34
27
27
18
20
17
13
5
106
87
71
91
33
26
38
42
47
41
33
34
15
43
93
67
67
62
74
67
83
83
81
79
74
80
70
75
79
83
77
71
69
78
81
72
74
77
89
76
74
78
90
212
183
175
127
88
80
74
206
181
171
175
174
169
159
110
76
63
68
71
70
68
65
73
78
188
202
156
46
44
50
49
48
39
41
39
42
20
51
81
67
65
66
60
63
64
63
75
64
62
68
63
73
61
63
64
65
65
68
72
69
67
75
84
70
24
44
37
35
33
34
26
25
26
24
26
29
34
52
59
54
60
48
45
53
102
85
59
62
52
34
31
34
35
50
45
52
68
52
56
11
84
65
51
59
58
71
53
60
61
68
64
61
68
69
63
67
57
57
67
71
63
62
68
70
51
61
59
73
86
212
171
205
192
183
185
182
179
167
95
59
60
63
57
59
59
57
63
62
59
53
65
57
63
66
66
72
73
78
123
227
159
153
85
63
62
61
61
64
63
68
64
63
56
47
44
60
47
43
50
54
55
56
50
49
48
56
42
46
44
44
47
54
44
43
57
44
45
47
46
41
46
46
44
45
44
41
45
53
51
46
47
54
49
52
54
56
55
49
49
45
51
43
50
44
50
57
55
58
54
61
59
49
51
53
49
54
66
70
67
59
63
61
56
49
58
51
59
59
61
68
78
95
186
171
136
57
63
63
63
60
62
54
56
63
52
57
57
61
64
58
58
61
62
56
50
47
46
60
55
56
42
40
40
49
50
52
54
54
56
66
58
58
58
61
55
54
54
51
50
59
65
159
219
115
106
77
72
70
68
67
71
68
70
70
59
63
66
73
66
68
59
68
65
55
73
66
128
222
167
179
185
189
185
135
63
48
41
54
65
75
73
66
51
29
30
55
96
54
27
182
184
86
85
83
76
75
69
85
87
81
78
95
63
14
34
34
25
22
20
22
17
6
60
97
69
62
81
60
9
32
43
47
40
32
34
26
20
87
53
62
60
64
57
63
67
54
65
67
69
72
74
71
81
76
65
71
75
77
79
65
76
75
66
85
80
93
213
182
176
123
90
87
67
208
179
174
174
173
167
162
107
81
78
75
74
76
68
59
68
73
182
198
100
34
47
45
46
49
42
42
35
34
29
37
73
77
83
68
64
69
68
53
73
73
65
69
66
71
71
71
62
68
77
71
70
70
69
80
85
76
22
38
40
36
36
35
24
22
21
18
19
18
18
57
58
53
59
46
37
41
69
58
66
56
50
44
38
34
45
48
44
49
66
52
51
11
83
80
61
70
64
69
69
68
71
75
65
69
64
67
65
66
55
63
72
70
64
74
73
75
74
62
64
76
86
217
168
205
189
179
182
178
177
164
90
67
58
58
58
61
55
56
56
52
51
55
67
59
66
61
67
61
65
73
132
224
164
156
81
61
63
59
64
58
54
63
65
62
52
49
53
46
54
57
54
55
49
56
55
52
54
58
56
58
58
57
53
51
58
59
50
54
52
56
56
59
54
54
53
52
56
57
57
52
55
51
54
55
53
54
55
58
59
59
61
56
53
49
51
51
54
55
55
55
41
56
55
52
52
57
56
53
53
67
67
66
63
56
55
52
61
56
53
53
59
58
75
104
189
179
136
56
54
52
59
60
61
57
51
57
52
57
57
56
61
60
61
66
64
60
52
53
52
64
69
66
50
44
52
52
53
56
53
60
61
70
57
56
59
57
56
64
59
55
63
71
89
194
183
102
95
73
63
61
65
63
63
67
69
66
65
67
66
63
72
73
68
67
66
67
67
66
128
224
161
176
174
175
174
140
89
78
75
106
116
113
100
82
88
112
164
151
68
29
133
221
195
165
165
151
153
152
140
142
157
146
152
122
58
18
31
32
27
23
23
25
13
37
81
72
58
55
68
77
23
15
40
46
35
39
37
33
11
84
72
64
66
67
60
53
51
47
60
65
60
66
64
72
81
73
67
69
63
71
69
65
70
69
62
76
75
96
217
172
180
110
85
82
66
212
182
173
179
176
172
163
110
85
78
78
79
73
67
56
73
84
187
128
47
41
46
50
53
51
41
43
35
32
33
26
83
83
83
71
61
73
71
63
70
73
66
68
68
64
71
73
67
77
77
72
69
72
76
87
89
73
21
41
31
37
35
28
18
20
19
17
17
14
19
58
57
56
57
42
33
36
70
64
60
52
52
50
41
38
51
50
47
44
56
51
38
6
82
91
68
73
68
78
81
77
84
84
69
73
73
72
74
73
74
74
77
70
68
74
73
75
80
78
72
76
94
219
165
205
184
178
183
180
180
162
88
78
59
65
68
69
64
63
60
59
54
59
65
60
65
61
63
65
67
77
144
223
165
149
85
62
68
75
67
63
64
65
60
63
62
63
57
57
59
53
53
62
61
61
57
61
59
60
60
58
61
58
56
55
55
63
67
64
63
59
56
53
58
59
61
63
58
59
66
64
57
58
59
51
58
57
51
55
53
53
54
61
59
60
56
57
56
52
55
57
55
59
55
51
48
58
48
55
52
58
58
60
61
59
57
54
58
60
50
49
60
63
71
99
194
181
137
58
54
49
50
58
58
54
49
54
52
54
49
47
59
52
55
64
67
59
54
55
58
63
68
62
47
38
41
42
52
55
56
60
57
72
52
53
58
58
56
62
58
59
59
69
124
213
141
102
80
68
61
61
64
59
57
59
62
57
59
60
58
60
65
64
62
60
62
65
70
68
135
218
149
173
173
172
171
141
82
76
72
92
94
96
92
98
114
129
114
72
45
67
136
152
150
160
169
193
192
198
166
132
134
129
129
113
56
15
30
29
27
26
25
19
17
78
73
62
61
61
62
71
48
25
33
44
38
41
39
40
11
76
86
62
65
58
54
52
53
51
54
58
52
54
54
62
62
66
63
58
59
63
58
57
62
67
60
67
70
94
219
162
183
103
73
70
67
218
180
173
178
178
175
162
106
80
67
64
68
67
61
59
72
69
99
51
30
34
43
53
53
52
40
41
34
30
36
22
80
87
74
66
60
69
67
68
75
73
73
76
72
68
75
75
74
85
83
79
83
76
87
77
89
79
31
46
33
35
29
22
17
19
20
18
21
14
27
59
54
54
52
44
39
42
72
65
58
51
55
57
50
52
58
55
47
45
58
55
30
3
69
78
67
68
68
64
73
70
77
77
74
71
72
73
69
68
70
73
73
77
74
71
72
76
76
85
79
79
104
218
167
209
181
179
185
179
181
161
93
80
74
71
72
78
74
65
67
62
58
64
64
67
65
63
63
66
63
73
150
225
165
146
87
63
66
73
73
67
71
69
66
66
63
70
58
57
57
57
54
64
65
62
60
56
66
63
59
53
59
58
61
61
52
54
67
66
63
62
61
57
55
57
63
65
61
61
62
61
56
52
51
49
57
50
45
44
43
43
44
54
56
59
56
56
55
56
55
57
59
61
53
52
50
53
47
58
53
51
56
52
59
60
57
55
60
61
61
64
61
66
83
100
194
179
141
57
60
58
55
55
57
51
50
57
53
49
46
45
48
49
45
48
57
57
54
56
59
56
58
64
43
37
36
36
48
61
65
60
59
67
50
53
51
54
55
47
50
52
53
61
162
201
116
96
63
61
61
62
56
50
54
52
57
60
51
53
55
59
56
51
50
54
56
62
67
64
143
213
155
169
167
168
173
136
76
77
65
63
60
66
62
61
58
55
34
39
64
80
82
81
86
92
100
137
136
150
124
98
84
87
84
92
60
13
32
28
25
27
21
12
49
90
64
62
63
64
56
58
58
60
44
37
39
41
39
43
21
51
89
62
60
50
48
58
57
52
47
56
49
47
48
50
50
54
50
51
56
56
58
59
59
63
56
62
64
95
219
164
180
99
66
70
72
220
180
175
180
178
175
165
107
72
55
55
54
60
55
55
46
28
22
21
23
24
35
42
43
45
38
37
35
28
35
21
65
87
64
60
62
63
61
61
72
66
71
72
70
84
79
76
80
90
88
84
94
82
92
75
88
79
27
44
31
27
24
21
17
17
20
20
24
20
39
61
51
54
47
44
41
61
67
61
60
48
54
64
63
62
59
54
46
48
67
60
33
3
73
90
75
68
69
56
59
59
69
66
70
67
67
70
66
56
60
70
70
80
69
70
68
69
74
72
78
78
109
217
173
210
181
182
185
179
181
160
90
74
82
75
71
75
76
69
70
66
64
66
68
67
66
64
64
67
64
66
153
220
164
143
81
66
64
59
66
67
70
74
69
71
66
72
61
50
53
63
59
64
64
63
65
60
75
66
62
58
61
67
71
69
63
58
61
66
58
59
65
64
58
58
62
64
62
65
55
59
53
47
49
55
63
54
48
42
41
36
37
48
46
50
53
55
58
63
59
59
59
61
53
56
59
54
53
59
58
52
59
58
62
61
58
60
66
67
70
71
65
71
88
104
191
175
142
67
68
65
63
52
55
50
53
54
52
47
51
51
44
50
39
37
45
54
53
56
55
53
54
60
48
49
49
46
47
62
67
60
58
51
45
47
43
50
51
42
51
47
52
73
199
173
108
75
56
53
56
54
44
43
52
53
58
67
52
51
55
54
54
50
52
57
64
63
63
68
153
211
167
170
161
159
167
131
84
80
64
58
53
52
45
37
35
39
44
65
74
66
61
60
58
54
56
66
70
78
76
74
66
68
69
91
56
12
32
26
22
24
17
18
81
82
61
64
60
65
59
58
57
74
73
33
37
41
36
40
32
21
73
68
57
50
47
60
55
58
51
58
49
46
48
50
52
46
46
52
54
53
59
62
61
58
48
56
60
102
222
166
180
94
69
77
75
219
178
175
179
179
172
167
106
69
52
56
48
57
48
42
36
16
22
23
22
22
29
29
32
36
31
30
35
30
33
19
55
83
67
67
70
66
66
60
72
61
64
68
68
84
77
73
82
83
80
78
85
80
87
78
81
78
33
40
25
22
24
21
17
19
22
23
24
20
50
61
51
52
42
42
40
55
50
67
62
46
52
67
70
62
58
53
47
49
75
62
38
5
77
103
81
71
69
67
57
57
70
69
68
68
67
70
67
50
60
66
68
72
61
71
65
61
71
64
76
73
115
216
175
208
184
186
186
182
182
156
74
66
71
76
72
69
76
77
73
69
71
68
73
66
73
67
69
71
71
75
158
213
161
140
78
72
67
55
57
63
69
73
63
66
63
64
63
50
51
58
61
63
61
64
69
66
72
59
61
65
63
69
69
70
70
68
64
68
61
59
66
66
61
60
64
69
65
68
59
62
57
54
57
63
66
66
59
54
51
41
39
54
47
50
52
54
64
65
61
61
64
58
54
57
62
58
57
53
62
56
55
66
63
64
59
59
61
65
66
65
62
70
79
102
186
171
135
65
69
60
63
47
49
49
50
45
50
46
53
55
54
44
38
38
42
48
49
50
52
53
55
47
54
56
54
51
51
52
58
56
47
39
37
38
44
52
47
51
58
57
47
115
217
148
101
60
61
51
51
48
43
50
55
59
62
63
61
54
54
49
54
56
60
63
71
64
65
71
164
210
167
157
144
150
167
129
87
77
65
69
63
59
55
61
72
78
68
56
60
60
61
64
59
53
56
50
53
52
59
58
61
61
62
91
42
10
30
23
19
21
14
40
87
69
55
65
59
67
66
62
55
59
90
49
31
37
30
37
37
15
43
70
58
53
52
58
53
61
60
60
57
50
53
57
54
47
52
55
54
57
56
60
64
60
47
55
64
109
224
156
180
89
75
75
81
222
173
173
173
182
171
163
99
75
63
63
60
64
53
40
62
50
56
29
28
25
28
24
26
28
23
25
32
33
33
19
53
82
73
76
77
72
71
67
80
65
67
73
65
69
71
66
73
68
65
68
67
69
77
76
68
84
70
57
23
23
26
22
19
25
25
26
22
17
59
57
53
44
39
39
37
26
33
78
62
50
51
60
65
60
58
56
51
45
76
62
31
5
71
98
76
70
66
72
64
62
69
78
76
74
68
69
66
47
60
60
67
69
61
70
66
62
67
69
76
77
128
212
173
208
187
187
187
185
181
151
74
70
60
74
74
76
77
85
77
72
72
69
73
72
82
73
74
73
73
86
164
212
157
142
81
72
68
60
56
61
68
64
63
56
60
56
58
57
53
50
56
59
57
63
66
58
56
48
50
60
60
66
60
65
66
67
67
67
67
68
69
69
63
61
72
78
65
69
69
64
69
68
66
67
65
69
68
66
63
56
55
63
63
60
58
59
69
63
60
63
67
56
54
57
58
56
55
50
60
59
53
63
60
61
58
52
49
52
55
57
53
63
67
96
182
171
129
50
61
53
58
42
41
47
43
39
47
45
48
48
54
37
38
36
39
47
45
43
49
50
46
40
47
47
43
37
49
45
48
51
42
44
37
41
49
50
46
51
56
62
43
175
203
121
89
68
61
51
52
55
51
60
56
58
59
51
63
56
59
59
65
71
74
82
77
86
84
80
177
212
162
122
115
151
178
129
100
103
102
105
103
99
97
90
79
57
51
53
58
56
57
59
53
44
44
46
48
54
56
54
53
54
56
75
29
10
25
25
17
20
10
66
74
54
50
63
61
64
62
56
55
54
76
84
22
28
30
38
38
36
26
55
63
56
62
60
53
55
60
57
71
58
55
57
49
52
57
56
54
64
59
62
69
64
60
64
66
111
224
150
176
82
78
63
100
226
172
171
172
180
172
156
102
86
78
75
79
76
76
67
87
75
69
38
29
30
33
25
23
21
20
24
31
32
37
23
50
90
67
68
72
67
63
66
76
66
70
67
59
65
63
56
53
61
57
65
61
61
71
77
63
84
102
98
38
25
25
23
20
24
25
26
22
25
68
52
52
39
41
36
28
23
36
83
61
55
48
49
59
63
57
56
53
33
66
66
20
3
70
102
72
69
65
61
63
62
61
73
80
75
64
62
62
48
56
55
67
73
68
66
66
68
65
69
71
84
141
204
176
212
184
188
187
185
180
151
98
82
71
76
72
82
73
83
80
76
69
69
71
72
78
70
70
72
71
74
165
211
151
144
78
71
66
60
57
62
68
60
68
60
67
61
53
58
56
49
52
58
58
64
57
49
46
48
44
51
60
79
64
63
64
65
63
64
68
72
71
75
69
65
76
78
63
70
71
66
74
76
70
69
72
67
67
63
68
67
67
66
69
66
69
67
68
65
66
66
63
64
56
62
59
52
50
54
57
61
63
60
61
54
61
54
50
50
51
53
53
66
66
93
184
170
134
49
58
55
59
41
40
46
47
42
29
42
38
37
42
39
41
42
45
43
44
47
42
47
40
34
35
38
38
40
39
49
43
46
44
45
48
44
48
43
38
47
50
45
62
225
176
104
84
60
50
50
51
52
48
51
49
54
51
47
55
56
68
108
133
142
144
148
157
155
161
161
213
211
160
112
129
165
166
168
187
184
187
191
191
182
190
184
159
75
68
64
58
64
69
52
52
50
45
40
47
59
53
55
50
53
61
75
38
9
21
16
12
8
27
80
55
57
67
57
59
66
64
59
59
60
61
97
41
13
36
39
44
47
38
32
67
65
67
59
61
61
59
46
68
58
59
57
51
55
58
65
58
67
64
64
66
62
68
64
62
119
223
160
171
74
70
59
109
226
171
168
176
176
173
158
103
88
86
74
92
90
94
98
99
68
66
39
29
39
41
30
23
18
22
27
27
36
32
25
37
90
61
59
68
56
59
60
55
55
54
56
58
45
46
46
47
59
59
54
60
54
67
74
73
76
89
114
92
28
22
22
19
21
25
28
25
34
71
53
50
41
40
33
30
25
42
80
59
50
45
49
52
61
60
56
51
28
53
81
26
6
60
100
67
70
61
69
60
64
57
63
67
66
64
59
52
70
61
61
62
59
63
67
63
64
63
66
68
77
147
196
191
215
178
189
187
182
176
140
82
75
83
79
76
77
73
78
75
75
79
73
72
68
68
64
67
78
78
78
167
213
149
141
82
79
83
70
64
58
71
69
64
64
63
62
58
53
53
54
60
66
59
62
50
55
60
53
51
60
67
82
71
71
68
70
68
67
70
72
66
71
71
68
71
74
73
71
74
73
72
73
71
72
70
70
63
54
59
62
54
59
61
56
68
66
58
59
63
65
63
64
54
59
59
53
45
50
54
58
53
62
67
62
75
63
51
57
60
58
63
69
77
96
190
174
134
51
58
57
61
45
38
40
44
42
50
48
40
39
39
44
47
55
45
36
42
46
38
45
35
27
34
38
43
39
35
38
49
42
44
46
53
47
43
45
40
43
57
40
122
228
140
94
67
53
42
50
53
52
61
54
48
48
45
50
39
47
79
174
192
207
212
205
201
201
202
197
187
173
157
103
143
150
158
179
181
180
179
187
178
172
172
170
140
75
68
58
57
70
70
61
51
48
48
45
49
52
59
54
70
67
72
101
55
2
21
15
24
2
39
80
49
55
72
59
62
63
56
55
63
63
58
68
93
13
28
43
45
51
44
29
52
78
65
66
63
59
62
51
49
56
52
54
59
54
55
57
54
54
59
57
63
61
55
57
66
128
221
172
165
72
68
63
117
229
170
170
167
171
175
154
93
88
62
114
213
207
186
161
150
113
68
44
53
49
43
34
26
16
45
72
25
33
30
31
23
67
59
48
50
48
49
54
52
59
45
47
59
40
55
49
59
57
61
51
54
54
54
68
76
86
98
101
114
61
10
19
27
29
25
27
24
26
39
64
51
39
31
26
33
27
41
75
57
50
47
47
43
51
59
51
44
34
27
82
20
2
55
85
61
62
60
66
69
65
60
56
60
48
52
47
42
60
50
48
55
60
51
62
62
48
57
68
56
66
155
203
191
207
184
187
182
187
174
140
82
73
80
71
81
84
74
66
81
72
79
86
79
71
68
60
68
72
71
91
177
209
159
133
87
76
68
79
74
66
64
64
63
63
63
69
68
61
68
62
66
62
68
74
63
58
76
62
57
62
76
67
78
74
71
73
63
72
72
75
71
68
75
69
67
66
77
77
66
77
69
68
69
62
62
59
67
62
56
66
64
63
55
53
54
61
65
65
65
69
67
59
67
69
65
64
57
66
65
62
64
64
72
62
67
55
59
64
53
61
66
62
87
102
188
176
141
72
65
61
64
34
34
33
31
48
42
45
45
41
48
42
38
39
36
43
39
38
46
40
26
33
29
39
36
38
49
42
38
34
43
42
48
53
38
37
27
34
44
45
201
209
112
84
61
48
42
50
50
54
59
56
53
55
45
52
46
47
80
152
101
148
156
159
158
152
164
160
156
165
161
120
129
137
165
154
155
150
155
157
163
155
151
158
137
84
61
57
53
55
46
47
43
44
38
57
56
51
63
67
71
71
62
93
58
3
26
31
28
2
65
77
52
62
63
57
54
53
55
56
64
60
52
57
80
66
18
35
46
55
49
38
29
65
65
63
60
56
55
50
40
47
46
48
49
39
50
46
54
51
55
50
56
49
48
65
73
128
215
175
160
70
71
66
123
228
170
169
170
175
169
162
156
150
172
184
184
196
215
214
220
140
43
42
48
50
43
33
27
11
63
95
22
33
31
36
29
52
65
46
39
48
57
56
52
56
51
53
49
56
58
50
57
53
49
52
54
64
71
76
86
94
96
80
89
93
26
16
32
29
21
20
22
17
12
15
30
38
34
35
33
33
44
62
49
43
41
36
43
45
40
34
34
33
30
37
23
44
66
46
47
57
65
55
65
64
58
64
55
43
43
36
21
34
37
46
46
58
47
47
55
58
64
43
48
52
147
195
199
203
181
186
185
180
179
134
82
74
64
71
68
68
67
71
76
80
81
91
75
75
79
75
85
81
88
92
176
206
153
131
75
69
55
58
57
55
47
43
51
47
49
54
59
57
61
59
60
51
71
72
70
68
74
67
78
78
71
71
68
76
80
76
71
73
63
67
77
77
74
77
72
69
72
74
71
75
78
72
75
74
65
69
74
82
79
63
64
59
68
64
66
72
75
72
72
77
74
68
69
74
76
78
70
81
80
76
76
85
74
70
61
71
73
74
71
68
73
69
83
104
192
180
134
75
69
64
66
32
31
28
36
37
39
40
42
44
41
37
34
33
37
29
32
36
33
33
33
33
40
40
36
43
49
40
34
30
38
37
40
48
41
34
33
36
39
94
233
164
102
65
48
42
41
43
47
59
52
48
41
43
41
39
50
45
82
150
120
145
153
161
150
164
148
155
158
146
133
124
130
147
150
150
155
149
149
155
149
144
141
149
134
60
54
46
44
46
44
48
43
44
40
46
52
51
53
63
58
61
54
78
53
7
29
33
27
2
79
64
50
62
71
53
50
49
54
65
52
45
41
46
41
65
54
32
42
49
49
50
32
38
86
65
58
56
55
47
45
40
46
47
51
48
52
50
56
60
52
52
58
48
48
58
63
137
214
173
165
76
77
69
131
229
164
169
163
168
169
153
112
98
111
99
80
91
106
120
85
54
44
45
50
44
40
35
23
6
81
95
37
30
35
33
30
41
77
51
55
57
60
64
70
59
55
55
55
51
52
52
53
48
47
49
54
72
78
87
95
94
82
82
76
80
62
11
12
16
21
20
20
17
16
16
14
18
23
27
27
11
46
68
49
45
41
38
39
30
25
29
31
32
25
43
86
80
59
40
35
38
51
65
54
60
55
56
52
48
45
36
29
22
30
39
47
46
46
46
50
53
64
47
59
54
152
189
209
199
181
183
182
179
176
126
85
73
57
61
68
64
64
73
66
71
74
85
68
69
76
75
73
72
88
92
189
201
158
123
59
58
45
47
44
38
38
41
43
45
46
45
46
49
42
48
51
54
57
57
58
66
60
67
68
76
75
74
67
85
85
75
86
79
69
79
74
76
87
90
84
76
66
84
72
75
82
76
71
78
74
67
68
72
78
71
67
71
72
79
81
77
76
80
79
77
80
74
69
79
80
80
79
72
73
77
72
79
79
70
65
80
75
73
75
73
70
73
85
111
190
181
135
73
70
68
67
34
36
29
30
28
38
38
41
46
41
37
38
39
39
34
30
37
37
35
28
31
38
38
39
37
39
40
42
38
35
38
33
41
40
36
37
38
43
157
230
131
98
53
38
35
34
32
39
41
43
40
37
37
47
39
42
47
69
115
99
122
129
140
131
138
105
112
118
111
117
96
106
113
119
137
125
126
117
103
104
111
124
124
111
54
52
40
42
45
39
39
31
36
42
41
47
47
46
55
47
57
52
74
45
9
28
30
25
2
86
54
50
55
64
55
56
59
60
62
50
48
39
37
35
71
76
28
34
41
43
45
38
24
51
72
56
56
55
46
49
45
48
46
60
51
54
57
58
62
61
57
59
48
46
53
56
141
215
173
162
74
72
61
138
223
161
170
165
165
163
141
89
79
72
67
66
67
70
77
73
60
47
48
48
42
38
32
16
6
68
80
43
26
36
32
31
27
80
62
50
53
53
58
70
65
58
54
55
56
58
58
52
50
47
56
60
77
86
90
96
90
83
70
62
66
71
22
53
21
15
19
20
19
19
19
18
12
10
15
39
54
40
24
26
27
26
30
30
26
26
31
32
36
20
36
82
69
53
46
44
41
53
66
55
57
53
43
46
48
40
36
31
26
28
35
40
29
31
37
30
35
41
49
71
72
169
184
208
196
180
181
182
179
173
126
87
80
63
67
67
66
74
76
65
59
60
64
63
47
52
54
53
62
71
87
188
198
161
119
69
50
50
58
52
46
44
46
43
49
48
42
44
49
35
40
55
48
51
58
55
64
56
73
71
77
73
57
65
73
81
72
78
73
70
74
72
76
81
82
74
66
69
80
71
76
69
78
82
77
78
71
73
73
75
78
64
66
67
75
77
72
67
75
79
77
75
75
81
76
78
79
85
71
66
73
72
67
76
70
70
69
77
79
80
70
77
77
83
112
191
176
138
76
68
62
66
39
35
28
27
24
36
38
45
43
40
48
50
50
41
40
38
40
43
35
38
37
41
33
34
38
39
45
47
46
42
39
39
38
40
46
50
44
67
201
196
115
81
53
41
40
34
29
34
32
33
39
39
36
39
40
35
47
61
75
68
92
94
94
101
87
66
62
69
71
80
66
73
75
88
95
82
82
75
61
69
75
88
84
76
51
48
41
42
49
42
38
34
37
38
37
41
41
42
44
47
52
52
60
28
13
28
30
21
2
81
50
46
52
55
55
59
62
55
53
59
57
47
44
47
68
81
54
29
29
36
44
41
33
19
73
69
52
52
48
45
44
58
49
55
49
52
57
55
65
62
52
49
40
50
51
53
147
214
179
151
67
69
48
133
221
163
169
168
164
161
138
83
67
56
59
56
58
61
63
72
74
63
40
51
42
38
32
11
14
77
73
51
20
34
33
34
20
64
81
50
53
53
56
64
64
59
60
64
60
67
64
57
56
55
60
69
79
87
89
98
84
75
61
53
54
60
51
81
22
13
22
20
19
20
21
21
16
12
11
37
83
63
4
11
9
9
12
16
20
21
27
30
22
43
53
80
64
55
51
48
49
62
61
60
55
55
39
39
46
32
32
30
29
31
34
29
22
18
26
13
24
37
49
67
80
177
187
210
194
180
184
183
182
172
124
83
77
78
70
68
71
72
69
63
56
56
50
51
32
37
42
42
50
61
79
187
194
159
116
71
56
65
62
63
65
59
53
46
58
55
51
47
53
45
44
59
51
58
58
59
64
60
76
70
73
70
62
75
72
78
70
74
68
68
69
68
72
69
70
61
59
69
63
58
66
69
68
75
77
79
71
67
71
68
69
60
55
61
67
72
65
58
70
78
71
73
81
81
85
80
80
78
73
80
75
65
72
71
75
68
70
77
79
82
79
78
72
81
109
190
178
134
72
75
69
73
36
30
21
18
19
28
32
40
37
34
44
46
46
41
43
42
44
46
40
47
47
45
39
36
44
49
52
49
52
48
44
44
45
46
50
56
49
112
221
161
107
70
54
45
45
35
34
36
38
33
37
36
34
35
41
40
47
52
53
52
61
63
57
64
56
49
43
44
47
50
49
51
53
63
59
56
52
55
50
39
48
52
49
46
42
43
43
42
47
46
44
37
36
33
38
40
37
37
30
46
49
55
60
20
20
28
31
20
1
74
51
45
46
48
48
55
56
51
48
58
52
52
48
49
61
73
79
49
22
34
44
46
43
25
49
73
54
46
50
43
42
54
49
43
49
50
52
53
57
62
51
46
40
49
53
61
155
211
185
143
66
68
50
143
221
164
168
169
169
162
141
81
60
56
58
48
51
59
68
72
77
87
43
43
41
40
30
10
12
85
74
67
16
30
33
35
28
35
88
56
55
55
60
52
58
54
60
63
67
68
62
57
56
56
64
75
82
89
90
94
78
66
58
57
56
54
57
79
28
14
23
20
17
21
22
22
17
14
14
32
91
86
3
15
12
10
11
15
23
22
21
25
8
78
81
72
57
57
56
47
55
63
62
62
62
59
52
46
45
34
37
43
39
40
35
31
34
25
27
23
33
42
51
61
79
179
184
216
193
183
189
184
182
170
111
75
76
74
65
62
63
61
55
61
52
52
47
50
38
37
36
40
47
61
75
189
183
155
111
58
60
67
64
69
69
61
66
52
65
67
59
62
59
55
54
63
62
63
58
63
71
71
75
73
73
74
76
82
75
79
75
79
72
72
71
71
71
70
66
59
59
65
63
57
63
67
71
68
70
66
66
58
65
63
58
55
56
59
58
64
62
65
62
68
58
70
73
75
84
77
79
72
71
84
86
66
74
67
79
70
77
77
82
78
78
71
76
83
104
189
178
131
69
78
75
79
31
30
22
12
14
17
21
28
28
29
32
32
34
39
38
42
42
43
48
51
54
51
49
46
47
54
58
53
51
47
55
50
54
48
45
57
58
160
217
134
98
65
54
47
40
45
45
44
44
43
38
35
32
38
41
46
47
49
47
51
47
49
47
46
57
42
39
38
39
40
44
40
46
51
45
49
41
50
48
28
35
35
36
33
34
36
39
36
43
48
45
40
36
36
35
37
36
33
29
38
46
56
67
17
25
32
34
22
2
73
53
45
42
45
40
45
48
50
50
54
47
50
45
47
54
64
73
76
35
29
44
51
46
40
28
53
59
45
43
40
44
44
48
38
46
43
45
49
45
55
51
49
47
45
58
66
162
212
184
138
66
72
56
161
220
163
169
170
172
162
142
88
66
65
62
55
53
62
75
75
77
95
63
38
36
36
29
13
11
77
71
78
12
26
32
35
37
14
77
63
54
51
62
48
50
47
55
60
66
64
59
58
59
60
76
78
84
89
84
81
68
62
60
62
60
57
53
83
37
13
23
22
18
22
23
22
16
12
17
32
93
85
3
19
17
16
19
19
27
27
22
25
9
94
86
67
56
52
56
51
56
54
61
64
65
61
60
58
47
42
44
50
48
49
49
48
51
51
48
46
50
49
58
60
78
181
186
218
192
185
191
187
179
168
96
69
73
56
54
49
53
54
49
59
49
49
47
54
49
48
43
46
56
61
77
188
175
154
102
55
61
64
64
60
58
51
69
58
55
66
64
64
61
61
63
65
70
58
57
64
70
75
74
75
75
72
82
78
74
81
84
83
79
75
69
72
70
70
69
63
65
69
69
64
66
66
70
68
63
59
59
61
64
63
57
52
55
60
62
65
67
73
63
60
53
63
63
72
76
66
66
69
65
72
83
70
72
69
75
65
77
74
80
76
71
66
74
87
98
189
174
133
70
81
83
83
33
36
30
18
14
12
17
25
26
29
28
28
28
35
34
40
34
38
51
53
56
53
57
55
48
51
56
57
47
45
58
57
54
43
44
58
84
202
190
121
85
61
54
47
40
55
51
50
43
49
42
38
32
41
38
44
46
50
45
52
49
46
47
44
55
37
32
34
41
41
41
37
45
48
47
45
37
42
40
37
34
34
39
34
32
32
35
33
41
49
40
41
38
40
32
33
34
32
35
32
43
52
62
12
27
37
38
21
3
75
49
45
47
44
38
40
44
50
48
51
51
49
49
55
51
61
55
75
64
26
40
52
48
39
33
32
48
52
36
37
49
43
50
42
40
35
41
43
41
45
50
46
49
48
61
67
166
210
178
133
62
79
56
170
219
162
173
170
171
163
143
95
76
73
69
68
60
69
79
78
75
82
76
51
31
27
27
11
20
72
65
77
14
22
31
36
41
16
54
69
51
46
58
47
41
44
52
60
55
57
54
58
60
59
81
76
79
80
72
66
58
63
61
62
61
61
58
94
47
9
24
24
22
23
23
23
18
11
19
32
91
80
2
15
17
20
22
22
29
28
25
25
13
94
73
69
60
48
51
56
53
50
54
65
59
59
52
57
49
49
47
48
51
56
68
62
57
67
64
58
60
53
62
61
79
187
195
217
191
185
183
188
177
168
86
63
65
48
43
40
47
53
50
48
46
47
45
55
56
58
57
55
59
61
80
187
177
158
102
62
62
61
60
46
49
46
60
52
42
52
63
53
62
66
66
65
67
55
57
67
63
66
75
70
72
65
80
75
74
80
82
77
76
68
61
66
65
62
66
64
70
76
65
69
67
68
61
69
64
70
57
66
66
68
58
56
52
63
71
73
70
71
72
61
62
63
62
70
71
61
52
58
57
57
62
67
70
71
63
53
61
67
71
70
65
63
62
86
98
188
173
133
71
83
87
84
42
41
36
28
18
17
26
31
39
34
32
34
28
32
38
35
31
38
48
52
52
51
60
57
49
47
49
53
47
49
46
54
47
42
51
59
127
223
156
117
75
59
53
41
53
50
44
48
44
48
41
41
37
39
39
36
45
44
46
48
50
41
38
38
36
34
28
30
46
39
34
37
46
46
51
39
41
37
34
39
36
39
42
38
32
36
35
38
36
43
39
35
36
36
36
31
30
32
31
35
43
50
47
7
28
39
40
21
3
71
41
43
53
36
36
40
45
47
39
42
50
52
61
60
54
58
54
55
81
45
31
48
48
39
45
36
24
59
46
42
54
48
46
49
40
38
40
45
44
44
53
41
49
54
67
76
169
202
178
132
62
81
59
178
220
161
172
169
171
161
144
93
80
77
74
72
65
74
87
87
68
69
69
66
41
26
19
7
44
77
62
80
25
13
27
36
40
30
27
74
56
46
48
41
36
40
46
49
49
50
45
50
52
49
69
61
64
59
63
55
56
62
55
65
64
63
61
79
65
8
23
25
24
23
23
24
22
16
22
28
86
93
3
14
20
25
25
27
32
25
24
18
8
98
73
64
58
56
53
52
50
52
52
57
54
57
44
45
47
49
54
57
59
62
66
62
56
56
60
60
63
54
66
70
86
197
197
217
190
185
170
185
172
163
75
57
61
54
34
41
39
51
49
35
41
39
41
55
66
59
57
60
50
67
86
192
179
162
112
58
61
53
56
48
45
49
53
39
48
46
51
49
66
67
63
62
66
63
60
71
64
56
71
65
64
64
74
81
75
72
71
69
61
61
56
60
60
60
54
56
65
73
62
72
71
66
65
66
64
74
62
60
64
71
54
60
60
64
68
68
67
68
74
61
66
70
61
62
62
61
52
45
48
44
44
58
60
58
50
46
40
58
63
58
53
57
59
74
102
187
180
126
72
79
76
79
46
42
36
32
24
24
31
33
42
39
42
41
37
36
36
36
34
39
38
45
37
51
54
43
42
36
44
41
43
46
42
52
51
44
52
63
170
213
141
96
68
55
47
41
55
50
44
46
44
41
46
51
44
38
43
32
39
40
45
39
48
38
42
40
38
30
22
26
40
38
39
43
47
46
41
42
43
38
35
30
40
41
38
36
29
34
25
36
34
32
39
34
35
34
32
30
29
35
30
33
41
49
38
9
34
44
42
23
1
70
38
41
45
24
31
34
38
39
36
41
39
51
57
45
53
60
57
52
65
81
28
40
47
49
46
45
23
45
67
44
52
41
38
50
45
41
41
56
46
47
53
46
51
52
77
88
183
203
191
138
77
87
68
191
222
159
167
172
168
148
145
100
91
92
76
76
73
76
92
96
69
65
71
62
53
40
17
28
84
72
58
94
43
6
27
34
37
36
32
82
68
49
46
44
37
36
38
42
48
50
58
57
55
66
70
50
55
43
56
49
46
49
54
61
58
61
62
62
77
7
23
27
24
23
25
24
20
18
22
25
85
97
3
17
20
23
23
28
32
24
23
16
16
89
68
62
62
56
64
55
54
49
64
55
56
61
46
53
45
49
58
67
72
68
55
64
69
60
69
70
74
77
75
82
100
206
197
216
186
184
180
180
170
160
69
63
60
52
39
44
40
46
47
43
43
40
44
50
63
56
46
52
52
74
96
197
168
159
103
63
59
43
43
44
37
47
56
47
52
47
38
39
54
62
56
53
76
62
55
54
60
58
57
58
51
61
60
65
67
65
61
68
55
59
59
59
52
64
47
46
63
71
73
64
70
67
71
53
55
65
61
59
54
57
55
58
55
60
70
63
73
78
65
65
60
64
56
59
51
52
51
45
45
39
38
49
47
44
43
39
41
51
51
53
50
55
52
67
99
189
180
124
73
86
76
73
28
35
38
41
39
35
35
39
42
39
44
46
38
35
43
44
45
39
37
43
47
40
47
45
35
29
42
49
45
43
46
51
53
50
56
81
221
192
129
81
67
43
40
38
38
48
46
48
48
47
59
60
56
43
52
51
42
45
39
47
37
39
55
42
53
36
42
43
38
46
34
45
44
45
45
41
41
36
31
44
36
36
35
32
36
31
34
37
35
43
46
44
39
36
39
36
30
31
24
31
42
50
33
7
31
44
39
22
1
75
40
36
32
19
34
37
35
31
29
33
38
33
32
37
38
37
43
40
39
69
46
29
49
50
41
39
33
27
70
57
32
24
36
44
48
44
51
49
37
41
38
44
53
61
77
94
192
200
194
128
74
81
51
212
224
160
158
169
166
158
136
98
101
116
99
113
113
123
120
139
95
63
63
52
41
40
27
73
86
68
61
76
67
12
26
30
34
39
45
49
72
58
61
53
41
42
41
45
46
57
67
63
76
79
73
64
69
56
53
55
54
51
53
45
52
44
44
69
67
8
22
25
28
24
24
23
18
17
19
25
83
78
2
12
23
25
23
24
29
25
20
16
23
84
54
64
62
54
68
63
60
65
66
54
72
62
58
60
49
62
68
81
70
140
161
148
151
135
123
115
103
97
88
79
112
216
200
217
177
179
182
180
178
176
113
77
65
52
49
48
43
52
43
52
48
50
56
61
50
50
52
45
52
63
93
208
169
157
73
47
43
35
39
32
40
38
41
49
50
39
37
32
40
40
41
50
47
61
50
41
42
35
39
51
47
58
67
56
65
69
55
56
59
54
59
56
43
58
49
51
63
55
54
51
57
54
56
44
56
63
49
57
51
58
57
44
53
46
67
63
72
91
66
77
65
67
65
67
62
65
71
65
45
57
53
57
56
52
59
52
46
45
46
47
46
50
36
59
95
184
178
130
67
74
77
67
24
34
36
39
38
33
34
29
27
41
39
35
33
36
37
39
36
38
38
43
35
51
66
66
56
44
45
46
49
38
37
56
53
59
33
126
224
163
120
70
63
60
45
42
51
49
52
53
53
59
63
53
54
51
50
47
46
35
40
41
40
43
51
50
53
43
50
43
43
40
36
36
37
43
29
44
38
34
32
39
43
43
47
41
37
28
34
40
45
43
37
42
41
39
44
32
32
35
29
35
31
50
26
6
31
44
43
23
1
64
43
41
38
31
23
27
32
31
38
27
24
26
22
22
24
28
32
42
34
47
58
26
38
45
41
42
46
24
21
54
46
34
42
40
51
42
36
43
38
20
32
48
48
56
85
104
197
195
185
164
147
155
153
246
224
161
167
159
155
157
178
226
234
242
245
238
236
232
225
232
148
65
58
47
44
38
30
61
48
56
61
71
66
7
26
30
32
36
42
29
71
82
62
53
35
41
41
37
51
53
59
74
60
79
78
76
65
69
60
56
57
57
47
42
46
46
48
58
66
7
24
26
26
23
22
25
23
21
19
32
82
76
2
11
20
23
26
25
25
24
19
14
11
82
64
61
67
66
63
65
64
68
65
57
62
59
67
62
66
68
65
72
63
153
156
137
192
226
232
228
226
211
226
198
214
232
214
208
180
182
185
184
183
182
153
76
43
44
47
41
48
60
51
46
49
52
49
51
48
43
41
41
49
59
101
212
165
159
70
34
26
37
41
28
32
31
37
38
41
42
49
44
30
38
37
42
41
38
37
37
40
38
32
49
55
56
60
62
62
55
52
46
61
62
57
61
69
50
49
46
49
62
49
42
49
49
44
45
62
56
52
59
61
53
52
51
62
50
58
72
59
88
62
71
71
69
74
68
69
77
84
75
75
74
70
63
73
60
66
68
65
56
60
55
54
55
56
67
89
190
179
126
61
69
69
77
24
32
29
27
31
26
27
19
24
28
33
30
25
29
34
26
38
34
37
30
40
52
49
60
80
73
66
50
39
34
37
42
40
49
40
189
210
150
97
71
60
59
38
35
41
45
50
50
53
55
50
58
55
56
44
49
51
44
51
46
48
47
41
45
50
46
43
38
43
48
36
39
43
36
36
45
47
39
38
52
61
55
43
41
43
38
32
43
30
28
39
41
33
43
53
34
38
35
27
32
35
43
37
7
34
39
40
25
3
58
36
45
41
28
20
30
30
36
40
35
30
32
26
23
30
35
30
40
32
37
57
32
36
43
41
44
48
38
32
24
48
61
59
46
50
40
40
33
38
38
49
50
68
170
187
204
217
197
173
210
203
200
204
209
182
161
159
156
151
155
148
165
173
180
169
166
160
155
155
159
135
61
43
38
39
34
20
61
54
45
57
67
73
18
20
34
35
40
43
22
56
82
62
60
50
52
57
44
62
53
58
60
49
75
61
63
58
57
61
58
57
55
43
50
54
60
56
50
69
9
26
28
27
23
22
24
20
22
17
31
75
87
3
12
21
23
25
22
27
25
19
9
24
86
55
62
57
63
65
55
53
54
43
47
49
45
53
61
54
51
57
60
69
63
67
58
78
106
100
96
114
99
144
121
130
141
201
206
178
182
187
183
182
186
180
136
145
110
92
53
51
59
54
46
49
51
48
38
50
36
33
41
49
54
103
213
168
157
78
33
35
38
41
30
40
42
36
42
39
42
49
51
34
49
44
37
31
34
32
30
38
43
49
52
55
56
49
57
59
53
55
45
48
57
43
44
55
62
44
43
37
49
47
41
50
55
35
53
59
54
53
59
61
58
50
54
51
57
64
65
58
74
69
65
70
72
64
67
67
64
71
77
75
83
78
75
74
59
71
78
72
64
73
73
66
68
63
81
104
191
176
131
70
65
59
71
22
20
27
29
31
26
23
23
25
23
26
24
22
20
21
26
31
33
34
38
41
73
122
139
108
82
61
54
52
56
50
49
51
45
80
223
184
143
93
70
52
49
38
34
40
44
51
49
53
49
45
55
53
53
51
51
58
53
56
46
53
53
40
48
43
42
38
36
29
30
30
30
32
35
42
48
45
43
51
54
56
51
42
38
38
43
39
37
28
35
42
36
45
47
47
41
39
35
27
33
42
48
34
6
30
40
39
27
5
80
43
38
35
26
24
35
35
37
34
29
34
29
29
31
32
30
34
33
28
26
42
34
25
40
42
47
50
55
38
15
12
27
55
45
52
37
37
39
28
40
54
54
81
210
137
156
205
196
181
170
157
152
156
164
164
163
161
155
155
152
135
146
158
159
157
154
154
158
160
155
149
65
45
39
32
24
23
49
51
49
50
50
80
38
14
33
36
34
40
21
42
82
60
63
67
59
61
53
57
46
48
48
46
51
58
51
53
55
59
61
55
58
47
59
56
61
54
44
72
18
18
28
26
22
21
25
18
19
21
28
78
87
3
12
18
21
23
24
26
23
22
10
48
88
53
51
49
52
47
52
43
48
35
41
43
42
43
41
49
43
43
54
58
47
48
50
52
55
61
58
66
58
72
76
93
99
206
204
175
183
186
183
187
152
115
100
118
91
89
64
58
60
55
44
51
56
49
43
44
38
40
43
53
63
107
213
166
163
69
41
37
43
47
37
39
47
39
39
39
44
47
48
41
45
46
39
43
37
40
36
46
46
52
52
54
59
50
52
54
54
53
50
46
50
43
42
57
56
49
44
48
41
40
48
46
47
40
45
56
55
48
58
55
52
56
46
44
54
58
56
55
61
64
72
68
66
63
75
68
56
64
61
63
74
77
72
72
77
73
69
68
74
71
71
74
73
66
91
106
188
177
130
70
62
59
68
26
24
31
31
25
26
31
29
29
28
32
28
25
23
20
22
33
38
32
38
31
120
203
218
207
184
150
115
86
74
69
65
64
42
157
232
179
137
95
78
61
61
52
50
50
58
56
45
51
51
49
52
50
47
54
54
55
48
50
40
49
48
37
42
45
43
36
37
33
27
38
31
35
44
41
48
47
45
52
52
48
43
47
35
38
43
38
36
42
45
46
44
47
42
38
42
41
39
36
35
42
49
49
13
28
36
38
28
3
72
41
31
29
30
36
37
46
35
30
28
26
30
39
33
36
26
28
26
27
24
29
37
20
43
41
47
51
43
47
72
72
55
56
53
34
34
34
35
28
31
42
54
76
219
133
147
208
199
187
164
156
156
154
165
155
151
145
147
145
143
132
146
155
154
157
156
153
155
162
157
154
77
27
32
32
24
25
49
41
47
50
48
68
41
18
34
32
32
35
28
34
71
59
50
57
48
38
41
43
45
45
45
49
50
56
49
49
56
55
55
44
48
46
53
51
52
51
43
79
19
21
30
29
23
23
26
20
22
21
28
83
93
6
12
21
26
27
23
27
24
23
18
36
85
58
53
48
53
45
40
43
45
37
40
43
41
38
40
48
40
36
50
46
44
45
50
44
46
52
50
56
48
46
60
73
89
213
197
175
185
185
180
184
130
73
70
65
58
65
62
56
59
54
49
52
55
43
45
46
45
44
48
56
63
114
213
162
164
67
44
43
47
54
49
48
43
39
46
51
46
49
43
45
51
49
44
48
48
44
46
58
43
54
53
50
50
42
53
46
50
46
44
43
47
48
46
43
49
47
46
48
40
32
43
39
40
33
32
50
48
50
51
54
46
48
44
44
48
49
47
52
52
54
62
60
60
55
57
61
55
63
53
55
62
67
62
64
75
70
68
65
73
70
69
67
70
73
89
111
190
177
123
68
67
65
68
28
30
33
32
27
31
34
32
35
41
32
33
31
29
24
28
33
36
35
41
29
137
210
226
233
228
223
207
186
163
125
93
72
76
214
222
172
109
82
76
66
53
45
47
50
52
52
47
44
45
46
46
41
42
46
55
47
43
44
33
47
47
38
40
47
42
33
38
44
34
39
37
43
49
43
48
45
40
49
53
42
38
39
36
38
43
41
40
45
43
49
48
45
39
36
37
39
39
38
42
45
45
60
18
28
35
38
27
7
53
30
26
28
34
42
37
44
40
33
29
28
37
37
37
32
27
27
29
27
21
25
44
26
37
37
38
42
55
105
124
118
95
77
59
32
34
36
32
20
26
35
37
74
207
131
155
216
200
189
161
158
158
154
163
136
130
125
127
127
132
131
145
151
152
153
147
140
145
155
153
143
95
49
15
15
16
34
60
39
40
44
51
63
59
19
29
29
29
31
34
31
51
63
51
45
36
20
26
30
43
46
47
48
59
52
47
51
53
50
48
38
42
44
48
41
45
47
43
75
21
22
29
28
22
23
23
21
25
17
23
75
89
5
14
25
27
26
26
28
27
23
23
28
67
60
54
48
58
50
37
46
46
42
38
38
37
37
42
47
47
39
41
43
41
42
44
37
44
48
50
52
49
49
58
63
92
218
191
177
186
185
179
182
115
62
54
51
49
53
55
56
62
48
46
49
46
42
47
41
41
41
46
58
65
116
210
165
166
69
48
49
53
51
53
52
46
44
49
54
48
50
42
47
56
51
54
52
54
42
46
58
45
48
50
50
47
36
46
43
49
45
44
38
36
43
44
41
48
43
43
43
39
41
38
36
37
32
27
45
41
48
49
45
43
39
41
43
39
45
44
49
42
43
44
51
51
46
40
48
48
53
49
50
52
53
57
59
60
57
66
62
62
64
54
56
62
75
79
106
191
178
124
63
66
64
64
33
35
31
34
34
37
36
34
38
40
31
31
33
27
29
30
28
35
37
43
33
138
196
209
218
215
228
236
238
225
197
169
147
164
233
210
176
150
131
125
119
105
99
95
92
84
75
55
42
41
42
38
32
40
34
45
35
38
41
34
40
44
39
40
45
37
37
37
42
43
36
37
40
43
42
43
37
34
42
44
38
36
31
34
36
41
43
41
38
29
40
44
41
41
32
41
42
40
38
51
58
51
68
21
32
40
38
23
7
47
32
33
37
39
35
39
38
42
38
29
34
45
38
39
24
30
26
29
25
22
31
57
30
29
36
33
45
101
141
127
118
107
96
67
58
40
37
37
27
29
35
25
76
179
113
144
216
196
190
150
144
135
129
137
110
101
94
91
102
110
115
133
136
133
126
115
108
114
138
136
118
83
71
36
27
29
53
59
41
33
41
47
59
70
23
21
27
26
29
32
32
38
57
72
57
36
29
32
32
41
44
52
53
68
56
49
52
56
50
46
49
52
50
50
44
47
45
50
72
32
18
26
27
22
22
22
24
26
15
17
70
64
2
17
26
29
28
30
29
27
24
29
22
42
58
52
47
55
46
41
42
43
41
37
34
35
36
39
42
48
42
38
39
35
41
40
37
39
48
58
50
52
53
59
64
104
222
189
179
186
184
177
180
102
56
47
56
57
53
50
57
57
47
45
48
42
44
45
37
36
37
39
51
64
117
210
168
164
69
54
52
60
46
55
51
50
52
49
50
50
50
49
45
52
52
59
56
51
38
37
47
44
48
46
49
50
45
43
45
49
47
41
38
31
37
36
40
40
42
43
40
39
45
40
38
38
41
32
45
40
44
47
38
40
37
38
44
40
46
47
46
38
39
38
46
42
40
39
40
40
40
39
44
43
45
54
53
50
50
57
49
56
62
42
47
52
68
73
102
191
177
132
59
63
60
58
41
38
33
36
34
39
40
36
36
29
30
27
30
22
30
21
25
34
35
38
42
139
191
215
228
219
220
218
220
216
222
229
221
223
226
204
195
220
213
204
176
171
167
157
151
151
128
75
51
42
41
37
32
34
30
32
26
32
34
36
33
36
38
37
39
34
39
33
39
46
35
31
30
32
36
38
33
32
36
31
35
33
29
31
31
41
39
36
35
18
25
36
34
42
33
50
48
48
44
56
64
65
75
23
39
44
36
23
4
56
42
42
49
39
30
41
35
39
40
27
36
46
46
33
21
30
23
23
25
25
35
60
38
19
32
34
75
132
120
108
112
110
95
65
76
59
39
41
42
33
36
28
69
128
88
117
212
195
191
125
117
101
94
95
82
64
54
56
73
80
81
102
102
97
84
76
69
66
106
101
89
51
58
64
58
55
62
47
44
33
42
38
49
62
36
14
25
27
29
28
35
43
45
60
67
54
49
51
46
44
46
56
63
73
60
55
55
62
54
56
61
63
63
52
53
50
46
57
81
46
20
30
29
25
26
25
28
28
16
22
76
39
1
18
26
32
35
32
32
28
26
33
20
28
52
54
45
42
38
39
35
37
34
37
32
33
34
32
37
44
42
42
37
34
41
42
42
42
53
62
54
55
54
59
66
116
222
188
181
185
183
174
180
89
50
44
52
58
52
44
52
48
49
49
49
46
45
38
40
38
40
41
47
58
122
214
164
159
65
56
52
60
44
52
49
50
55
46
51
53
48
60
48
45
48
53
56
48
40
38
41
37
51
44
49
57
57
47
44
45
45
35
44
38
35
31
30
30
43
44
41
37
35
39
42
46
45
38
47
42
42
38
43
40
37
38
44
45
46
46
44
41
41
44
44
39
41
42
43
43
37
33
42
39
40
49
42
44
51
50
40
51
61
45
48
48
62
73
106
193
176
135
58
64
59
55
41
41
41
35
32
40
41
36
32
29
26
28
34
30
29
22
27
28
36
34
51
110
159
198
211
206
206
200
191
182
166
179
166
170
179
172
181
188
216
213
170
163
144
129
130
147
139
85
54
37
40
40
34
26
31
29
30
33
28
32
35
34
32
32
31
32
30
31
41
39
33
28
27
31
35
41
35
32
33
30
33
26
25
31
24
42
36
30
37
23
19
28
31
39
43
46
42
49
44
50
51
67
68
22
42
44
37
32
11
60
45
37
46
33
34
37
32
41
39
28
38
39
46
30
31
29
26
29
33
28
32
46
53
17
23
38
107
122
99
99
98
97
62
38
51
67
44
42
39
29
33
31
49
61
59
92
212
196
195
80
76
61
60
53
54
36
30
40
53
54
49
60
60
68
57
53
53
36
66
66
65
42
40
44
52
54
53
46
47
37
34
35
46
53
50
11
21
31
29
33
51
72
62
30
46
69
62
54
53
47
51
54
58
64
54
53
61
58
55
63
55
55
64
49
48
44
47
54
81
53
29
38
30
27
28
27
30
32
17
35
78
40
10
16
28
32
38
32
35
33
33
35
34
46
48
56
40
30
34
31
33
35
32
36
30
27
33
27
41
44
44
42
40
40
37
44
43
53
56
53
56
53
57
56
64
124
222
188
181
185
183
174
183
71
48
43
42
48
46
41
42
49
46
49
50
52
50
36
43
42
46
52
58
64
129
215
160
157
58
49
47
50
41
41
43
47
50
38
54
54
48
59
52
41
42
49
50
51
47
50
45
36
46
44
50
60
54
44
44
41
44
39
49
44
37
37
27
37
45
36
40
33
31
34
46
51
42
40
42
40
43
33
50
46
37
43
41
42
42
46
44
46
44
50
47
44
47
40
53
50
42
42
45
43
36
46
37
38
46
46
47
44
52
52
56
51
63
72
104
193
179
128
55
63
59
57
44
51
42
39
46
48
49
41
31
34
29
37
48
42
37
30
26
32
41
34
36
51
108
119
115
120
107
114
97
108
87
86
75
81
86
85
97
101
149
145
173
176
132
94
57
71
64
47
39
32
38
34
29
29
31
30
34
34
31
30
33
34
24
24
28
24
28
32
30
37
38
35
35
42
43
42
35
32
36
34
33
23
16
24
23
30
35
33
36
29
25
28
35
34
33
31
27
34
32
27
38
51
56
19
37
48
47
41
20
33
52
33
31
43
36
39
42
50
45
35
35
34
36
39
49
31
31
38
36
38
36
38
50
60
32
52
111
103
101
79
44
20
8
13
2
20
40
37
39
24
24
30
32
23
46
86
213
192
195
54
50
36
31
29
39
33
30
31
39
37
39
38
40
47
47
41
52
37
41
49
49
41
39
35
39
44
51
52
37
34
21
35
50
50
59
16
22
33
29
59
99
126
118
94
44
45
66
44
38
37
47
50
45
43
51
35
48
42
44
44
38
43
46
46
41
46
47
50
56
41
32
35
38
33
25
26
31
35
19
34
63
51
33
15
27
38
36
33
40
42
49
48
39
85
57
49
37
33
27
27
30
27
37
38
36
26
28
30
45
47
45
41
35
43
36
40
38
50
53
48
51
46
50
53
65
137
226
189
183
184
182
180
187
59
49
46
44
45
39
52
47
51
48
51
52
55
60
48
44
43
47
45
56
78
135
211
162
152
49
41
35
37
42
42
39
40
42
39
48
47
47
45
44
46
40
50
43
47
45
48
50
48
44
43
44
42
43
40
41
42
47
42
47
46
45
54
31
51
49
38
32
33
39
47
52
46
50
47
42
42
44
50
47
45
45
52
51
47
45
50
48
50
49
52
53
50
48
46
52
48
43
44
52
45
42
44
47
50
47
46
47
54
54
59
59
59
68
78
103
190
179
126
55
59
59
60
47
51
46
53
56
45
49
43
39
54
35
43
55
43
46
35
41
41
42
28
32
43
65
91
88
96
90
84
86
93
68
63
65
66
57
63
57
64
79
51
78
90
115
139
109
129
64
45
30
26
30
22
27
32
25
35
30
24
26
24
33
33
29
23
23
25
28
29
30
44
36
38
34
42
43
43
35
24
29
35
26
22
20
22
33
22
31
26
21
26
21
18
22
35
13
19
14
18
19
24
25
45
56
14
36
44
39
31
19
6
55
65
46
52
46
48
50
41
53
34
29
32
35
51
39
32
28
40
35
41
36
36
44
49
38
57
98
89
64
23
8
4
14
22
11
17
38
22
30
30
19
29
28
26
46
87
210
194
191
44
36
26
15
27
35
31
35
24
30
18
34
37
33
29
31
36
36
35
33
41
42
32
37
31
39
43
49
47
37
39
34
44
50
50
60
44
23
21
62
119
132
127
129
149
137
64
53
36
37
40
44
48
35
40
39
23
29
34
40
37
38
42
38
40
32
41
41
40
54
35
36
33
36
49
24
28
29
29
22
29
33
38
40
15
34
45
44
44
52
49
43
49
36
73
64
48
37
26
17
28
25
24
48
34
37
34
31
22
38
40
36
32
36
32
40
29
33
37
38
43
33
38
43
58
68
152
224
185
187
183
180
180
178
59
58
62
52
53
51
55
62
61
65
57
63
57
51
45
46
42
40
41
51
64
145
211
158
147
36
39
29
27
36
32
33
37
36
42
35
45
42
39
51
45
39
34
35
45
42
32
36
47
42
44
34
27
45
37
29
38
43
39
40
45
47
54
53
56
57
46
42
31
45
52
47
54
53
53
47
46
44
58
55
50
59
54
50
57
46
49
62
62
61
51
51
55
47
40
44
46
46
49
47
48
52
45
48
46
45
59
64
87
71
73
79
68
93
90
116
196
182
132
56
65
59
53
36
38
34
37
43
41
50
46
49
55
41
45
49
47
42
37
43
42
40
31
37
44
41
55
44
44
52
51
54
48
39
36
40
41
41
43
43
44
46
61
48
47
39
49
61
80
51
33
26
22
22
26
33
39
25
34
26
23
28
19
31
33
26
34
21
24
30
37
38
44
34
30
31
32
40
48
37
37
28
23
30
35
29
23
25
19
26
22
25
29
17
18
20
24
11
20
16
15
14
14
26
50
28
12
30
32
28
28
33
12
39
73
60
54
45
38
37
34
35
29
29
29
27
40
33
31
27
28
26
27
31
31
29
30
32
34
68
38
8
16
23
22
18
8
10
54
49
32
38
31
29
37
45
51
54
98
216
190
181
51
32
27
19
29
23
31
37
28
37
25
36
34
21
32
34
29
28
22
37
45
35
33
34
35
34
41
41
49
43
51
58
50
50
53
59
76
32
48
136
121
116
124
133
133
135
122
71
43
38
37
44
52
40
39
33
32
32
30
32
28
37
34
39
44
50
56
40
48
37
34
36
31
45
41
30
27
22
25
28
29
31
26
32
22
41
45
39
51
55
51
47
56
30
66
75
52
42
34
19
25
29
22
32
24
29
30
26
14
31
35
30
31
42
22
29
34
28
44
28
33
27
34
43
55
67
158
219
184
184
182
178
179
167
62
57
69
59
55
54
50
57
54
52
59
54
50
45
38
47
42
48
41
49
70
145
210
161
154
34
35
34
25
33
30
38
38
27
35
29
37
37
37
38
33
23
29
20
29
31
31
39
40
44
40
38
19
36
41
37
37
44
40
32
39
42
45
47
52
61
44
47
39
52
52
40
50
50
62
60
71
68
60
61
59
56
59
68
54
54
48
55
47
43
47
52
54
44
42
45
49
51
55
51
53
56
48
44
47
49
64
67
61
69
70
76
80
88
93
118
202
188
145
64
73
66
64
32
37
36
37
35
42
48
56
52
54
50
43
47
44
44
48
44
44
36
39
34
27
41
39
36
36
40
37
43
40
38
42
44
44
34
39
36
42
49
47
44
36
37
37
35
29
31
24
24
21
27
23
21
30
40
28
21
33
24
23
28
32
26
35
27
22
28
29
33
31
24
28
29
31
26
33
38
39
23
33
30
32
31
36
29
30
29
31
32
28
33
34
28
31
27
23
20
16
13
28
33
34
18
22
39
40
34
34
25
24
22
13
32
48
29
25
27
23
24
23
29
27
23
29
28
32
30
20
24
24
22
22
23
29
29
14
9
5
1
3
8
7
9
17
58
70
50
28
29
34
28
40
40
51
55
108
217
190
180
40
43
34
24
30
29
42
38
36
46
34
34
39
39
34
28
28
33
29
38
41
38
39
37
36
41
38
38
39
49
49
52
51
46
45
52
40
10
63
113
114
123
119
110
99
101
95
93
67
45
32
30
39
39
32
33
41
37
30
38
37
36
37
42
43
49
46
45
39
40
40
44
42
40
38
39
22
22
29
30
28
32
38
28
37
36
40
43
48
49
59
48
48
93
55
66
62
35
28
30
22
30
22
30
23
24
22
22
24
34
33
20
29
49
27
33
49
50
47
44
45
52
48
58
83
79
174
219
182
186
183
178
178
173
72
90
85
77
77
69
68
71
67
55
47
41
44
53
50
44
45
61
49
66
82
145
210
154
156
59
42
42
37
41
35
39
36
26
23
32
27
33
35
25
28
30
23
17
15
28
30
41
38
40
41
37
20
29
32
38
37
42
39
45
35
40
44
48
65
59
39
44
42
37
49
41
37
53
57
53
55
61
68
62
62
57
54
58
64
62
53
45
54
51
55
57
57
42
54
56
54
58
59
55
52
56
62
38
56
63
77
143
164
147
126
113
95
94
102
105
189
201
145
48
69
64
55
35
37
41
38
29
48
49
57
54
47
44
38
40
42
41
40
38
44
38
38
35
38
38
39
43
36
38
38
42
38
46
43
41
44
38
41
37
51
40
33
49
37
34
33
29
42
37
23
26
18
22
18
17
22
48
35
27
26
25
22
31
38
32
31
23
22
26
22
30
36
27
23
26
30
27
33
27
29
23
29
35
39
33
33
22
35
35
29
32
27
29
31
26
31
28
25
29
26
21
27
27
31
29
19
24
42
33
34
22
23
26
26
19
26
28
22
21
17
18
21
22
28
28
26
23
26
25
19
22
20
19
16
24
30
29
26
16
23
36
14
8
12
18
47
44
43
39
36
38
33
20
27
31
42
50
111
215
194
171
46
40
32
32
41
44
35
42
28
21
33
35
50
42
37
35
39
36
35
45
38
35
37
40
36
47
45
41
39
45
42
41
44
43
43
50
31
13
40
75
66
54
38
26
37
28
25
30
41
56
30
28
34
30
32
40
36
35
35
37
37
38
36
39
38
35
39
36
40
41
35
32
31
31
33
33
26
32
49
39
28
32
43
29
45
42
42
49
42
47
57
56
48
116
31
53
70
54
42
45
31
26
21
34
26
28
30
26
25
33
27
30
30
33
38
46
58
64
62
63
59
66
62
71
81
68
187
220
174
176
169
169
190
166
69
82
82
79
80
70
67
64
63
61
45
40
38
46
42
46
49
55
55
44
70
160
208
164
139
66
50
38
47
47
39
48
29
18
34
28
24
31
33
22
37
30
26
24
28
32
38
35
43
56
40
33
38
48
42
40
44
42
39
43
44
46
44
41
52
54
52
38
52
35
38
43
42
50
47
48
50
46
57
51
57
57
54
64
60
62
54
50
57
55
61
61
72
66
50
61
63
50
52
50
48
54
63
66
55
67
69
153
181
192
195
204
191
199
203
203
214
200
186
131
131
144
158
39
41
42
46
42
49
51
53
51
44
43
40
35
33
34
40
43
35
43
44
37
42
47
41
44
41
42
36
44
41
47
49
51
40
46
44
42
43
36
40
36
37
50
30
37
40
30
21
30
26
19
20
17
28
33
34
33
29
22
27
35
33
28
33
20
25
25
19
29
34
27
22
24
22
21
33
21
20
19
23
44
47
37
33
35
35
39
31
34
30
29
35
25
39
29
26
24
26
26
21
27
31
27
29
28
31
33
30
26
21
29
29
32
24
30
20
25
22
22
24
27
31
32
29
24
24
23
25
24
15
19
20
27
30
31
29
31
37
38
35
33
34
25
32
28
27
28
26
34
28
15
19
24
31
51
119
214
194
166
38
35
29
39
40
41
38
34
31
22
32
40
42
44
36
34
43
41
41
44
35
32
35
41
34
42
42
45
43
45
41
37
38
42
44
46
44
20
11
31
24
15
16
12
21
13
13
7
11
22
29
25
25
24
32
38
29
34
33
30
40
43
36
43
43
34
32
35
34
32
34
34
31
38
33
35
33
36
43
43
34
33
37
40
41
42
42
48
49
57
44
46
61
79
23
45
58
56
57
47
42
31
35
35
25
35
31
37
32
34
27
28
32
17
33
45
69
89
96
110
114
115
117
129
133
138
216
223
174
172
164
166
181
187
161
167
171
171
172
171
170
167
132
66
44
35
29
34
39
41
36
41
48
45
60
158
208
165
140
61
52
46
46
42
42
54
40
30
47
31
30
29
27
40
40
44
34
32
36
40
49
37
51
55
44
40
40
43
56
43
47
38
38
39
46
43
49
54
52
48
51
45
50
43
35
36
38
46
47
50
51
43
45
49
61
51
50
53
61
62
53
48
58
52
60
55
57
74
56
53
54
45
50
46
49
54
59
78
87
94
123
162
147
183
190
193
184
189
211
207
205
175
219
212
211
213
204
47
50
51
49
49
46
50
55
51
47
46
41
38
42
41
42
44
40
40
44
46
45
49
46
45
45
43
37
41
44
48
49
48
41
41
39
43
40
37
42
33
41
48
33
45
34
32
24
32
26
18
24
26
32
31
33
34
30
30
34
38
28
27
38
27
27
27
26
28
34
36
26
24
27
22
29
25
22
20
31
43
48
39
31
43
34
40
35
32
31
35
38
32
39
32
28
23
27
24
19
35
38
31
30
35
24
29
26
26
29
34
34
31
25
28
23
24
25
33
25
34
34
36
31
24
21
21
26
25
23
25
29
34
29
30
30
35
31
32
34
39
33
27
23
17
20
24
18
25
22
20
17
20
29
48
123
216
197
158
41
41
33
34
37
31
41
36
40
39
34
42
39
44
33
39
44
46
51
41
34
32
34
35
30
37
38
37
40
39
32
33
32
38
39
36
41
31
23
6
9
14
18
21
22
18
19
13
11
2
23
26
21
23
30
30
30
32
31
29
38
36
37
40
42
40
33
32
31
28
37
39
31
34
30
38
34
33
33
41
41
34
30
44
34
37
40
46
46
64
49
41
56
49
40
51
48
44
47
36
38
34
36
32
26
34
32
39
34
33
37
34
35
28
40
59
133
173
184
194
200
199
200
206
204
207
224
210
176
172
168
175
179
190
206
207
209
210
208
207
208
201
183
82
38
39
34
30
35
37
34
36
49
45
58
163
207
159
137
50
55
54
49
51
43
46
47
42
45
35
41
35
40
52
44
48
44
32
27
48
52
40
43
48
44
40
42
40
51
36
38
39
39
31
46
40
47
54
51
41
42
44
35
41
39
35
39
30
40
53
49
46
43
40
48
48
46
44
61
56
47
44
51
43
51
52
48
57
60
49
48
54
50
39
45
50
53
65
105
95
120
130
105
113
113
131
132
135
146
149
147
118
156
185
182
198
199
52
50
54
46
44
44
53
58
53
50
42
42
45
49
48
43
40
51
40
45
56
46
42
47
39
42
42
38
36
45
42
42
43
41
37
31
41
43
33
35
41
45
44
42
41
36
37
32
32
32
24
28
36
38
36
36
36
31
37
36
40
32
35
40
30
31
29
35
34
33
32
28
26
34
28
31
32
30
24
35
36
37
33
27
37
33
33
35
35
34
40
35
37
36
31
31
25
28
25
29
33
37
36
30
30
27
22
25
22
41
32
33
25
26
20
22
22
27
36
28
31
30
35
24
20
21
19
27
30
32
32
36
37
31
27
31
28
26
29
28
32
27
24
21
17
23
29
27
29
23
28
20
22
31
45
131
218
203
148
48
48
37
30
31
30
36
44
42
44
35
40
42
45
38
40
46
47
50
37
35
31
32
26
28
35
36
32
32
34
25
28
30
32
32
28
36
42
48
23
4
11
17
19
17
18
16
13
12
9
28
25
22
26
28
28
33
32
33
32
29
26
32
36
33
39
30
25
28
29
37
36
27
28
28
33
35
28
29
32
38
35
30
42
26
28
37
48
42
56
54
43
46
48
49
56
44
38
35
31
34
32
30
32
31
30
33
37
35
37
45
44
42
45
53
77
177
187
198
200
202
202
200
198
199
198
193
183
173
168
164
174
181
170
179
185
187
188
187
183
185
175
178
91
37
42
40
35
32
39
41
40
48
47
64
171
205
159
137
53
53
54
55
55
51
46
50
50
46
45
48
44
54
50
54
46
45
31
24
49
54
45
43
46
46
38
45
38
54
31
31
39
37
35
44
46
47
49
42
32
31
34
32
35
38
43
43
27
40
50
44
47
40
44
41
45
41
41
55
48
41
37
43
38
38
45
46
42
50
41
45
56
40
37
39
44
46
46
71
63
72
70
69
58
55
77
83
88
88
92
81
71
78
110
111
152
147
52
46
56
52
41
44
52
52
51
49
39
48
48
46
55
51
44
53
40
46
53
43
37
41
36
34
36
32
37
45
33
40
40
40
39
34
43
48
31
35
53
45
49
51
35
41
40
42
32
49
33
36
42
46
40
42
39
37
37
36
40
39
41
37
29
35
31
37
41
29
26
28
28
33
32
34
36
32
28
28
32
30
29
27
28
31
23
32
39
34
37
31
35
37
28
32
26
28
31
39
30
32
37
33
23
31
26
32
29
45
31
28
29
27
17
22
25
30
34
33
25
26
30
22
20
22
22
34
36
30
34
37
35
30
25
31
25
29
26
26
25
25
26
17
22
30
31
35
35
31
34
28
30
35
43
140
217
202
140
46
49
37
34
27
31
33
45
39
37
38
36
40
41
43
34
42
43
42
37
33
30
30
25
32
34
34
31
29
32
25
25
32
31
26
28
37
44
50
50
23
14
12
9
9
15
15
19
22
33
38
28
24
32
28
31
34
30
33
32
26
26
27
28
31
34
28
26
28
24
32
32
24
29
27
25
37
25
26
28
34
39
33
46
25
22
32
48
41
46
45
41
41
47
48
48
39
33
32
32
34
32
36
38
36
32
38
35
47
45
49
49
48
51
50
84
169
141
156
159
158
163
161
159
160
166
162
165
162
151
158
163
177
157
161
170
169
170
175
169
171
165
164
77
43
44
46
40
37
44
45
43
44
59
73
175
202
166
131
60
51
47
50
50
61
51
49
53
54
51
48
42
53
50
64
61
44
44
38
48
54
49
54
50
50
40
46
39
55
35
31
39
33
43
44
51
49
52
37
31
26
26
33
30
32
47
45
37
41
44
41
41
34
58
51
47
38
37
43
41
39
30
36
38
31
39
42
38
39
38
41
47
30
38
36
39
39
41
36
37
42
35
45
42
39
45
48
55
59
57
45
50
48
61
70
106
82
51
53
67
64
52
46
49
48
52
52
44
55
47
51
65
60
55
50
41
43
46
41
39
33
42
32
33
30
43
44
36
45
36
45
42
43
47
54
40
50
58
47
48
52
39
44
43
46
36
55
40
44
45
45
52
47
41
44
40
37
40
38
39
35
33
39
33
35
37
29
36
31
29
31
32
32
34
30
30
26
33
35
33
30
26
28
22
29
33
31
27
33
34
38
31
33
30
31
35
43
39
35
39
34
27
29
38
44
43
39
38
32
34
27
30
29
27
29
37
35
25
30
30
36
31
26
32
37
37
26
35
35
35
26
23
31
30
27
21
24
22
22
31
20
25
27
27
32
32
35
34
35
34
42
41
143
216
203
136
39
47
36
37
32
30
35
40
38
38
42
37
34
34
37
32
35
35
38
40
31
31
33
31
37
31
31
29
28
27
26
27
32
30
24
27
36
39
33
45
53
41
20
17
24
28
33
45
55
53
37
36
26
35
30
31
35
28
29
28
29
34
25
22
39
33
35
32
30
20
30
34
27
30
24
26
34
28
28
30
41
44
36
59
34
27
27
42
39
45
38
40
37
40
50
40
38
26
33
30
31
40
47
42
41
41
50
39
61
47
51
51
52
52
38
83
143
133
154
156
158
172
170
169
162
167
157
150
130
125
151
152
163
160
171
168
168
169
177
164
162
162
159
62
52
52
54
40
46
48
47
44
44
70
77
184
199
173
114
49
55
45
38
48
58
48
43
47
49
47
48
36
46
61
63
77
50
66
52
52
51
46
54
55
52
44
49
50
39
39
33
44
39
42
53
49
50
56
44
38
36
28
21
34
32
39
46
36
38
41
43
34
30
54
54
56
38
37
32
33
33
25
30
36
33
41
40
39
38
45
42
42
35
35
36
36
33
39
44
37
34
36
33
34
30
31
30
38
41
39
40
39
37
42
49
58
51
54
58
59
63
61
57
54
56
58
57
46
51
47
61
55
57
56
52
60
52
53
49
49
38
33
43
41
41
49
42
51
50
43
54
51
46
50
56
48
60
49
52
47
44
45
45
41
39
39
37
46
46
44
46
62
49
47
45
48
39
41
38
39
38
36
41
36
38
36
41
35
38
39
33
37
31
35
35
32
27
32
39
36
32
27
27
24
22
24
42
30
33
35
37
38
36
38
41
41
47
42
43
35
34
31
33
35
36
38
31
40
35
35
35
36
31
30
27
40
31
33
41
32
45
37
31
40
34
36
30
41
41
40
40
29
30
29
22
20
31
29
32
37
28
35
31
26
35
33
32
32
36
32
47
48
151
220
218
128
36
47
35
34
37
36
33
35
40
45
40
40
32
31
24
33
33
34
36
37
35
35
37
33
34
29
35
34
28
27
27
25
25
23
30
24
29
34
28
29
32
51
53
56
66
61
59
57
51
38
35
31
31
33
32
30
36
26
33
28
28
36
28
32
37
34
35
25
23
34
34
36
37
25
27
38
32
38
45
28
45
43
47
70
42
37
35
36
45
43
44
48
39
47
41
43
37
38
43
34
34
47
50
38
48
46
48
56
52
39
43
50
54
49
41
68
99
109
118
107
127
149
143
134
134
127
129
100
72
106
125
131
136
145
146
133
154
150
155
144
138
134
115
68
56
54
49
43
45
52
50
52
47
67
82
191
198
179
117
39
56
53
42
43
45
49
45
46
34
46
52
49
44
62
51
55
48
64
53
50
50
50
47
56
53
46
51
54
47
41
40
42
47
49
57
58
65
58
48
40
48
47
15
52
42
38
39
38
53
45
46
35
22
45
47
57
39
47
33
36
23
30
23
33
37
39
42
42
38
43
47
44
38
35
31
32
28
27
43
36
31
34
27
36
31
29
21
23
35
36
39
36
33
43
44
43
43
62
54
61
59
65
65
62
59
57
59
48
52
52
49
50
49
44
46
54
55
47
56
56
44
45
50
43
38
49
52
65
67
56
60
56
57
50
47
49
57
53
43
49
44
50
37
37
35
31
39
38
46
47
49
49
48
49
48
48
45
38
42
40
32
40
41
44
49
50
48
45
45
46
42
42
39
46
48
39
35
40
33
33
42
34
38
24
31
31
39
38
37
33
41
48
43
43
55
42
44
46
43
39
37
42
41
33
30
38
35
37
31
34
37
31
35
31
36
36
39
40
40
27
35
26
29
37
37
26
33
40
44
45
51
47
36
42
23
25
35
37
36
46
49
44
42
36
40
36
37
38
40
51
63
59
163
224
221
128
52
56
48
49
46
46
35
34
38
42
34
35
29
21
23
25
30
31
38
39
40
41
36
32
24
26
29
25
24
33
32
26
28
25
32
27
28
33
35
37
29
36
38
42
55
41
29
39
41
34
35
32
32
28
32
35
37
38
36
40
35
33
37
34
33
34
30
26
27
30
32
32
35
27
36
42
42
37
45
40
48
47
45
47
50
38
43
38
45
47
53
48
38
44
48
48
45
41
45
40
37
40
48
36
44
40
32
37
34
36
33
40
46
39
39
50
60
71
79
63
77
102
110
89
82
69
64
61
56
97
93
95
94
118
92
98
101
99
115
86
104
94
71
55
49
55
48
51
54
59
59
57
55
69
94
191
199
175
119
54
49
46
47
41
46
48
43
42
42
44
42
45
37
45
45
44
44
39
43
46
48
56
46
59
46
41
53
50
39
46
45
45
45
47
53
58
50
52
39
36
50
63
48
46
46
54
51
68
58
53
39
35
34
47
50
53
48
54
46
40
18
29
26
34
37
31
35
43
38
39
47
45
37
33
34
37
38
22
39
38
32
25
29
33
29
28
20
25
34
43
35
34
38
37
38
34
43
74
64
58
63
66
60
54
49
58
61
56
53
44
49
56
56
52
45
59
64
71
63
67
61
54
48
45
40
51
55
59
61
62
60
57
50
46
35
43
51
35
35
48
49
47
33
41
45
38
45
47
44
44
53
49
46
47
57
45
48
45
44
39
45
29
45
47
54
57
40
47
47
41
49
49
35
44
46
49
42
41
45
41
47
44
30
35
37
36
35
40
42
40
43
46
48
40
44
41
35
39
40
46
45
43
41
37
24
55
41
36
33
26
35
27
38
39
43
32
36
44
34
33
30
29
32
39
36
36
38
46
38
39
44
48
37
41
43
35
39
44
39
41
45
62
56
57
64
77
63
67
71
64
71
63
171
223
222
139
72
67
63
63
54
62
51
52
48
40
41
36
26
28
28
22
29
30
36
31
43
41
36
32
32
30
30
23
17
35
36
38
26
26
30
37
36
40
35
32
33
34
37
33
35
35
28
33
31
37
40
31
28
27
18
29
34
48
38
44
50
46
50
32
31
30
34
36
38
29
28
25
17
28
39
42
55
41
54
58
58
40
32
40
50
44
49
46
55
54
41
47
51
47
39
39
38
37
46
40
34
36
41
41
34
35
29
33
32
37
25
24
34
35
32
46
42
41
49
43
44
67
59
61
40
46
42
51
37
57
61
64
67
71
57
72
52
63
59
42
48
59
50
41
45
45
47
56
62
57
53
44
53
84
98
201
191
177
108
41
47
38
41
36
41
39
41
38
45
47
40
45
42
41
45
43
37
45
44
46
43
39
37
58
50
52
43
41
26
36
48
52
58
45
44
51
46
48
37
47
53
60
68
56
48
60
62
78
62
56
51
51
42
51
55
54
46
71
50
35
35
30
45
28
30
32
43
32
43
44
45
43
45
35
33
28
38
32
40
34
25
18
28
20
28
23
19
22
30
36
38
47
25
34
37
38
48
58
59
53
62
60
58
53
47
53
68
59
54
70
60
57
51
54
62
73
58
67
65
62
52
52
62
54
55
52
54
62
55
62
60
41
46
51
43
42
51
42
52
57
53
56
33
39
44
47
47
46
54
53
62
53
54
54
56
52
48
45
50
42
42
42
48
49
43
49
46
50
46
42
48
44
39
45
42
46
46
36
35
34
34
33
35
42
37
41
34
49
42
40
36
38
42
47
49
53
49
35
36
34
35
45
50
41
42
50
46
37
51
48
44
42
39
36
33
25
43
37
47
36
41
35
38
34
31
41
35
32
40
40
37
34
30
28
32
30
37
50
75
92
115
94
76
69
67
63
73
76
70
70
87
76
186
222
227
118
73
76
66
69
65
73
67
61
57
55
45
40
34
41
31
28
38
34
33
31
32
41
38
36
42
41
37
35
37
36
34
37
28
33
30
35
39
47
41
30
30
27
25
37
36
32
28
37
30
29
32
29
24
27
28
31
30
42
38
32
37
39
42
41
42
35
40
36
42
36
29
25
6
27
30
35
48
60
57
58
54
43
42
29
47
42
42
34
49
44
49
55
53
49
36
43
46
34
33
25
32
30
36
38
39
38
37
34
21
43
43
36
32
26
32
31
33
45
43
38
42
50
48
30
27
31
37
43
40
53
58
53
61
56
37
48
56
52
42
36
32
37
41
41
42
42
42
38
47
50
49
54
47
75
87
204
193
173
93
38
45
32
37
30
37
46
41
30
33
41
40
47
47
35
39
36
45
49
47
48
44
41
50
44
45
51
46
38
49
46
61
57
62
51
52
48
51
52
45
48
50
46
58
51
47
45
49
53
58
62
52
50
46
42
46
50
54
52
50
51
37
33
48
38
43
33
38
47
44
42
41
44
40
49
44
48
42
35
47
31
30
33
29
29
28
23
20
23
30
32
32
37
41
46
40
40
47
58
64
61
52
52
52
59
58
60
66
66
52
60
60
59
58
62
66
65
63
60
64
61
50
55
50
50
57
57
50
62
57
51
40
47
45
52
50
45
51
53
59
54
53
58
49
51
55
53
48
62
63
61
59
55
53
51
62
59
51
51
50
50
57
52
52
53
48
51
47
51
50
46
57
39
38
38
37
46
44
42
42
39
33
37
36
35
34
28
30
39
43
44
30
37
40
48
45
44
48
42
43
43
35
44
46
43
47
43
46
46
48
62
49
47
43
39
32
38
43
40
63
44
34
37
43
42
39
49
29
37
36
30
29
28
28
29
31
29
31
38
102
144
198
179
182
159
145
146
125
95
86
67
79
68
184
207
206
105
71
78
77
83
92
96
98
99
93
96
74
61
48
32
36
31
35
33
37
44
38
39
39
44
51
53
41
38
46
43
35
35
25
22
24
27
33
37
26
28
28
27
24
21
26
30
30
34
36
29
31
34
24
34
34
33
28
32
42
39
34
39
37
41
41
39
44
47
49
34
37
39
23
22
21
31
34
50
54
57
55
47
39
42
32
29
38
34
50
44
45
50
43
47
51
51
49
43
28
28
31
23
31
42
44
44
42
38
31
48
46
30
29
29
43
29
31
39
38
32
33
37
28
22
33
30
41
40
49
52
56
51
51
49
42
44
50
46
37
33
35
31
40
40
34
35
37
39
46
45
43
53
37
62
89
201
191
172
87
37
46
39
34
29
39
43
37
39
35
39
43
47
50
42
44
42
40
44
40
48
50
45
55
46
45
49
51
41
49
57
62
59
58
55
52
45
39
46
45
45
39
41
42
43
39
37
40
51
58
46
51
40
45
42
34
46
46
44
40
48
44
39
46
42
41
45
51
48
58
49
45
60
48
52
57
58
58
62
52
50
40
30
38
37
34
31
35
34
33
39
40
47
61
60
60
57
60
62
58
51
50
53
54
55
60
57
62
64
53
63
57
63
64
60
63
64
72
64
52
58
51
50
47
52
56
61
47
58
54
46
38
48
48
52
55
54
48
53
54
52
53
54
56
53
54
52
52
65
62
65
62
56
52
57
56
55
58
50
47
52
61
44
60
60
54
53
49
47
54
55
53
49
41
38
42
57
55
46
37
34
34
31
39
34
32
33
29
34
41
34
36
35
44
45
42
40
41
45
45
44
48
33
39
40
39
44
40
51
52
55
49
54
48
44
40
50
42
52
58
49
42
42
42
41
39
45
34
40
29
29
36
26
28
35
41
37
30
28
77
83
129
132
159
163
163
187
179
154
152
160
147
133
174
187
190
138
173
175
154
149
180
172
169
168
173
163
96
62
60
45
44
37
38
39
45
39
44
46
46
44
47
43
42
43
41
40
38
35
27
24
27
24
29
35
23
31
30
28
30
20
35
38
36
29
34
30
33
38
26
33
37
31
31
34
33
41
38
36
40
47
47
45
49
52
52
54
48
40
37
19
28
29
39
55
59
64
59
49
43
37
28
34
44
34
50
36
49
54
44
35
47
46
46
55
39
40
38
35
32
39
51
43
40
47
35
51
50
41
39
31
38
29
35
34
34
30
29
31
26
20
26
30
34
35
31
36
41
34
39
36
43
44
45
44
35
33
38
36
37
45
41
35
37
44
43
40
44
46
37
54
95
200
186
176
76
43
42
35
29
27
31
38
29
36
46
42
39
40
38
40
44
33
36
44
39
44
42
42
48
48
46
47
49
39
39
48
61
64
51
55
48
45
45
36
39
41
43
40
43
41
33
35
43
50
49
40
49
42
39
34
26
41
42
52
48
40
46
44
53
47
42
51
54
39
54
48
50
55
50
48
52
58
58
73
57
50
44
33
37
43
49
51
55
51
49
47
48
50
60
54
58
55
55
57
48
40
48
50
47
48
48
45
52
51
51
57
52
54
64
63
66
63
62
62
49
59
54
44
50
51
57
63
52
55
48
48
47
45
49
52
62
59
50
55
46
48
51
54
53
50
53
46
55
61
60
57
67
55
56
58
55
51
52
54
46
49
53
49
64
56
60
60
51
47
54
55
53
51
42
46
56
60
59
47
42
33
31
36
36
35
34
36
36
36
46
40
48
44
40
44
40
38
42
45
43
40
47
40
38
39
37
47
38
48
47
50
49
57
49
46
46
48
43
53
54
51
50
46
39
44
39
39
36
37
28
33
37
25
36
42
48
43
35
30
49
41
121
132
155
142
132
120
136
128
110
128
115
112
107
129
152
111
159
177
163
177
188
205
198
196
200
190
128
102
80
55
44
45
46
49
51
42
53
55
48
43
42
37
42
47
48
39
39
39
35
42
30
30
34
35
31
49
33
27
33
32
40
41
43
31
28
32
35
40
32
33
36
36
34
34
30
40
39
34
39
48
46
50
55
52
54
52
54
41
42
38
40
44
50
56
56
62
56
54
55
41
48
52
57
50
55
46
58
56
50
37
49
49
48
55
46
46
44
46
35
37
56
47
43
40
43
50
43
49
46
38
39
31
31
33
31
28
31
30
24
21
27
29
27
25
19
25
28
24
40
30
39
36
40
42
33
40
40
40
42
43
38
30
33
39
34
32
44
44
39
53
93
201
185
176
72
44
35
27
22
29
29
32
33
36
35
36
40
39
39
34
36
34
36
40
42
34
34
37
45
45
41
47
45
37
32
45
53
55
48
57
42
41
44
38
39
47
46
38
44
43
39
39
49
49
47
43
52
43
34
38
31
40
41
50
54
44
47
45
43
48
42
49
55
47
52
49
46
45
46
45
49
52
50
61
58
52
47
37
36
46
58
61
57
56
57
49
45
45
52
54
55
50
48
51
44
36
44
42
41
45
46
47
43
41
45
45
46
49
62
59
65
64
54
51
57
59
57
48
51
52
54
62
60
52
47
48
48
46
46
48
59
60
50
55
47
48
46
52
54
51
50
44
55
57
56
53
63
56
57
60
59
52
52
57
47
49
48
56
61
50
63
63
51
58
53
58
55
49
45
48
71
67
64
53
51
43
35
43
39
37
36
35
40
39
46
49
48
51
42
53
46
39
43
42
42
40
42
47
42
41
38
46
35
37
38
43
48
46
45
46
46
45
41
48
52
51
47
47
43
45
45
45
42
39
37
42
33
33
44
42
51
53
52
43
44
36
121
125
118
96
80
59
73
69
52
54
58
57
57
71
81
68
86
105
119
135
135
176
173
180
191
193
172
151
105
63
50
54
51
50
49
53
59
52
45
50
41
43
46
49
49
48
41
43
45
50
39
32
34
31
36
56
38
29
33
39
47
48
42
34
30
37
39
43
43
40
37
40
34
33
36
41
42
36
38
44
41
50
51
46
48
42
46
40
43
44
44
54
54
58
59
57
52
53
63
61
61
61
66
66
57
58
57
51
51
44
47
46
47
53
47
45
44
46
41
48
61
43
46
38
52
52
48
50
49
45
46
40
34
41
38
31
29
31
31
31
31
27
23
18
20
18
26
24
34
33
38
38
42
42
36
37
40
41
38
33
31
32
30
24
25
28
39
39
32
47
92
206
185
180
72
37
30
24
18
28
26
26
32
34
34
33
38
38
42
36
31
35
33
37
44
32
34
36
40
39
40
42
41
36
31
42
42
42
48
52
42
40
42
37
35
48
47
45
43
44
45
42
44
48
48
48
51
42
35
41
40
45
40
47
49
42
47
42
36
45
42
51
62
56
49
53
42
46
46
51
51
52
50
46
55
51
44
41
41
51
55
59
52
54
54
49
42
38
50
57
55
46
42
47
44
41
39
36
40
43
50
55
39
39
39
40
47
57
60
52
57
60
54
50
61
55
58
52
52
54
50
58
54
51
47
43
43
51
40
41
51
54
48
50
52
52
47
48
53
50
50
55
55
54
52
54
54
55
52
61
58
52
54
55
47
52
51
57
64
56
61
56
47
67
55
66
58
46
48
45
71
74
67
57
53
56
50
46
48
42
39
44
40
44
46
52
49
51
49
57
55
48
43
39
46
43
45
47
46
41
39
45
33
29
36
37
40
36
40
44
40
43
38
42
45
49
43
50
53
48
48
56
52
47
45
49
38
44
44
39
54
66
69
57
49
37
78
78
58
56
48
50
49
47
44
38
48
39
51
47
34
50
45
51
72
76
82
107
122
138
154
159
167
134
105
58
61
58
50
50
46
53
56
47
44
52
48
51
49
48
41
48
41
42
54
45
49
32
34
32
33
48
37
31
35
37
60
54
42
36
38
37
37
45
52
47
38
37
33
37
39
42
44
41
41
47
46
51
45
38
41
38
34
38
40
38
40
49
54
59
65
53
51
53
62
72
60
58
64
67
56
53
48
41
49
46
38
36
41
52
43
41
45
42
46
61
62
42
47
40
52
53
56
52
50
48
48
50
50
48
42
39
31
37
42
45
32
27
22
18
26
21
33
29
31
40
44
44
44
45
43
33
38
39
33
28
26
35
34
16
21
29
30
29
31
43
96
212
185
181
70
34
28
26
18
22
22
23
25
31
40
35
36
33
38
39
34
34
28
34
36
35
38
37
30
35
39
35
37
36
33
36
37
37
43
41
41
40
42
33
33
42
45
50
42
42
41
39
37
45
49
49
44
39
38
36
41
46
40
42
45
37
43
40
37
40
40
51
59
56
44
56
45
49
47
53
53
54
53
46
51
48
39
45
44
54
51
54
51
51
50
48
47
36
53
54
53
45
40
43
47
48
38
36
39
39
47
49
37
43
40
39
51
62
52
51
50
50
52
57
55
51
54
48
51
48
46
49
40
53
43
42
42
50
36
38
51
45
47
46
50
52
50
48
46
49
57
68
56
49
55
54
50
46
49
55
50
49
50
54
51
54
56
58
73
67
57
51
43
64
59
66
60
44
48
45
62
68
60
52
53
62
68
53
53
51
47
62
50
56
57
55
66
51
48
45
53
56
44
44
55
48
50
52
49
43
42
44
38
34
42
42
34
38
40
38
35
42
41
38
38
48
47
56
57
54
47
62
55
54
50
48
44
45
41
42
56
65
64
60
50
38
50
52
48
55
50
49
43
48
39
42
50
41
48
44
38
42
33
34
39
52
53
47
77
89
92
93
101
74
75
45
63
53
50
55
51
43
48
47
47
43
56
48
46
46
40
36
36
41
54
43
50
41
42
41
30
46
39
37
40
38
62
49
50
40
41
32
30
43
50
49
40
34
37
40
36
40
39
44
45
54
52
51
46
33
40
33
29
37
34
42
35
42
55
53
59
48
47
54
54
63
58
54
55
58
58
42
47
38
48
43
35
30
36
44
36
36
46
42
45
63
57
53
47
33
43
48
50
53
48
48
48
52
61
46
41
43
45
46
43
49
37
28
24
21
31
33
37
36
42
49
51
39
40
44
48
42
37
39
40
37
29
32
36
24
23
29
29
28
44
50
103
214
188
175
60
42
32
31
16
20
23
23
23
29
29
34
37
30
37
33
34
36
28
27
26
31
35
36
25
34
33
32
35
30
30
32
36
36
33
36
32
36
38
33
37
36
35
39
38
35
36
37
36
42
47
45
38
35
35
32
34
35
39
28
46
39
39
41
36
37
38
45
43
48
42
51
49
41
44
43
51
50
49
52
46
50
40
45
40
48
50
49
51
46
45
47
51
40
50
50
50
48
43
48
53
46
45
40
45
40
43
41
40
48
47
44
47
52
42
50
45
50
52
53
52
55
43
44
41
35
37
42
38
51
42
43
39
39
37
44
55
50
43
47
42
42
43
44
47
60
64
63
56
54
59
59
55
44
53
48
46
53
59
55
58
55
63
60
64
61
53
54
47
68
60
61
55
47
52
53
65
61
52
43
51
58
70
58
55
60
58
68
63
65
66
53
71
57
47
43
38
51
48
55
61
58
53
55
50
50
47
47
49
46
49
54
41
35
42
35
40
47
45
42
42
46
54
54
54
47
53
58
55
61
53
44
40
46
46
45
51
51
53
56
46
43
47
43
43
50
50
53
42
48
38
34
53
45
42
39
43
48
42
37
40
46
50
45
59
61
70
68
62
67
58
53
56
50
53
58
56
49
47
42
44
41
50
34
45
50
40
35
39
43
44
46
49
47
47
47
37
54
59
52
46
44
45
45
54
43
35
38
31
40
40
48
43
35
44
36
36
35
36
39
45
55
39
42
41
33
36
29
30
34
35
42
34
41
50
46
52
50
46
43
44
53
51
57
47
51
57
43
54
52
41
36
36
28
31
33
31
35
37
42
43
58
52
50
40
30
42
44
47
45
45
50
55
53
53
46
50
51
55
48
40
44
38
33
29
27
36
31
36
41
45
54
49
42
40
36
49
45
40
45
44
42
41
40
37
29
30
30
38
40
44
54
109
213
183
173
50
47
40
32
16
26
24
24
26
25
28
29
30
27
38
22
25
31
27
20
24
26
31
35
32
38
30
31
34
20
19
20
27
34
29
33
30
31
31
33
31
31
27
31
30
33
39
39
32
36
34
40
29
31
28
24
27
26
29
27
33
32
40
36
35
47
42
49
43
31
39
37
47
34
39
33
43
48
44
49
40
46
37
39
35
36
42
42
42
36
42
45
52
45
47
46
48
51
45
52
46
49
43
34
40
44
44
35
41
40
54
49
53
50
37
42
37
51
40
47
60
42
45
48
34
33
35
43
45
44
44
37
34
44
40
48
56
47
44
52
46
38
46
54
44
53
57
57
61
70
57
67
59
50
46
50
53
53
56
56
58
55
70
68
58
52
49
52
56
63
63
70
62
50
64
74
60
74
42
45
49
50
59
56
61
62
65
61
63
60
60
51
53
58
49
48
48
46
59
59
51
59
67
54
47
50
44
52
43
54
57
59
47
42
40
44
51
51
47
51
49
55
46
51
49
49
44
41
56
57
51
43
47
56
45
48
44
46
50
47
48
48
40
46
49
49
49
54
47
44
43
38
50
46
45
42
43
51
44
43
44
48
47
49
48
62
59
57
56
59
54
55
48
57
57
60
58
49
55
44
39
44
45
33
42
55
47
31
38
44
50
50
51
51
42
48
55
54
48
57
50
42
49
39
39
39
34
40
29
32
35
33
36
36
34
43
34
31
40
41
45
51
40
40
35
31
34
23
31
36
36
42
39
43
49
47
51
62
49
39
42
47
42
58
45
43
50
50
55
50
38
38
36
29
29
30
35
31
34
35
33
51
47
44
44
35
41
40
39
39
46
33
47
53
46
46
38
49
48
45
43
51
41
42
45
37
38
36
48
51
44
49
55
50
45
44
50
37
46
41
43
33
46
49
40
33
33
34
38
37
36
60
108
213
176
164
58
43
43
28
25
24
37
31
34
27
37
27
27
28
34
18
23
23
30
22
17
32
35
33
31
38
33
31
31
22
13
12
15
25
31
27
22
29
24
39
22
28
27
26
19
35
26
31
29
26
26
34
29
27
21
29
29
24
23
25
24
29
34
33
36
43
52
51
44
29
39
43
40
36
30
42
35
39
39
32
42
45
43
43
25
28
32
31
34
29
41
44
46
46
43
36
41
47
47
39
36
53
45
35
45
42
44
50
45
53
53
47
64
39
44
41
41
47
46
60
46
41
34
39
41
39
42
50
44
53
44
38
36
50
60
48
48
41
43
34
47
43
53
59
46
51
57
55
47
57
64
76
55
39
48
54
55
55
56
51
54
51
53
55
60
58
53
48
39
56
70
63
69
62
52
52
49
51
51
51
45
52
55
61
69
53
55
54
46
59
53
43
67
49
53
57
49
44
54
54
63
53
49
50
46
43
43
56
41
65
56
52
50
59
45
45
53
36
49
49
65
53
46
53
57
54
45
47
63
56
52
45
58
49
54
55
56
52
61
56
54
43
35
50
49
47
58
42
46
54
52
46
48
46
41
44
46
48
47
43
41
58
47
55
57
60
55
58
58
55
57
61
66
61
51
63
43
42
55
53
54
53
34
40
54
64
57
37
52
48
45
43
46
55
48
57
50
38
41
57
65
42
46
42
35
33
35
41
31
36
48
34
35
55
41
56
32
31
34
39
40
37
47
47
48
39
28
29
42
39
40
39
42
43
38
36
50
60
47
41
44
53
32
36
40
42
42
41
57
53
48
41
36
42
36
34
31
32
40
43
40
36
36
44
42
43
29
44
42
40
41
35
36
43
50
58
37
48
46
41
45
35
40
42
44
51
57
48
52
42
40
32
59
53
58
46
43
40
41
40
50
47
34
32
33
28
31
28
34
39
51
54
107
200
172
164
41
38
32
24
34
30
24
26
30
30
40
27
31
36
24
33
33
31
29
15
13
19
19
23
45
43
31
36
17
23
21
13
13
29
29
20
24
25
23
39
22
34
36
19
23
23
33
29
37
37
18
33
28
32
31
25
25
23
20
28
33
28
23
27
38
37
41
41
35
40
24
30
26
21
24
33
26
36
39
48
54
45
45
42
32
34
31
31
31
34
31
38
37
37
32
28
35
38
40
48
48
49
54
54
38
41
44
50
54
46
44
60
49
38
51
53
42
39
46
38
28
37
37
39
40
41
48
46
45
35
37
36
39
44
50
56
48
33
48
44
53
59
50
59
53
54
52
51
55
67
61
61
61
58
54
54
55
56
46
52
54
57
49
47
43
45
54
50
40
57
62
64
76
50
67
64
60
53
62
58
62
54
63
60
62
60
49
43
44
59
47
52
52
53
62
64
53
40
46
47
58
58
50
65
50
43
50
60
69
62
64
63
53
57
57
50
51
42
53
64
60
61
63
52
51
48
51
49
54
60
50
41
56
52
48
49
50
56
63
57
52
57
48
47
49
54
63
52
53
54
52
56
52
47
51
47
55
41
46
53
39
43
59
49
49
49
45
54
55
55
61
64
51
67
47
60
54
51
51
46
49
49
38
50
59
52
48
52
49
51
57
38
55
54
46
49
35
42
54
48
53
44
41
45
33
35
38
35
36
40
48
38
43
27
42
44
34
43
30
37
36
31
48
45
38
45
39
40
43
36
43
40
40
42
37
45
37
48
49
44
41
44
41
40
38
35
35
50
51
53
56
41
41
39
46
52
41
32
44
38
37
33
46
46
43
35
33
42
40
42
35
45
46
40
40
51
42
46
50
46
45
32
41
46
42
43
47
53
48
38
30
47
51
49
54
62
61
47
37
42
47
45
31
35
38
32
33
34
42
45
42
47
118
206
175
155
48
53
36
33
29
34
28
33
42
32
38
39
40
39
36
34
33
21
16
16
21
23
30
30
39
37
29
25
20
11
19
17
18
25
19
24
25
30
28
26
34
27
26
22
22
26
44
27
30
41
29
31
26
24
29
28
22
26
25
24
24
26
28
33
34
32
45
43
35
35
27
32
25
25
26
28
31
37
39
48
51
51
43
48
51
41
34
27
30
36
33
32
38
35
36
45
36
33
34
56
49
43
49
50
43
40
41
42
47
42
44
52
46
52
56
56
50
39
42
48
39
42
38
40
43
42
43
45
43
49
41
36
45
40
43
53
49
44
52
51
50
57
60
63
53
54
54
57
54
54
60
68
62
44
55
52
49
44
55
51
53
54
51
48
49
55
55
56
51
61
51
56
66
58
65
64
59
63
64
62
68
62
65
58
60
59
56
59
51
57
63
59
58
64
67
62
55
52
55
51
56
62
61
61
57
57
63
72
66
65
62
65
68
70
67
64
62
63
69
72
64
59
67
57
62
60
54
52
50
49
50
47
43
41
42
41
46
63
59
60
56
59
62
56
49
56
54
54
54
57
52
56
48
48
49
53
48
52
52
55
47
56
58
51
49
51
43
52
58
54
56
54
51
57
58
63
54
52
55
51
53
48
52
60
55
57
61
57
50
56
55
44
52
49
43
50
49
53
47
42
41
51
52
40
39
47
46
48
56
47
42
45
58
36
48
39
34
33
28
37
35
25
43
40
38
36
44
41
37
33
41
43
33
35
35
41
38
28
40
42
42
29
29
33
35
35
28
42
48
52
51
42
49
44
41
43
42
34
44
41
41
46
43
45
45
48
50
42
37
32
35
42
35
33
38
45
47
43
51
43
41
37
42
43
42
42
41
52
48
46
39
44
49
49
44
55
60
47
40
39
35
38
35
31
32
23
29
36
41
41
56
60
128
210
179
159
36
52
39
38
34
34
44
44
48
49
27
38
41
43
33
36
22
23
21
28
25
29
34
34
36
41
37
33
23
26
27
24
26
34
20
24
31
40
26
30
18
22
16
28
35
27
35
25
24
32
28
29
28
20
27
27
24
28
25
30
24
24
31
30
23
26
38
28
43
34
34
33
39
26
39
38
35
41
42
49
49
52
48
46
49
41
37
33
22
31
36
31
34
37
51
50
41
35
36
64
57
43
46
42
47
34
36
45
39
33
41
49
48
55
62
56
57
55
54
49
55
64
48
44
50
42
39
34
39
49
44
43
50
47
47
40
42
54
54
58
54
60
57
51
59
54
57
60
61
57
60
54
54
53
46
46
52
47
61
54
53
56
61
53
58
55
48
55
56
56
47
54
59
58
53
59
51
54
52
55
55
53
58
66
62
67
59
62
62
61
69
63
59
60
58
65
65
62
65
59
59
67
63
63
62
59
68
70
54
70
60
61
69
69
63
61
67
77
75
64
63
56
60
62
66
64
64
53
48
55
60
58
48
44
48
46
55
49
56
57
57
58
54
49
52
62
49
49
58
53
49
48
50
51
49
47
50
47
51
50
52
57
63
54
52
45
47
44
55
54
49
52
47
48
55
59
48
47
52
48
54
48
58
58
52
60
67
61
50
59
53
46
52
51
43
52
58
49
40
39
43
49
55
42
46
57
50
43
62
51
51
44
45
43
46
37
36
36
32
31
36
34
36
40
34
44
49
31
29
30
35
37
30
26
27
32
31
24
29
33
36
38
37
36
37
32
35
36
39
42
43
46
40
41
40
41
43
42
41
47
45
46
41
50
50
49
50
47
45
34
40
40
38
30
41
45
51
46
46
43
41
45
44
42
42
46
41
46
51
45
41
42
44
43
39
40
50
49
44
37
41
41
35
39
31
29
28
44
38
45
64
67
144
208
175
139
55
54
42
47
44
41
49
48
46
49
40
40
40
44
38
44
27
30
18
20
29
25
36
32
28
38
43
36
34
30
28
37
29
35
36
30
36
43
30
30
27
28
31
31
34
39
51
39
30
34
24
30
28
24
28
22
20
29
26
28
24
27
30
28
30
32
37
31
30
30
34
33
38
37
41
39
39
38
44
68
39
46
40
44
44
39
34
34
32
31
43
35
40
49
50
47
41
36
37
64
62
55
47
41
50
40
45
47
42
39
39
45
48
52
59
57
58
59
54
49
65
56
50
47
59
48
42
51
47
41
59
57
59
52
49
39
43
58
56
58
57
56
54
55
61
52
59
58
58
61
56
46
48
51
48
51
57
53
60
55
56
61
60
51
58
54
49
47
57
57
50
50
50
52
51
52
51
48
44
47
48
50
60
59
58
65
58
54
63
62
63
64
61
62
60
69
68
67
65
62
70
62
66
65
67
67
69
71
57
66
60
55
65
69
61
58
67
68
67
57
58
60
56
55
72
67
72
60
52
59
68
66
65
53
56
57
57
45
51
47
49
45
46
46
51
52
49
49
63
49
46
53
62
50
57
57
59
52
58
56
58
58
56
53
52
48
56
45
54
54
49
53
50
47
53
57
46
46
44
45
51
49
57
48
47
58
57
62
62
60
54
48
55
56
48
54
54
42
44
43
44
43
49
51
49
57
43
46
51
48
53
50
41
38
39
36
38
36
34
31
30
39
37
44
37
46
48
36
37
32
33
35
30
25
26
30
22
33
33
35
33
45
39
40
42
41
37
36
33
36
34
44
38
39
41
37
53
47
39
48
45
49
42
47
45
43
52
46
41
40
40
45
40
41
47
46
48
57
45
45
37
45
39
40
41
44
45
46
42
40
34
43
42
39
37
47
42
50
43
39
45
47
35
46
35
36
35
44
46
48
57
59
156
213
174
128
59
51
46
47
47
42
44
45
43
45
40
38
40
46
39
43
39
34
22
28
38
32
40
35
39
40
48
40
44
32
37
43
41
36
32
36
36
43
31
32
36
29
38
38
42
38
52
41
32
45
33
32
24
23
24
25
24
26
27
29
28
35
31
25
37
33
29
29
26
31
29
30
31
31
36
35
32
30
35
52
47
46
37
40
37
35
30
37
43
39
41
40
45
54
46
44
43
41
43
64
62
64
55
50
55
53
52
50
50
48
50
49
50
54
56
58
56
57
54
51
60
51
60
54
64
59
56
69
55
44
65
65
67
57
53
56
54
59
58
69
64
52
57
64
61
57
62
58
57
59
48
47
51
44
48
50
50
56
54
50
53
57
55
54
53
52
50
49
55
64
57
51
46
50
55
52
53
52
50
51
49
54
59
51
60
57
53
60
57
58
58
59
60
68
65
69
68
65
63
65
72
59
68
64
64
69
65
72
63
63
59
54
64
63
63
63
65
67
64
59
58
58
60
56
75
69
74
68
58
58
71
67
76
65
66
65
49
49
45
43
39
36
43
44
50
41
50
49
66
50
42
48
57
54
53
56
60
53
62
63
61
58
58
54
51
55
54
48
50
49
51
48
51
47
49
49
46
41
42
44
48
49
49
41
47
53
47
57
65
61
55
54
57
56
53
51
51
48
53
52
49
45
53
58
57
58
45
43
42
43
48
47
42
38
36
41
42
36
32
30
30
41
37
46
39
40
43
43
42
38
36
33
28
32
32
30
26
35
37
39
32
44
37
40
44
42
33
40
34
34
34
39
40
37
42
33
51
46
39
50
46
52
50
43
40
40
48
36
37
44
42
49
47
57
49
45
48
53
44
45
33
36
32
34
41
48
40
45
37
44
45
43
40
35
35
48
41
47
40
40
45
46
42
49
42
40
42
43
54
52
59
55
158
204
178
128
51
49
45
45
43
41
41
44
42
42
42
38
41
44
40
45
46
39
33
33
42
37
39
40
50
44
50
46
47
37
42
45
50
35
28
37
40
45
34
41
36
33
35
36
42
34
43
37
36
45
39
35
26
17
20
22
21
25
23
30
33
40
35
33
37
33
32
27
27
27
23
26
27
22
25
25
27
25
27
30
44
48
40
35
32
28
29
40
48
46
39
40
42
50
44
44
41
44
51
64
66
65
62
58
64
61
53
53
53
56
65
59
62
57
55
63
59
62
59
56
56
63
70
63
65
65
67
71
61
54
61
61
66
64
63
70
65
62
64
83
71
58
60
65
63
61
63
61
60
53
47
49
52
41
41
41
37
49
47
36
41
45
53
53
47
48
49
56
52
64
55
56
51
46
56
53
50
54
60
55
52
54
54
51
56
51
48
63
50
53
53
54
57
59
59
63
62
59
62
63
65
58
63
66
59
63
60
68
61
60
59
60
61
57
63
69
63
71
68
64
59
55
60
59
71
68
71
67
62
56
71
68
72
70
66
62
47
51
43
44
35
33
41
44
47
43
51
45
60
51
44
37
41
53
50
48
55
53
60
62
59
57
63
57
51
56
47
44
47
45
51
48
52
49
51
45
46
40
42
49
52
47
40
43
48
49
43
50
57
53
50
50
53
50
49
47
47
52
58
60
59
54
59
60
64
60
50
40
46
42
41
42
43
42
38
48
45
38
37
32
37
41
35
43
36
39
42
45
39
40
38
32
25
36
39
30
35
39
36
41
34
41
37
37
40
41
36
39
34
33
41
39
40
37
43
39
41
40
41
48
44
51
47
38
38
37
38
32
39
45
43
41
52
58
48
42
48
42
41
42
32
34
35
36
41
51
37
44
44
54
59
45
40
33
36
42
38
42
39
39
42
44
45
44
45
40
44
47
54
58
70
64
163
194
184
128
46
50
41
41
41
39
41
48
44
41
51
42
44
43
47
50
49
42
40
33
38
34
32
38
45
43
43
42
42
37
37
38
43
36
40
38
46
49
41
46
38
40
36
33
39
41
37
37
38
39
34
37
36
22
28
18
13
30
26
32
40
42
41
45
36
34
39
26
26
22
19
25
21
21
21
16
24
27
29
26
34
43
37
29
29
26
36
45
43
46
41
39
37
42
38
38
34
38
48
58
69
60
62
59
71
60
60
57
54
64
72
67
76
67
58
70
67
71
65
63
64
71
65
66
66
61
66
67
63
61
60
56
57
61
69
68
64
63
66
85
69
65
60
65
61
54
60
59
60
50
53
51
48
44
40
37
31
35
44
26
31
36
51
44
45
49
48
57
52
59
51
61
58
49
52
51
48
53
59
54
56
53
55
51
44
49
46
49
44
48
47
53
50
43
47
54
49
54
60
55
57
54
54
62
58
60
58
61
58
58
60
66
60
55
62
67
65
69
69
68
58
60
54
56
64
66
64
62
61
56
69
69
70
72
58
55
52
47
48
46
40
33
42
50
43
46
50
43
52
46
53
39
37
43
54
51
51
52
56
61
59
61
56
56
51
49
46
38
44
48
51
59
57
50
55
47
49
47
42
55
58
45
37
50
46
46
43
47
49
42
44
41
46
46
47
50
39
46
57
60
67
60
58
58
61
59
50
47
48
44
39
48
41
42
42
50
43
40
45
41
42
40
37
39
36
45
47
49
39
36
36
34
31
34
40
34
43
48
38
47
41
37
40
34
37
47
44
33
30
31
42
42
43
42
44
43
38
39
42
41
41
42
31
33
34
33
31
37
40
42
40
29
48
49
46
41
45
44
41
39
33
43
45
47
42
46
44
45
48
54
55
49
48
37
41
43
36
44
44
44
42
47
43
41
45
39
46
53
50
62
70
73
180
204
189
127
47
51
44
39
44
38
46
55
47
45
51
47
50
49
53
51
51
38
43
33
35
34
29
32
33
40
35
30
33
33
30
28
33
40
51
42
44
51
52
45
45
43
42
41
43
49
36
41
37
40
34
36
42
34
37
27
19
39
37
40
51
46
47
47
46
36
36
25
25
25
20
26
15
21
23
20
23
31
30
29
33
37
31
23
33
33
41
44
32
41
43
39
35
34
30
31
29
31
35
48
50
48
54
56
61
57
69
63
61
62
73
70
77
83
70
70
73
67
70
60
69
68
60
66
69
58
64
66
55
65
58
60
51
48
59
59
56
59
58
75
66
55
58
63
55
50
55
46
57
53
52
50
52
60
45
37
36
32
44
36
32
32
45
45
49
57
48
59
55
56
63
64
60
68
54
50
50
59
50
61
57
62
55
49
52
49
46
40
39
45
50
52
39
42
41
48
40
51
56
51
51
49
49
53
49
53
52
55
60
63
61
63
65
51
64
63
65
70
66
66
60
64
57
61
59
62
57
61
61
61
61
65
88
87
56
53
47
39
52
51
51
47
53
56
40
38
42
52
53
40
56
48
42
46
47
51
50
44
54
64
60
64
50
57
49
46
46
36
36
54
56
66
61
48
51
47
52
56
50
53
59
46
43
56
47
44
46
52
44
45
51
44
41
49
60
55
41
54
57
51
63
57
59
52
57
59
56
56
37
49
44
52
41
47
49
55
38
46
41
48
49
44
39
42
42
49
53
50
44
38
35
36
46
39
36
42
51
47
41
52
43
35
42
36
36
40
47
35
32
30
34
43
49
40
43
36
30
40
38
42
44
30
28
30
33
30
30
33
35
37
38
32
46
45
40
45
46
45
42
40
37
44
46
49
47
47
45
43
39
43
49
50
53
41
44
48
47
58
58
60
56
56
55
56
56
47
56
60
55
64
64
70
193
214
187
128
55
58
49
49
52
50
57
65
53
51
45
49
53
51
51
54
44
39
48
26
39
40
36
35
31
40
34
27
33
34
29
31
36
34
42
50
39
47
58
53
48
44
40
47
43
47
36
43
36
47
45
37
37
36
35
39
39
41
41
49
58
55
48
52
66
43
41
31
32
28
31
28
21
20
17
31
33
32
28
31
27
33
34
29
42
44
36
29
33
41
45
38
36
30
29
32
29
34
27
32
31
32
30
39
43
52
54
56
56
48
68
67
64
72
74
64
73
65
61
57
62
71
75
64
73
61
61
61
59
59
55
58
58
53
58
60
60
52
64
66
65
52
57
57
50
55
51
41
54
57
48
48
60
55
40
37
42
37
37
49
30
45
50
41
57
63
52
56
58
53
65
57
52
68
56
55
53
55
58
63
59
65
53
53
54
41
51
46
46
48
54
59
48
50
49
45
48
43
51
57
56
41
50
54
40
50
36
44
51
56
59
55
57
56
49
54
55
49
68
59
62
59
65
70
56
56
55
54
74
58
53
74
95
84
57
47
48
46
50
49
50
54
54
42
43
43
42
55
47
43
50
58
52
52
52
49
50
55
54
55
50
47
47
55
51
54
50
45
55
62
63
57
56
56
56
69
58
70
54
45
57
56
45
48
57
53
57
55
66
54
57
46
48
63
63
62
69
62
54
45
57
52
51
56
57
63
56
62
51
62
55
54
61
53
54
57
51
45
51
53
50
49
52
55
46
47
50
46
44
48
35
37
51
52
54
52
42
44
49
47
40
41
34
37
38
38
46
37
44
38
36
45
49
35
37
51
31
35
33
36
41
38
28
31
32
27
31
26
30
30
30
37
43
33
38
43
38
41
39
39
35
45
40
45
43
39
36
32
33
36
41
44
49
46
44
54
54
69
74
76
73
70
75
71
73
68
58
67
64
68
73
60
181
203
179
121
64
67
56
62
69
67
69
65
66
64
49
44
44
47
43
47
50
47
41
40
44
43
49
48
48
32
30
32
32
31
38
28
28
38
38
50
38
40
55
50
52
52
47
44
49
37
36
41
39
41
41
49
41
37
30
35
37
35
48
58
53
60
53
54
58
45
48
48
36
40
43
32
31
29
31
38
33
33
37
31
29
33
41
49
39
44
41
34
43
48
41
28
34
40
35
33
32
36
23
32
37
21
36
29
38
48
44
39
56
54
52
57
59
60
81
59
62
60
73
64
60
66
70
74
54
56
63
68
73
63
61
57
54
53
63
62
59
54
64
64
60
53
56
55
57
57
49
49
49
43
49
55
47
56
46
46
42
54
55
63
50
61
59
58
55
49
54
60
58
56
54
61
60
54
58
57
67
65
52
57
64
62
61
69
52
53
55
51
54
49
50
58
48
52
55
50
55
51
60
51
53
54
51
43
48
46
43
52
49
46
55
51
64
52
45
50
50
49
61
54
51
48
50
60
57
52
62
43
57
50
54
70
60
63
58
53
48
56
66
47
40
48
47
33
42
38
49
48
38
47
60
47
59
49
60
62
54
49
57
45
37
48
35
56
43
59
52
57
66
63
83
49
64
67
70
77
68
71
58
49
61
67
78
80
62
59
51
54
73
60
60
62
60
90
69
68
63
61
56
42
46
55
67
58
55
60
55
85
55
56
67
63
61
57
60
54
52
51
45
53
55
51
53
50
52
43
44
54
54
45
46
51
63
53
49
52
56
49
46
51
40
43
43
41
39
34
45
40
44
40
34
40
41
47
37
39
37
37
41
42
41
56
41
32
29
28
30
21
31
30
25
31
37
34
41
35
25
27
37
41
39
53
43
46
40
31
35
35
37
30
34
38
48
44
45
72
152
176
168
151
144
127
104
90
76
53
50
55
48
63
77
40
184
205
191
98
53
54
49
54
78
60
66
64
66
45
39
50
47
47
53
40
42
45
42
60
46
47
53
44
41
37
37
40
29
27
33
33
42
32
46
44
44
40
39
52
49
56
45
41
45
43
43
44
36
41
41
44
34
43
35
36
36
40
45
52
48
47
53
63
39
32
41
48
39
51
42
40
47
45
59
51
43
36
45
35
48
27
40
53
40
30
32
42
43
52
32
28
34
38
42
45
39
38
26
36
49
34
48
37
46
43
52
44
61
57
53
53
60
64
67
61
56
48
63
72
60
72
77
61
50
78
65
59
73
68
64
75
77
62
66
69
76
52
49
54
55
66
59
58
56
45
48
56
44
44
49
56
61
54
56
51
45
48
67
64
65
61
57
53
62
69
60
61
55
63
61
59
56
78
61
64
60
69
51
62
58
55
56
58
71
68
62
71
62
67
54
54
49
46
57
54
53
56
58
52
61
50
50
56
60
55
48
48
55
48
48
55
58
57
59
48
50
56
64
51
50
53
49
41
48
53
52
52
52
50
60
67
38
44
47
56
51
49
51
44
51
55
35
31
35
36
43
50
44
46
51
51
51
60
56
59
61
42
48
49
43
43
48
47
42
54
64
59
53
52
62
61
76
62
55
62
66
61
86
64
53
57
65
73
73
62
55
72
69
66
64
65
66
64
74
68
58
59
58
45
59
55
67
59
60
60
53
69
60
56
57
56
59
63
54
52
54
50
49
50
48
47
45
50
44
38
37
57
52
56
53
51
48
51
54
47
49
50
51
48
44
42
50
45
46
51
46
44
39
43
38
50
39
43
41
52
44
34
50
42
43
34
46
37
32
36
31
32
35
30
35
33
39
33
36
30
33
32
33
38
40
46
32
43
38
28
32
32
31
25
27
33
36
36
35
65
112
140
169
175
185
178
188
192
189
198
173
155
144
122
121
119
204
202
182
176
158
167
166
184
194
194
204
200
194
185
131
56
48
43
39
35
37
40
45
53
60
51
50
50
60
55
39
44
32
39
30
35
43
44
49
40
42
43
35
44
45
44
33
39
44
44
47
43
37
38
38
41
38
38
36
42
42
43
43
52
51
49
56
54
51
39
40
50
49
55
41
39
43
47
52
50
42
44
46
53
65
48
44
46
36
49
36
38
41
56
43
41
39
37
61
42
39
43
47
56
51
49
65
47
59
66
66
60
58
55
48
55
64
69
58
54
50
48
57
62
70
75
76
62
64
67
68
67
68
51
62
74
67
70
63
76
63
62
64
57
56
60
58
52
60
52
55
51
44
45
52
65
78
60
46
53
50
55
60
57
69
67
77
69
64
61
57
64
68
68
63
55
51
62
69
72
67
67
55
63
61
63
56
69
79
61
63
64
64
54
57
53
42
46
48
49
48
62
50
47
55
59
59
60
66
59
46
46
45
47
51
59
65
60
61
52
59
71
58
57
41
46
49
41
44
44
45
49
39
45
47
42
30
31
44
40
39
35
46
45
49
46
34
33
30
42
45
45
46
48
49
48
54
56
52
50
52
55
41
46
50
56
62
54
46
47
59
50
65
61
58
58
64
61
48
55
52
63
67
70
57
49
54
67
79
65
60
67
64
76
75
60
67
61
70
74
60
57
59
52
69
65
72
60
60
56
72
60
62
55
57
55
58
61
57
58
55
50
53
52
51
53
48
55
54
49
46
47
57
56
55
62
59
49
60
52
54
59
47
43
50
52
49
52
56
62
47
57
56
58
51
48
47
47
57
51
51
49
51
46
46
42
52
36
31
32
41
41
38
39
42
45
49
43
47
32
32
39
37
37
47
37
34
41
43
35
24
24
26
30
29
34
27
31
23
40
50
79
98
123
146
131
170
185
191
202
209
226
230
226
223
223
227
215
182
227
231
214
216
174
171
154
136
127
114
101
119
62
43
48
33
34
35
44
43
46
49
54
56
52
53
60
44
48
42
39
38
40
38
43
47
47
44
41
34
24
41
37
33
43
37
37
40
34
42
37
41
40
38
25
35
38
32
40
36
45
49
51
50
47
48
39
47
47
43
41
42
42
43
46
39
33
38
47
53
43
52
45
40
35
40
38
44
48
50
46
38
36
43
49
63
43
37
46
58
65
65
69
63
57
66
78
55
65
61
63
57
59
63
62
60
53
58
55
53
62
71
72
68
61
68
73
63
53
63
60
61
68
67
74
49
61
55
60
59
56
59
53
59
61
62
56
56
63
51
56
63
69
58
58
55
69
66
66
55
68
68
66
72
64
57
56
57
54
58
61
58
66
65
62
72
66
65
60
62
64
56
58
64
64
68
62
67
66
71
67
62
59
46
53
54
47
52
55
52
54
51
55
55
50
59
48
51
47
49
51
51
67
65
59
55
52
54
67
48
54
47
48
56
41
40
41
39
43
40
39
40
43
39
24
31
34
46
35
51
51
50
40
42
40
41
48
40
46
43
41
45
44
41
53
45
44
48
50
44
46
45
51
62
50
45
50
52
63
53
54
51
48
59
54
52
53
52
68
57
63
56
47
61
60
64
68
74
60
63
62
73
62
71
62
57
66
58
61
57
69
69
58
70
67
62
55
77
72
67
62
64
60
62
71
60
59
52
62
58
49
52
60
66
54
55
54
60
64
66
72
66
70
74
70
63
57
62
64
53
47
51
55
49
51
51
58
53
64
60
55
61
47
47
48
54
45
43
49
43
44
43
48
43
36
39
37
38
49
48
51
52
44
52
49
49
44
39
45
43
39
44
41
44
42
42
37
23
27
24
29
34
37
31
35
33
35
37
54
61
92
124
123
176
164
173
142
172
165
153
151
166
134
145
162
134
173
157
147
163
141
154
161
142
134
139
92
106
84
63
42
37
40
28
30
42
45
50
50
55
45
55
48
40
43
39
35
44
45
52
43
37
45
43
40
43
28
39
37
35
41
38
35
36
31
44
37
51
40
38
34
37
34
38
39
38
45
40
42
41
49
53
40
34
34
37
31
38
37
39
41
46
33
40
47
47
40
37
36
37
33
48
41
44
49
43
45
50
41
40
60
52
44
46
51
56
67
75
84
54
60
77
66
51
56
53
65
59
57
57
54
60
49
52
55
51
60
77
72
75
66
64
76
56
50
56
53
54
64
60
52
43
49
53
59
62
62
62
53
56
58
62
61
56
68
65
67
68
68
50
59
59
75
69
59
57
65
67
71
65
59
58
53
53
55
55
50
53
62
66
60
62
62
62
56
67
67
60
57
61
55
58
62
62
70
75
69
68
65
64
66
60
60
68
59
63
59
52
53
54
48
55
45
52
48
57
58
53
64
65
62
57
56
56
58
44
56
51
55
58
40
41
39
38
42
36
40
38
34
35
27
28
27
34
40
49
51
50
44
39
41
43
40
36
37
41
36
40
43
35
49
45
45
48
44
49
53
41
49
64
44
45
49
52
61
52
48
49
39
47
50
49
51
50
53
54
60
55
56
61
58
57
68
74
63
68
68
72
65
72
69
59
63
52
65
59
73
66
61
62
68
63
59
69
77
63
61
69
65
70
72
65
60
62
63
66
63
57
62
73
59
57
68
65
66
77
74
71
81
76
83
68
60
62
71
62
56
54
62
52
49
47
47
52
59
64
52
58
45
49
48
46
41
40
44
40
42
43
45
37
36
37
39
42
51
50
51
47
53
51
50
43
41
38
43
43
39
44
36
48
50
43
39
38
39
29
33
51
41
35
32
37
37
36
46
51
67
90
81
124
111
113
90
103
95
79
81
104
78
84
103
93
106
100
88
102
89
92
105
109
104
132
112
110
135
122
114
74
56
27
23
39
42
54
48
54
45
55
44
39
36
37
41
49
57
51
45
39
46
46
40
51
34
40
42
37
37
41
34
36
39
46
43
46
41
38
43
41
37
39
38
36
42
35
40
38
46
44
35
32
27
28
25
29
31
33
30
32
30
38
41
40
33
34
35
37
37
39
42
44
48
46
43
51
47
39
54
44
43
46
48
48
66
70
77
57
68
82
65
60
56
59
69
60
59
60
62
65
53
54
53
55
61
74
69
75
69
65
69
56
58
50
43
48
57
47
31
48
48
50
62
64
65
57
54
54
52
56
60
60
67
65
62
61
59
51
67
58
67
63
54
57
55
63
69
63
60
61
54
51
56
53
43
45
52
63
61
57
59
58
61
65
67
60
58
50
52
53
60
51
63
66
64
64
61
72
68
67
69
74
68
69
60
55
53
56
55
58
48
51
54
58
62
61
61
64
70
64
64
59
48
52
60
54
57
56
42
46
44
46
51
41
43
40
30
33
38
31
27
30
47
41
49
50
44
38
37
44
37
34
29
36
36
40
46
41
46
48
50
51
41
52
57
44
47
54
42
50
46
52
53
45
47
49
39
38
46
50
50
47
44
45
52
51
54
56
57
57
68
68
72
78
72
71
63
67
71
60
63
55
64
63
68
68
69
61
66
62
61
68
74
62
63
65
66
70
68
65
60
71
69
70
74
64
67
67
66
62
77
64
66
76
71
69
75
73
79
72
68
62
71
63
58
61
59
53
51
47
43
49
49
60
49
47
46
51
44
43
37
44
38
36
43
42
38
32
33
29
37
37
44
46
47
41
52
50
48
45
41
38
44
42
39
46
34
49
55
49
45
50
48
41
44
57
44
36
34
36
38
38
46
46
48
66
59
69
69
63
56
60
55
50
56
63
56
54
65
62
57
73
59
67
61
46
57
69
68
77
79
73
96
96
113
72
59
33
29
39
36
47
49
49
44
50
47
43
35
33
43
46
60
45
44
39
41
42
42
46
34
36
40
34
32
38
36
37
37
40
44
41
41
37
42
46
39
38
34
37
35
33
43
40
41
33
35
32
27
29
26
26
27
30
23
19
29
41
32
36
33
31
36
35
30
30
37
40
45
43
39
45
45
34
39
40
40
39
40
41
66
64
64
71
76
87
74
68
65
70
71
66
66
70
72
73
67
66
57
62
63
65
68
66
62
66
62
62
62
51
48
57
49
47
32
60
56
55
65
66
57
51
57
58
51
57
62
67
66
58
50
47
51
52
68
56
61
59
52
53
63
57
66
64
58
61
61
60
57
51
44
45
49
62
65
58
52
56
68
61
64
56
55
43
50
47
54
46
52
49
62
60
57
69
64
70
70
73
72
67
61
64
58
55
62
63
57
53
61
53
65
67
64
69
77
71
71
63
56
62
65
57
59
53
52
54
52
55
67
56
52
47
41
40
44
35
37
46
48
44
53
50
43
42
35
47
41
38
31
37
45
43
49
52
47
51
50
50
43
54
52
46
47
37
39
49
41
47
44
34
45
48
48
42
43
49
49
44
44
41
43
45
47
52
55
55
64
64
74
80
68
66
61
63
68
59
63
68
67
72
66
72
67
65
63
61
67
73
74
66
66
62
67
69
67
63
63
76
82
72
69
68
69
66
67
61
72
66
64
70
72
64
62
68
66
68
73
69
66
61
64
66
52
57
57
54
48
50
45
53
46
39
42
48
39
40
34
37
36
33
40
36
30
31
32
29
36
29
36
40
45
42
48
51
45
48
46
37
45
40
37
41
42
48
53
57
51
45
48
48
48
54
46
38
41
39
38
45
47
42
41
59
57
48
52
46
47
45
41
45
45
35
33
34
47
40
38
50
43
50
54
43
46
51
52
40
37
33
38
40
52
45
51
40
39
38
38
41
44
41
44
42
46
44
35
27
39
46
53
43
40
35
38
37
41
42
32
30
32
30
27
33
33
35
29
35
39
42
37
32
42
43
31
37
30
35
38
40
43
39
37
33
35
34
27
31
30
30
31
35
23
22
27
42
23
26
41
28
33
33
27
28
33
33
43
35
32
38
38
27
27
35
33
38
40
40
67
65
63
76
78
91
69
66
67
66
70
71
70
72
73
75
73
68
61
68
63
66
71
66
59
65
66
65
59
54
60
64
51
62
52
69
67
65
68
69
51
54
62
64
58
71
66
70
65
57
51
44
49
54
60
57
60
60
53
54
77
54
67
63
58
62
68
67
60
52
50
55
54
62
67
56
53
57
68
55
64
60
55
49
55
50
50
47
53
44
60
64
60
66
63
68
72
75
73
66
61
68
64
59
67
66
70
60
62
56
67
67
67
81
77
72
75
72
76
71
68
59
66
59
65
62
61
64
80
66
66
58
56
43
50
46
54
62
46
54
60
52
52
46
43
51
47
48
38
47
53
51
48
55
50
51
46
43
50
51
47
41
46
34
36
39
37
41
44
35
41
44
49
46
46
43
49
43
43
46
41
42
48
48
50
50
58
62
65
72
68
60
63
64
65
62
60
71
70
75
66
71
55
71
66
65
73
68
75
66
68
64
69
70
66
64
65
80
84
72
57
63
69
65
61
54
65
70
56
65
65
58
59
58
55
65
70
77
66
67
78
68
56
65
61
62
58
54
48
54
50
43
39
44
38
38
35
26
39
34
35
30
30
34
37
36
38
34
38
39
46
45
50
53
41
44
47
39
41
37
32
31
44
42
45
56
51
37
45
46
47
52
46
40
46
47
38
48
43
37
41
52
51
48
44
44
51
38
42
45
38
33
26
24
37
32
36
38
34
40
45
49
39
45
44
42
31
29
43
44
44
48
44
43
43
33
44
42
37
39
44
39
44
40
34
28
37
53
52
43
41
36
43
36
38
45
32
29
27
28
29
30
28
31
26
34
34
37
30
27
40
31
24
36
33
33
43
46
38
32
33
34
32
37
27
27
33
36
39
40
25
30
23
35
23
16
46
31
28
31
34
33
33
28
40
36
29
33
39
31
29
31
33
43
43
41
64
62
63
67
76
82
58
61
56
56
73
74
66
69
69
68
62
59
60
66
64
76
73
70
70
69
72
65
58
54
67
52
60
70
71
70
67
70
70
66
62
61
63
63
70
80
63
63
67
59
61
53
48
58
57
63
55
66
64
67
68
53
61
61
63
68
66
56
53
55
54
57
62
65
68
51
65
56
63
47
72
70
64
64
72
66
54
48
62
55
60
65
63
66
67
66
73
71
74
68
58
58
64
68
70
67
77
69
59
67
63
66
68
81
76
67
81
79
78
79
70
69
74
74
67
70
74
77
79
68
73
73
64
50
65
65
70
67
51
55
64
60
63
51
59
62
55
51
47
56
52
62
51
47
51
50
53
39
50
44
44
33
38
41
41
42
39
42
51
48
44
42
38
41
53
44
49
45
42
44
47
45
48
47
47
50
58
62
62
65
69
62
66
62
60
62
56
56
59
62
66
69
55
77
75
74
67
56
70
66
73
66
67
68
64
68
63
79
67
63
53
58
71
48
53
51
59
66
54
56
47
50
55
50
50
65
67
76
72
74
79
75
69
67
60
65
64
57
55
67
63
55
49
50
41
45
41
32
46
42
40
37
41
40
42
43
42
41
49
49
51
52
46
50
39
39
49
50
41
36
35
28
35
33
36
45
47
43
41
44
45
48
44
39
48
51
41
43
36
33
39
43
55
49
42
45
46
44
46
43
43
47
34
25
29
31
25
39
36
39
48
43
42
50
42
43
35
24
44
55
65
64
37
42
39
33
43
40
37
45
38
47
47
36
39
36
39
52
55
45
49
40
37
32
38
42
35
32
27
28
42
33
34
31
23
35
34
27
25
28
30
26
30
34
39
40
36
36
32
30
36
25
32
30
28
31
36
39
37
29
29
35
30
33
32
24
37
36
31
30
33
44
41
27
36
47
44
40
46
49
42
38
46
48
37
40
67
61
50
67
61
82
67
61
47
49
70
74
64
67
65
52
55
58
67
61
70
76
79
65
67
69
65
66
58
61
78
62
69
71
71
60
61
68
63
68
67
54
62
65
62
65
59
66
68
68
54
47
57
56
58
77
68
68
69
75
64
62
62
66
68
70
66
53
52
60
58
58
58
68
66
49
56
55
59
66
70
62
57
64
75
63
54
61
65
74
55
59
61
70
79
63
65
59
64
61
56
56
63
63
66
73
71
67
67
59
67
71
75
72
72
67
82
82
75
78
74
81
71
69
62
89
78
65
75
67
76
79
71
66
71
77
71
60
58
69
77
62
71
67
70
74
67
58
54
51
52
52
58
45
51
52
57
34
43
49
41
34
35
40
42
56
44
41
39
52
53
43
41
64
49
45
47
47
46
40
56
52
49
44
61
58
57
59
65
60
62
62
70
58
58
61
58
54
55
60
64
79
69
64
65
66
68
60
68
65
72
74
61
64
67
80
65
69
49
52
53
59
50
44
48
47
44
57
51
50
52
51
53
55
51
54
67
78
72
74
63
69
71
58
65
71
51
67
67
79
72
66
58
63
47
52
46
41
53
56
48
58
39
52
50
50
50
51
56
59
53
60
48
55
47
46
49
46
41
37
47
38
39
34
40
50
48
46
42
44
41
50
42
46
51
45
46
46
36
36
31
47
49
44
53
43
49
61
48
41
48
47
40
35
35
33
33
39
46
48
53
40
45
43
45
47
54
38
48
52
52
56
39
46
38
44
39
30
42
43
35
46
40
36
42
44
42
47
44
39
44
26
30
29
27
35
36
35
25
34
58
44
32
35
23
37
34
27
24
30
26
35
35
31
39
38
42
39
36
31
38
26
36
39
33
47
43
40
35
25
30
40
42
39
30
26
31
39
36
34
30
49
51
41
37
51
59
47
39
45
43
38
44
48
48
43
55
66
59
60
64
66
52
53
61
58
61
52
50
54
56
51
45
56
42
39
57
66
60
47
51
65
62
60
55
64
56
62
58
61
69
53
67
65
61
63
70
55
50
56
54
59
62
64
57
62
66
56
57
56
77
68
72
71
65
75
67
71
85
58
70
56
54
54
41
52
42
51
53
64
48
57
48
46
43
50
47
46
50
58
52
61
57
53
59
73
47
56
60
70
41
57
52
47
54
62
59
54
64
71
74
84
70
61
74
72
77
72
71
75
61
75
78
71
72
69
64
71
68
68
70
66
60
71
75
60
66
70
60
67
74
68
60
59
60
68
72
63
63
70
70
82
75
62
57
55
45
43
52
49
47
47
43
41
48
39
47
43
34
55
39
59
62
62
53
57
51
38
40
55
53
56
61
52
57
56
57
38
58
52
65
61
62
67
73
67
59
53
56
58
53
56
59
56
64
60
61
71
62
72
56
60
67
72
48
65
63
67
56
61
55
69
82
69
71
62
57
64
62
49
57
46
56
52
51
63
43
56
67
62
62
47
51
64
64
58
65
59
66
62
54
67
73
73
84
86
75
67
58
60
59
53
64
59
67
56
57
77
48
71
61
56
51
59
61
62
58
51
77
60
52
49
51
61
46
51
51
43
40
36
47
48
46
36
33
36
34
44
44
50
50
49
40
46
37
45
45
49
45
56
49
45
50
50
49
54
56
51
43
41
47
41
46
48
53
53
60
51
41
44
53
56
55
44
47
47
51
49
51
47
52
48
48
50
46
51
42
35
42
41
35
18
27
32
50
32
32
21
21
27
22
38
31
24
28
34
38
49
39
45
31
23
28
34
29
30
25
38
34
38
40
32
34
30
40
31
29
29
32
40
38
40
39
34
33
34
33
37
46
45
41
31
37
42
34
38
37
36
52
45
35
38
48
43
39
40
37
39
40
43
44
46
63
70
68
67
56
50
36
40
53
65
43
41
48
52
75
56
54
53
52
56
57
63
68
54
52
75
58
56
58
63
59
68
58
63
68
68
70
70
62
62
57
57
61
83
65
58
61
61
54
55
69
65
61
55
70
69
75
79
78
81
68
67
73
77
62
50
47
45
48
48
40
47
50
51
39
50
44
51
46
44
39
42
49
40
43
38
42
48
57
49
40
48
44
52
45
57
58
62
66
55
61
58
61
54
89
78
73
80
74
72
75
75
68
65
77
70
64
73
66
65
62
62
63
63
61
69
60
61
67
63
63
55
42
53
72
80
59
55
56
58
52
59
56
76
73
83
77
69
80
66
53
50
47
46
46
52
54
59
63
62
57
46
61
70
52
65
66
63
61
60
63
56
53
64
54
64
60
60
61
61
58
52
53
52
51
67
77
67
70
59
54
51
51
53
55
56
57
69
58
56
54
58
61
56
63
61
55
65
65
57
53
63
68
63
66
70
69
69
80
66
65
68
65
46
53
52
62
63
75
54
50
65
63
70
56
56
54
58
57
55
60
60
62
56
60
69
76
71
89
80
69
72
67
60
54
53
72
46
73
70
53
71
75
64
69
57
33
59
55
65
73
82
72
62
55
54
52
51
52
53
49
52
40
37
39
47
53
44
37
35
44
44
56
52
49
58
43
42
41
45
54
43
42
65
53
50
47
53
50
57
53
40
36
51
51
51
64
56
57
62
56
55
42
51
58
51
49
58
50
57
55
50
45
52
61
59
48
55
56
59
49
30
49
37
35
23
40
28
30
40
33
36
29
28
37
43
37
29
30
33
46
51
44
49
44
47
32
40
32
36
35
37
40
39
46
45
42
42
40
42
39
36
37
43
44
41
42
36
33
34
32
21
36
40
33
37
39
38
43
48
45
45
46
39
30
38
39
46
33
31
33
32
29
35
38
36
72
66
68
69
65
57
47
49
43
44
34
36
50
51
64
52
64
53
60
48
60
60
59
67
54
72
69
66
66
54
58
60
60
64
62
68
66
63
62
70
65
70
67
73
59
58
62
65
66
68
68
63
61
65
62
63
68
75
70
61
61
64
57
63
60
62
51
54
55
44
41
45
49
54
52
48
45
47
57
24
32
41
41
31
35
29
33
37
34
51
39
38
38
29
40
41
51
61
46
46
47
48
49
41
60
74
77
69
66
63
65
67
63
63
69
61
61
70
66
67
61
62
60
63
61
65
62
58
70
65
55
62
47
51
57
63
67
48
51
44
42
43
56
84
69
70
65
56
68
70
56
59
57
56
59
58
58
67
59
60
54
55
74
63
75
71
67
65
62
60
67
58
65
65
56
60
63
57
61
62
61
64
59
77
58
58
63
53
68
66
67
58
56
51
46
59
67
60
58
61
68
73
66
62
66
63
64
67
59
59
58
62
72
86
77
86
73
75
77
68
70
64
80
50
53
52
57
56
57
53
61
63
65
55
59
67
63
67
64
70
62
60
48
67
62
69
76
81
73
82
72
70
67
63
57
61
67
69
79
73
63
68
70
68
76
69
46
55
65
76
66
78
64
54
52
51
42
52
54
44
47
57
44
45
46
49
51
41
40
31
43
45
52
51
47
50
55
46
43
49
45
41
48
59
54
47
43
48
42
44
44
46
43
47
48
45
47
60
55
53
50
48
40
45
49
49
56
45
43
52
49
49
49
51
57
58
49
50
58
59
57
46
56
46
41
38
53
42
36
46
46
48
38
43
50
53
61
47
43
43
56
46
45
51
58
53
45
48
40
44
48
46
44
45
51
47
52
45
43
47
32
39
37
37
41
37
40
33
31
34
34
29
40
38
28
35
37
38
31
35
43
50
35
36
35
34
15
51
37
28
30
32
32
35
38
35
72
74
68
73
71
66
60
43
37
35
38
40
44
61
58
56
67
61
61
49
65
61
61
69
61
80
74
70
64
66
61
56
61
53
48
66
63
60
59
73
60
67
65
55
65
73
67
73
73
64
76
67
64
60
65
68
68
70
80
50
57
62
58
55
68
69
46
47
58
48
46
54
53
56
45
57
60
59
57
37
45
42
35
41
40
35
34
34
33
36
41
36
34
29
32
37
44
51
38
41
48
47
44
43
54
60
68
79
70
59
65
63
65
62
60
57
58
57
57
57
58
56
59
62
59
64
62
59
64
59
55
56
47
54
54
59
75
47
45
42
42
43
60
69
68
67
60
52
63
61
54
61
58
58
54
69
61
55
51
47
48
55
63
64
73
73
71
65
63
62
68
66
65
65
60
61
61
67
71
61
61
63
63
69
56
53
53
53
59
64
68
53
50
57
60
67
64
61
62
59
62
71
76
57
60
66
74
63
63
70
58
67
68
79
80
74
75
63
76
76
69
61
73
51
54
55
51
65
57
49
53
53
58
59
58
60
64
56
63
66
66
72
63
66
63
65
72
73
69
67
66
72
65
55
60
65
62
81
72
65
68
61
73
71
74
69
58
60
61
63
68
72
68
50
52
53
59
37
37
52
49
54
65
45
50
52
48
44
45
38
46
49
59
50
50
56
59
54
47
49
42
42
59
64
57
54
52
54
44
47
44
44
44
45
41
47
44
53
46
50
40
43
45
38
48
49
53
36
34
44
49
47
46
51
52
57
52
56
56
53
55
56
52
54
54
49
54
62
52
60
62
51
53
55
60
66
62
65
58
52
49
56
56
51
54
61
46
52
50
47
39
46
46
48
47
47
52
49
51
48
41
36
32
37
35
39
41
37
32
40
35
38
41
39
38
34
39
39
41
35
34
44
41
39
36
40
25
43
35
37
32
32
34
34
42
47
68
70
66
70
60
60
53
38
44
47
46
64
65
70
63
65
70
64
57
58
69
69
70
72
78
75
69
60
61
65
64
58
49
45
48
65
56
58
61
68
59
67
66
53
58
74
62
72
69
61
70
65
71
67
66
71
66
71
78
54
64
65
62
63
75
70
57
55
52
50
50
56
49
46
48
66
67
65
57
57
63
60
47
55
55
46
47
43
39
31
49
42
38
43
42
51
51
50
42
51
55
52
54
58
64
63
70
78
76
60
63
67
62
60
57
55
52
50
54
49
57
54
58
60
59
62
62
59
51
56
53
55
53
56
60
63
72
60
52
45
48
56
68
70
72
74
58
53
59
60
55
64
59
54
55
62
56
53
53
50
50
57
59
59
61
62
65
60
70
65
60
63
64
66
58
61
60
71
72
66
59
60
64
56
54
51
47
58
50
58
62
54
57
64
70
73
66
64
64
62
59
63
75
62
61
64
69
54
59
68
60
66
57
61
73
70
67
53
76
69
69
66
64
57
57
56
54
63
57
43
42
48
52
58
59
58
61
55
57
56
67
78
75
67
65
61
64
66
65
62
58
64
58
49
55
62
55
66
71
64
69
59
71
76
74
70
62
64
57
61
68
67
61
58
63
55
66
56
32
54
61
60
74
56
51
54
50
48
48
51
52
58
60
58
56
62
57
54
52
51
49
44
62
67
62
58
51
54
41
49
47
47
51
55
47
54
50
53
50
54
43
42
40
40
49
52
47
38
37
38
47
46
53
54
46
50
53
62
57
53
54
63
50
51
60
58
53
60
57
64
57
50
58
56
62
68
63
65
63
63
57
59
67
60
57
68
51
51
52
55
42
42
47
60
50
51
52
52
54
53
51
34
32
41
42
41
43
36
37
40
38
41
42
38
33
29
38
38
43
37
38
44
42
39
37
41
41
45
38
42
32
40
40
37
43
42
62
62
62
63
55
57
51
46
61
69
65
75
76
72
65
72
72
66
64
69
72
75
76
84
91
83
70
58
71
63
66
62
49
49
56
68
50
58
64
65
67
64
65
63
54
74
62
71
68
65
61
71
73
74
70
70
66
71
75
69
67
66
68
77
75
72
73
65
52
49
46
52
47
43
59
69
67
67
64
72
76
80
69
62
59
56
62
54
51
43
63
52
45
46
53
68
65
53
55
57
58
65
63
65
66
66
73
78
76
61
59
67
59
69
63
54
50
50
50
53
56
51
54
55
56
56
53
54
47
54
53
51
53
52
59
67
61
57
64
55
55
62
69
74
79
73
64
54
53
59
63
62
72
62
54
62
54
60
55
57
57
60
58
50
57
51
55
59
66
71
57
57
62
66
60
62
61
65
69
68
63
61
60
50
53
56
47
61
45
54
57
54
58
68
67
72
72
64
62
60
59
55
64
64
59
57
60
48
48
60
57
60
56
55
64
68
59
49
61
58
63
68
66
60
61
63
62
60
60
50
45
47
51
51
55
64
64
55
52
62
68
71
70
66
62
58
58
59
61
60
58
57
50
46
52
56
50
55
68
58
60
64
72
80
75
70
62
58
58
64
65
68
65
58
64
56
63
76
46
61
74
64
61
62
56
58
52
52
52
56
59
67
57
67
64
68
54
59
58
56
52
49
57
65
66
58
48
48
47
52
53
55
62
64
56
60
54
53
53
49
43
42
33
45
50
52
46
40
39
34
40
43
54
52
43
47
50
56
59
53
56
59
54
60
59
62
55
50
52
57
50
35
55
53
55
62
63
56
58
65
68
61
65
66
61
66
55
49
50
55
51
52
43
59
49
54
52
53
53
54
51
39
38
46
44
46
46
38
40
46
41
43
46
40
35
32
41
34
42
42
43
44
43
38
39
45
50
51
51
46
31
40
43
43
47
42
67
64
62
67
59
62
58
58
73
75
76
69
74
71
69
71
70
71
71
63
76
72
76
88
79
90
75
62
73
71
66
68
61
61
62
63
53
65
65
66
72
60
60
66
59
68
62
70
66
63
62
76
72
69
72
70
68
70
68
70
67
60
75
76
71
72
72
62
56
54
50
55
54
59
62
66
64
62
65
73
76
80
80
65
56
59
63
56
55
55
61
58
56
49
59
71
69
55
63
59
61
65
64
59
60
59
65
69
69
55
55
60
49
65
65
50
51
49
49
53
43
46
49
49
46
54
47
50
52
53
56
51
52
51
54
67
55
58
67
65
65
62
67
74
81
67
70
51
49
61
66
61
73
70
55
67
57
61
61
56
60
63
59
54
53
53
51
51
59
73
63
61
64
62
61
60
59
55
66
63
70
63
59
42
49
58
44
60
48
53
53
57
53
65
62
65
70
64
60
55
59
53
51
71
57
54
58
45
44
54
56
57
64
59
60
60
55
48
50
56
59
66
69
54
59
66
65
62
58
61
58
53
57
57
55
66
64
53
50
65
65
69
61
61
58
62
63
52
60
60
57
58
48
47
48
50
48
49
55
57
50
64
68
72
69
67
65
57
60
60
64
70
70
58
62
61
61
71
60
65
73
68
55
60
58
54
48
51
53
54
61
62
54
61
59
73
57
60
63
54
56
62
50
58
62
58
51
44
52
54
57
60
63
59
52
55
54
45
50
40
37
38
32
44
49
54
54
43
36
36
36
39
45
42
42
45
43
51
58
49
50
48
55
72
59
59
50
42
48
54
54
35
45
49
46
60
67
51
52
60
67
61
59
61
62
61
52
48
51
53
54
56
49
54
49
56
58
58
53
51
48
54
40
48
46
54
50
41
40
51
44
43
45
43
45
41
47
40
43
46
41
48
48
42
39
47
53
53
63
51
41
43
43
49
51
52
84
73
68
76
67
72
64
67
77
67
72
66
80
71
83
67
71
79
69
53
84
66
83
81
58
76
73
63
63
71
57
69
68
65
62
51
59
68
68
68
66
53
50
54
61
57
57
64
61
53
63
63
63
59
66
68
69
69
62
59
66
55
79
67
69
67
65
59
62
66
65
66
63
68
57
65
62
54
57
67
69
64
70
67
60
58
57
56
53
56
53
59
66
59
65
69
67
59
63
62
63
51
62
55
53
48
49
53
57
49
53
51
39
48
56
45
47
52
50
46
32
44
48
49
41
56
50
51
56
52
57
58
55
58
54
63
59
71
63
68
74
63
65
73
74
63
66
48
51
63
59
61
58
62
62
68
62
59
65
53
62
63
58
66
54
62
55
43
61
64
63
67
67
60
58
57
53
53
59
60
71
65
64
44
45
54
45
60
56
51
52
61
49
60
58
56
58
61
60
53
62
57
52
72
59
54
58
45
49
51
60
55
62
60
57
53
54
46
54
61
57
62
64
54
58
62
62
66
59
67
66
63
66
68
64
63
59
54
51
61
59
71
58
58
59
66
71
52
63
60
58
61
53
51
45
46
45
40
48
60
48
59
61
62
61
63
66
67
60
55
63
65
65
65
67
68
59
58
66
59
60
67
57
58
51
43
44
48
47
50
55
50
48
46
47
66
59
49
62
46
59
68
50
47
52
55
55
44
49
48
53
56
50
45
40
42
45
32
40
33
34
31
36
35
45
53
55
44
39
40
39
39
39
33
40
44
37
57
55
46
42
45
53
67
64
58
48
42
50
56
55
51
38
45
45
63
71
51
53
60
58
57
57
55
61
57
49
49
55
55
59
55
63
61
54
55
65
61
54
53
49
59
44
48
49
57
52
43
43
47
47
41
40
42
47
40
47
48
43
43
40
50
50
47
43
43
52
53
62
53
54
50
49
52
49
55
94
78
76
71
80
80
65
74
79
70
72
75
86
74
94
70
80
86
72
73
86
68
99
79
62
64
63
63
67
60
49
66
66
58
56
47
61
62
72
64
59
43
43
47
58
60
60
57
62
54
56
48
50
53
50
57
69
71
70
62
63
62
73
67
68
60
68
65
72
73
73
74
65
59
57
73
64
56
56
66
67
57
54
63
62
55
61
60
62
53
64
61
64
65
71
70
69
67
61
61
61
51
61
59
51
41
43
51
44
53
52
50
50
46
46
45
42
61
45
51
42
44
48
54
51
58
50
53
55
48
56
55
52
63
59
62
67
67
61
69
71
65
61
70
64
60
58
51
62
57
57
54
53
50
60
65
63
67
56
56
67
59
52
65
70
64
60
54
61
55
54
60
64
62
55
58
52
61
54
61
63
66
65
66
54
54
54
60
59
53
56
51
47
58
51
47
49
56
55
56
67
61
59
49
59
53
55
48
48
53
59
47
49
55
52
53
56
45
55
63
50
55
61
66
63
63
61
71
72
72
64
68
67
65
69
63
57
59
58
67
59
62
60
61
58
63
65
64
65
58
65
59
62
60
54
47
43
42
67
51
48
59
63
61
57
61
66
71
62
60
61
57
64
68
66
67
55
61
71
56
52
50
47
53
44
38
49
46
42
44
48
45
39
43
49
55
54
46
61
49
49
49
52
38
44
46
52
45
46
38
39
50
39
36
33
35
29
28
28
25
31
34
41
27
42
42
37
39
42
36
43
37
42
36
38
44
38
56
50
43
43
48
53
51
65
67
63
52
55
58
38
46
44
45
52
66
71
57
56
66
57
50
53
54
56
54
53
53
58
54
72
74
62
64
60
46
63
59
54
59
52
48
55
46
46
56
55
45
50
44
46
40
36
36
41
33
40
36
40
38
46
34
45
47
50
37
48
54
51
44
46
44
57
50
44
50
89
82
87
76
77
75
70
74
75
79
76
76
68
83
81
70
81
78
74
90
78
86
94
79
72
73
60
64
77
76
78
82
64
61
58
55
67
69
57
48
58
49
48
55
69
64
68
58
72
67
58
55
48
47
44
46
77
79
72
71
69
70
56
63
65
57
63
65
75
67
73
73
64
75
71
92
67
54
47
56
63
53
48
52
55
43
60
59
61
62
62
60
65
72
66
62
63
65
61
64
68
63
58
58
57
45
55
50
50
61
49
47
48
49
57
46
50
53
36
57
46
47
45
60
62
60
50
53
45
57
59
46
48
65
59
66
65
58
58
65
68
68
64
60
62
66
56
60
72
54
63
50
57
59
50
49
53
66
52
55
69
64
63
56
67
62
48
54
47
57
53
51
62
60
59
60
52
66
54
55
58
59
51
51
71
61
49
60
63
61
57
42
54
45
49
44
47
77
45
60
68
60
48
59
57
51
51
46
48
54
56
42
43
46
48
50
46
47
52
59
56
53
66
71
69
62
61
79
64
64
55
66
69
69
69
63
56
67
70
64
70
56
60
61
64
70
61
72
62
63
63
60
67
72
56
55
49
63
79
50
44
59
59
51
60
58
67
65
55
58
56
63
61
63
76
74
61
62
58
45
40
44
60
48
41
43
51
45
43
44
43
29
39
43
52
64
62
61
74
55
44
41
36
41
46
37
45
43
48
43
24
37
37
30
32
37
30
30
28
24
20
37
40
24
42
35
26
33
35
38
40
37
39
34
35
47
40
32
38
35
39
34
46
54
57
62
61
49
50
60
45
38
50
52
61
70
68
68
56
73
61
55
48
50
51
52
50
50
54
59
77
87
56
60
60
45
55
64
52
60
55
65
58
43
45
58
63
45
46
40
44
36
23
28
33
33
39
33
33
37
43
30
45
44
40
30
39
49
43
28
32
36
49
44
43
43
94
76
77
84
83
80
92
64
73
86
77
73
71
76
79
83
85
87
89
87
81
86
98
83
71
69
73
73
70
72
76
63
63
65
69
56
66
66
56
83
55
53
56
55
55
59
65
80
72
52
59
58
50
40
55
51
67
83
80
78
60
71
69
50
75
52
67
67
70
82
71
69
66
74
65
69
76
55
55
47
47
50
44
48
66
53
65
69
55
67
77
60
66
79
59
70
59
71
62
71
72
64
58
58
51
47
57
48
55
45
50
51
52
49
60
56
55
49
60
57
58
62
72
66
59
64
55
59
39
44
49
47
56
56
57
67
63
73
64
63
72
69
60
53
53
57
60
64
63
57
50
50
70
65
51
49
59
53
60
57
63
63
81
54
62
58
57
65
54
65
57
46
51
67
67
54
49
50
61
57
57
57
53
51
70
60
58
55
69
67
56
59
50
47
47
49
52
74
54
57
53
65
63
60
54
58
54
55
42
54
52
47
38
43
46
42
36
46
52
57
66
64
57
70
68
61
62
59
59
61
55
58
54
64
67
63
53
69
68
64
74
68
59
50
62
63
63
78
69
63
71
72
61
72
50
52
62
59
52
58
56
50
56
54
64
63
61
70
67
59
48
62
51
64
68
63
62
58
44
37
30
52
44
42
45
45
51
50
55
41
43
21
48
39
46
65
67
41
77
50
38
58
29
34
43
33
48
55
56
42
34
26
30
26
34
35
41
27
35
22
27
30
19
28
36
42
36
33
35
42
52
47
33
30
31
38
46
36
34
28
33
38
54
57
66
59
65
55
50
60
66
58
52
53
55
57
56
56
55
58
51
50
42
46
44
51
52
49
54
62
64
63
59
57
54
58
58
58
54
58
55
67
58
50
49
48
48
46
44
42
42
45
28
27
30
27
34
42
37
31
37
53
44
44
36
26
35
46
33
19
28
29
33
38
45
39
87
78
75
86
80
101
92
73
75
77
85
82
73
78
83
61
93
85
90
76
78
85
89
69
70
58
79
71
75
88
61
73
67
65
82
57
72
62
88
91
58
64
60
58
52
62
87
83
62
52
59
54
66
63
49
58
66
64
69
72
60
72
73
60
81
70
77
68
79
61
71
76
60
63
60
70
93
82
64
53
67
55
58
51
59
75
81
71
70
62
87
70
84
73
80
78
59
61
83
75
66
79
73
72
55
50
50
50
51
48
52
55
56
76
59
55
60
53
52
53
59
70
68
64
67
58
62
60
57
63
51
60
67
50
64
58
58
61
60
52
60
58
59
58
57
63
59
58
47
48
54
58
52
49
49
36
39
54
65
43
58
78
77
68
77
76
81
73
55
56
48
48
54
70
67
60
65
44
52
58
60
66
51
56
62
59
62
44
54
49
54
58
57
61
54
56
50
55
53
56
50
68
67
45
53
58
46
49
32
46
50
47
46
49
43
42
44
41
40
50
59
54
57
59
64
68
48
52
55
61
60
59
67
62
55
65
59
67
55
62
66
65
69
63
62
60
59
63
77
62
61
53
61
68
67
57
68
57
38
53
48
48
62
55
57
57
59
64
59
58
54
66
68
66
59
67
57
58
50
45
47
54
49
55
54
64
75
68
57
53
41
50
53
50
51
60
68
87
62
56
42
53
51
39
44
48
65
73
53
47
47
28
36
37
48
43
43
41
42
31
45
42
23
31
36
42
37
41
40
56
58
54
46
50
48
40
38
37
32
28
42
39
43
46
64
51
48
42
44
49
38
44
41
44
54
50
52
52
45
44
38
42
52
49
56
54
51
46
52
50
68
63
61
45
50
56
56
45
55
57
56
54
46
39
46
52
43
48
45
52
49
44
22
31
43
42
43
42
48
35
35
44
47
41
45
41
53
46
39
27
25
36
38
40
44
38
85
71
75
80
101
82
85
75
75
73
82
86
64
70
75
65
89
81
85
74
78
75
76
71
65
66
78
78
101
72
75
98
82
80
77
72
84
81
96
66
70
73
61
68
87
78
91
83
86
77
67
68
67
71
51
59
66
60
69
85
64
69
68
75
72
69
74
78
72
63
82
71
67
71
54
93
96
83
64
59
73
70
66
62
72
84
82
83
83
88
74
78
90
84
79
85
63
58
82
76
58
74
63
62
56
57
47
52
57
51
63
49
67
77
58
62
63
70
57
65
67
72
70
89
66
71
60
55
53
51
51
59
54
54
60
59
69
58
60
63
64
68
56
63
55
62
58
51
48
43
45
38
39
47
49
51
53
46
62
52
55
76
55
71
81
86
83
70
52
58
52
49
53
64
67
55
54
48
46
58
66
65
52
46
58
61
51
44
49
60
55
63
58
68
64
72
63
60
56
58
60
53
55
53
55
51
48
53
37
46
46
40
48
49
46
45
44
47
36
42
45
49
57
46
61
61
44
47
54
48
57
56
69
60
62
61
66
61
59
65
69
69
67
65
67
66
69
63
61
58
54
54
50
64
57
58
67
52
47
50
49
51
49
50
43
46
54
54
54
55
47
53
60
58
54
54
59
53
47
38
48
49
56
53
56
66
68
74
65
51
47
58
49
54
58
58
61
83
60
52
53
56
47
41
49
51
55
70
56
50
49
31
42
41
39
41
41
46
45
55
57
59
51
41
43
53
34
50
45
56
67
48
56
65
58
55
49
40
49
39
43
51
38
53
60
51
42
40
39
45
39
42
36
49
51
44
50
47
41
47
42
39
51
44
55
54
45
41
48
49
63
48
49
39
45
49
49
58
57
55
51
48
53
50
44
57
60
53
51
61
56
47
29
37
36
39
43
50
50
42
35
50
43
31
41
42
38
40
38
38
31
44
47
41
39
36
57
68
77
74
103
81
74
70
73
76
70
74
66
67
72
74
87
83
81
84
89
79
86
79
63
76
84
77
82
62
84
87
81
82
89
81
86
83
85
73
80
72
71
76
99
82
82
83
88
94
82
75
69
71
69
60
71
72
75
90
76
80
74
89
64
69
71
88
70
75
82
80
74
72
68
87
83
92
76
67
78
84
63
63
75
85
80
100
83
96
77
84
89
76
68
86
77
67
76
69
64
71
81
70
69
62
53
58
56
73
68
51
76
63
66
60
71
76
66
66
74
77
84
93
77
71
67
65
60
59
67
59
47
52
54
60
62
55
48
55
70
68
56
66
51
59
62
65
48
44
51
40
43
41
44
36
40
46
61
57
68
69
60
67
72
70
71
63
49
58
57
58
55
55
58
53
52
56
50
52
64
60
60
56
58
63
59
58
56
61
55
70
70
72
70
66
58
56
63
60
56
55
68
57
60
59
56
65
43
46
42
37
54
53
48
47
52
44
42
39
47
48
51
58
74
65
55
54
52
51
61
55
59
58
64
66
70
61
61
58
57
68
55
57
60
66
76
63
57
57
58
60
55
64
63
66
65
65
54
55
57
56
50
53
45
51
57
54
51
54
48
53
53
47
55
58
55
54
48
36
44
48
48
48
52
61
63
63
60
50
51
50
55
59
60
61
58
62
70
59
56
54
54
51
44
45
51
49
42
41
41
23
37
31
29
36
41
42
43
53
50
51
58
53
52
56
50
51
52
55
63
66
49
56
58
53
60
53
51
44
55
49
42
63
58
52
41
42
52
48
41
38
37
54
52
62
59
41
43
53
53
44
47
43
44
49
48
44
53
51
51
46
54
45
47
40
49
57
53
51
43
50
48
46
51
50
60
64
57
58
67
49
45
53
40
40
43
52
52
43
44
52
49
46
41
42
42
47
41
43
47
50
46
43
40
39
54
73
80
80
87
72
75
72
65
65
61
61
69
71
66
76
87
87
88
82
91
85
91
89
92
78
84
79
73
69
74
74
68
81
89
85
80
81
77
72
90
76
71
78
94
71
75
82
85
89
98
79
71
73
67
69
71
79
77
83
86
79
78
85
57
76
81
82
73
80
84
82
78
79
79
72
63
79
71
77
78
81
64
62
79
76
85
82
79
92
76
78
92
74
66
81
86
76
67
60
68
74
97
79
79
61
67
70
62
77
67
65
70
64
70
65
77
65
74
73
75
84
91
82
76
68
72
72
61
64
76
54
45
49
52
59
59
58
58
63
68
62
55
57
55
55
66
63
52
54
49
46
49
49
56
30
30
43
42
49
73
61
70
67
67
59
74
67
69
49
59
60
51
44
56
52
47
54
53
57
68
61
58
73
76
61
63
75
55
66
61
73
71
69
72
63
59
53
67
66
59
65
64
58
63
73
64
57
46
47
43
44
57
61
40
47
51
47
48
44
52
46
47
59
67
67
67
57
53
51
64
59
60
60
59
67
80
63
54
50
49
66
50
50
56
56
64
68
62
47
58
65
59
66
69
62
57
58
56
62
55
60
54
59
55
51
53
49
55
58
68
57
54
42
54
59
69
62
47
40
44
45
42
36
41
46
51
57
62
46
51
52
61
62
59
60
56
57
61
57
57
56
57
58
45
42
45
37
46
43
40
29
33
26
27
30
35
42
39
44
41
36
52
54
57
50
58
54
47
45
47
63
58
49
57
47
56
57
47
43
56
47
49
58
53
48
42
44
58
54
45
49
47
55
60
67
63
44
50
54
56
50
44
49
43
44
59
44
49
44
47
51
55
50
47
45
55
55
45
43
39
48
39
40
47
53
51
58
59
58
62
54
59
59
52
44
50
53
54
48
49
48
59
58
45
41
42
45
42
45
51
50
44
44
41
34
66
74
78
75
75
62
64
67
60
54
57
59
65
62
61
74
74
81
86
80
80
82
83
86
91
84
80
75
73
76
77
69
69
84
89
86
73
84
77
78
85
74
69
71
78
69
83
82
75
92
102
75
74
79
67
75
67
77
80
85
97
75
75
71
64
88
86
74
69
86
85
82
81
87
75
62
60
65
69
77
70
74
65
66
75
64
81
73
82
77
76
76
88
69
61
74
82
76
71
60
78
74
90
82
81
63
72
79
69
77
74
73
68
65
73
70
64
56
67
77
75
75
81
71
71
64
68
69
64
71
76
58
53
55
52
61
70
62
60
76
70
60
56
55
59
59
60
58
62
58
54
55
51
52
64
39
37
37
37
49
69
65
61
57
67
57
68
67
73
58
60
58
53
50
58
53
51
55
55
59
78
66
63
77
78
66
58
78
63
66
58
70
68
73
73
62
62
60
72
67
56
71
51
66
67
64
59
53
48
54
51
55
56
64
44
47
52
55
51
51
58
46
50
59
62
68
60
58
55
51
58
60
62
71
57
71
73
64
53
45
40
53
53
47
52
54
55
73
64
48
53
61
51
62
65
62
55
59
65
61
51
58
57
61
61
53
49
52
61
61
69
56
66
39
48
52
63
62
40
39
42
36
35
31
35
39
35
55
53
44
49
56
49
59
59
56
54
56
52
51
54
57
54
57
50
36
46
36
50
46
44
42
36
33
26
25
25
37
35
37
38
30
41
41
52
46
52
53
49
45
43
53
61
50
50
51
58
57
52
43
52
43
45
53
50
50
43
46
51
52
52
49
52
56
61
62
66
49
57
55
53
50
49
54
55
43
56
50
44
39
46
56
49
49
48
52
54
52
42
41
33
47
41
36
43
53
44
47
51
52
52
54
61
60
58
46
50
49
49
55
49
44
57
57
45
40
35
36
35
39
46
48
40
48
43
33
71
69
71
61
70
60
56
65
58
50
50
60
63
53
55
67
63
71
78
73
71
75
72
71
75
90
81
73
65
73
93
67
78
80
86
78
71
84
83
77
74
71
66
68
68
74
83
77
66
97
94
70
77
74
73
72
66
76
85
85
91
76
72
76
78
93
79
68
67
82
84
76
79
86
64
61
67
61
75
71
64
68
60
64
69
61
67
74
83
62
67
68
77
63
58
68
73
75
74
62
79
71
82
80
70
66
69
75
72
73
78
68
67
64
67
71
63
55
69
68
78
67
81
86
68
63
62
68
74
71
66
64
62
61
57
64
78
66
60
72
67
66
56
57
56
64
50
54
62
58
64
63
52
47
60
52
46
37
49
55
58
77
52
56
61
58
62
65
63
62
51
53
55
65
53
50
59
63
58
59
78
71
77
70
69
77
66
71
70
65
60
75
68
81
80
68
62
68
76
66
68
70
47
77
67
53
51
59
48
55
64
59
56
58
57
51
60
63
55
59
60
54
55
64
67
68
55
57
54
53
52
57
61
74
57
69
61
66
53
41
40
46
52
48
49
57
52
68
58
49
48
51
46
53
58
62
55
62
61
58
51
54
59
67
60
56
49
61
57
57
55
55
68
47
41
48
56
59
38
35
38
34
30
30
34
38
28
46
46
42
46
59
44
54
60
59
59
52
49
48
50
55
53
54
55
41
58
43
48
46
51
52
41
39
32
35
29
29
39
35
35
31
39
35
41
43
43
48
52
47
45
47
55
49
44
50
59
56
54
45
48
43
47
55
52
47
42
46
48
51
58
41
52
56
54
59
67
52
55
56
56
51
50
52
57
45
48
53
46
48
46
52
46
48
51
55
52
50
46
44
39
44
41
35
45
47
47
46
40
43
47
48
52
58
54
47
44
48
47
53
47
43
51
54
46
41
37
41
39
35
41
44
41
50
47
42
70
66
70
62
61
56
53
66
53
51
44
60
65
53
59
59
65
69
73
61
66
71
67
60
72
82
76
78
60
69
88
65
80
72
77
71
71
81
83
62
69
71
66
69
71
77
67
64
64
88
84
70
74
65
78
66
74
80
89
76
74
81
76
91
77
78
72
68
73
73
87
63
73
73
58
66
64
65
79
68
64
64
56
56
61
63
59
67
82
62
56
55
66
60
61
60
68
73
69
58
66
71
83
74
58
68
70
68
70
69
75
62
59
64
60
73
80
59
81
60
76
73
90
107
67
68
59
67
79
67
58
62
66
66
66
64
72
71
70
66
64
69
62
58
57
69
50
53
59
64
67
65
56
46
58
61
52
49
56
51
47
76
51
62
53
56
59
65
55
60
48
50
54
68
49
49
66
69
59
65
68
72
83
68
68
81
78
71
67
67
69
81
69
85
82
78
64
70
78
68
85
72
59
78
65
59
52
60
47
55
71
57
64
57
65
58
65
67
67
65
55
59
56
70
68
67
59
58
50
53
54
58
59
67
58
64
54
69
50
41
46
50
48
57
52
58
53
60
55
48
45
53
50
49
51
57
50
51
52
60
53
55
55
76
54
55
52
62
52
57
55
59
54
54
44
50
66
60
42
34
45
41
31
34
39
40
36
39
48
43
49
64
55
50
57
60
63
52
50
46
47
55
59
53
58
49
64
53
51
50
55
55
47
41
44
49
44
28
43
38
34
36
39
38
36
39
41
44
45
41
39
46
48
43
44
43
52
54
48
45
46
49
55
59
51
38
38
41
55
50
56
48
54
54
50
58
59
55
51
55
58
53
47
48
51
49
50
51
55
57
54
45
48
51
55
53
58
50
50
48
52
42
41
42
46
40
51
49
37
41
47
45
46
49
49
45
44
47
49
46
41
44
48
54
51
48
50
52
49
43
40
46
48
53
50
52
69
64
74
75
53
49
46
55
46
53
45
60
59
53
73
54
67
74
72
58
59
68
64
59
63
62
59
73
67
69
56
59
78
69
73
72
65
80
72
58
67
65
67
67
74
70
56
52
62
75
75
66
71
73
71
61
79
80
85
72
71
86
79
87
58
58
69
71
74
75
82
57
69
58
62
64
54
72
77
70
70
63
61
65
47
60
65
62
82
69
62
53
57
59
61
51
66
64
65
57
62
70
80
65
61
70
75
70
63
72
73
63
58
66
67
80
81
64
73
67
66
80
80
90
66
75
58
57
66
67
63
58
64
76
73
62
64
76
75
78
75
66
78
65
62
73
61
59
70
66
60
59
61
53
68
65
61
56
50
45
48
61
42
54
49
52
48
61
50
67
61
51
60
59
55
61
67
66
61
66
63
66
74
70
67
70
71
78
65
67
68
70
66
84
73
81
74
68
80
74
81
78
79
68
69
67
62
58
51
61
66
57
67
64
67
62
59
64
80
61
54
54
61
76
65
62
61
65
48
53
58
61
54
59
59
64
50
69
53
47
52
52
48
71
61
59
63
58
58
56
45
60
52
48
46
51
46
42
61
59
54
62
49
73
50
59
53
54
60
66
66
64
52
45
58
55
70
64
45
43
64
48
38
48
56
53
49
48
48
49
54
68
60
46
51
49
57
59
55
49
50
60
67
49
55
42
52
61
58
55
58
55
55
51
50
45
48
41
39
40
42
42
30
38
35
36
44
47
41
37
34
50
42
38
47
44
45
51
47
41
43
53
52
55
42
34
32
38
53
42
51
63
56
55
52
56
48
59
53
50
49
48
49
52
57
51
54
54
60
55
64
48
46
51
55
51
62
52
53
52
52
43
50
53
45
38
48
47
41
43
46
52
48
41
49
40
47
43
49
44
38
46
47
55
52
54
58
45
42
54
45
57
55
59
55
54
64
46
60
62
55
63
54
56
47
54
47
58
45
49
61
52
61
72
79
60
57
60
58
53
50
54
61
57
58
57
55
58
72
62
78
65
52
61
62
59
59
56
60
68
66
46
53
60
55
73
71
57
78
86
56
56
71
67
64
71
66
81
68
81
62
70
69
62
77
76
57
66
64
51
67
53
66
71
68
80
86
60
71
93
45
66
72
67
73
53
58
58
51
52
52
50
59
62
60
70
70
64
71
72
69
62
68
68
55
70
70
65
67
67
76
80
74
61
57
78
67
72
72
64
62
76
61
59
58
59
57
54
54
74
75
61
60
72
76
74
66
69
79
71
61
61
58
59
70
55
54
56
59
50
74
69
63
34
41
54
47
56
47
52
45
46
50
56
62
55
55
57
63
61
62
64
53
56
57
57
63
58
56
54
51
60
61
68
60
62
58
61
67
81
72
77
69
61
75
79
80
68
75
69
65
66
66
71
62
55
59
58
46
57
66
66
53
65
71
54
59
60
57
72
70
58
72
70
55
54
60
54
54
51
63
63
59
69
60
49
67
62
48
65
68
63
70
56
56
62
51
52
47
45
43
48
52
51
58
54
61
64
57
61
55
64
57
53
64
60
61
63
66
49
60
60
64
64
49
62
73
59
56
61
71
64
60
54
57
48
49
66
65
50
50
52
57
62
62
56
64
66
66
52
61
45
49
69
62
59
65
60
58
61
45
45
46
58
51
46
48
43
35
47
39
43
50
49
48
46
45
52
42
34
45
47
40
46
49
34
34
42
50
51
32
31
41
49
45
49
49
50
59
53
51
59
54
56
48
40
44
45
47
53
57
47
48
58
54
56
54
51
49
45
50
52
59
54
54
52
51
37
48
45
49
50
49
46
47
45
45
59
47
41
51
44
46
50
58
44
38
41
51
53
48
51
58
39
41
47
48
50
64
59
62
61
49
42
40
35
46
38
43
38
43
52
38
49
51
49
54
55
53
57
46
54
70
61
52
34
42
49
55
50
58
46
49
64
59
64
75
74
54
53
55
58
58
61
57
65
49
52
50
71
69
71
78
69
75
78
73
62
80
63
65
64
70
70
55
62
70
79
64
72
88
81
65
72
74
68
61
59
54
55
78
94
71
62
62
83
77
77
81
77
73
83
74
63
50
48
42
50
56
66
64
68
51
53
53
71
63
69
55
50
63
70
74
70
64
58
77
80
84
69
65
67
73
78
79
73
62
64
63
65
63
67
58
46
54
65
52
57
53
64
71
60
57
63
65
69
61
57
47
51
64
61
49
58
67
65
64
61
63
54
63
76
63
54
57
47
53
56
54
56
62
44
46
51
47
43
60
49
45
53
43
38
43
47
45
49
56
46
51
51
41
50
52
57
80
83
60
60
60
59
67
74
62
58
72
66
59
67
60
60
81
57
54
61
57
55
60
56
47
52
60
63
55
59
45
62
53
53
55
63
63
53
55
54
54
57
69
68
67
70
70
63
67
77
72
56
73
67
72
53
50
60
53
61
46
44
41
51
63
54
62
64
68
70
63
69
62
59
56
61
64
57
67
67
58
70
51
57
60
70
60
56
64
64
66
70
67
69
55
58
68
55
55
64
68
66
54
54
59
41
53
58
63
62
74
66
73
60
56
80
77
61
58
64
63
52
51
61
59
51
61
52
52
46
42
60
57
57
62
46
48
52
54
45
55
41
40
43
41
39
41
49
34
46
55
53
38
34
33
42
49
57
45
53
49
39
33
48
56
50
51
48
45
44
37
60
63
50
42
52
53
51
47
37
60
55
43
40
41
56
54
39
50
46
43
47
53
47
45
42
46
47
56
71
53
58
51
50
52
46
63
48
36
39
46
48
49
59
55
45
45
35
46
37
62
58
63
60
